0.0000000000e+00 0.0000000000e+00 1.1052700000e+05 1.0096036667e+05 7.1400000000e+02 1.6000000000e+01
0.0000000000e+00 1.0000000000e+00 7.6437000000e+04 6.9397273333e+04 5.1200000000e+02 1.1000000000e+01
0.0000000000e+00 2.0000000000e+00 8.3971000000e+04 7.5743445000e+04 5.7100000000e+02 1.2000000000e+01
1.0000000000e+00 3.0000000000e+00 9.0430000000e+04 8.1935853333e+04 6.1800000000e+02 1.3000000000e+01
1.0000000000e+00 4.0000000000e+00 1.1311300000e+05 1.0724296833e+05 6.2100000000e+02 1.7000000000e+01
1.0000000000e+00 5.0000000000e+00 9.7119000000e+04 8.8377530000e+04 5.9500000000e+02 1.4000000000e+01
1.0000000000e+00 6.0000000000e+00 9.1614000000e+04 8.1968068333e+04 6.0300000000e+02 1.3000000000e+01
1.0000000000e+00 7.0000000000e+00 8.6662000000e+04 7.5723733333e+04 6.1400000000e+02 1.2000000000e+01
1.0000000000e+00 8.0000000000e+00 1.9524600000e+05 1.7669091833e+05 1.3370000000e+03 2.8000000000e+01
1.0000000000e+00 9.0000000000e+00 1.1533000000e+05 1.0105845167e+05 8.1800000000e+02 1.6000000000e+01
1.0000000000e+00 1.0000000000e+01 1.4632600000e+05 1.3886956500e+05 8.1600000000e+02 2.2000000000e+01
1.0000000000e+00 1.1000000000e+01 9.2503000000e+04 8.1977743333e+04 6.7700000000e+02 1.3000000000e+01
1.0000000000e+00 1.2000000000e+01 1.1990600000e+05 1.1373495667e+05 6.8700000000e+02 1.8000000000e+01
1.0000000000e+00 1.3000000000e+01 9.6363000000e+04 8.8518891667e+04 6.0700000000e+02 1.4000000000e+01
1.0000000000e+00 1.4000000000e+01 8.0777000000e+04 7.5903081667e+04 4.7700000000e+02 1.2000000000e+01
1.0000000000e+00 1.5000000000e+01 8.9760000000e+04 8.2039400000e+04 5.9700000000e+02 1.3000000000e+01
1.0000000000e+00 1.6000000000e+01 9.0379000000e+04 8.2504741667e+04 6.1200000000e+02 1.3000000000e+01
1.0000000000e+00 1.7000000000e+01 8.9634000000e+04 8.2137283333e+04 5.9800000000e+02 1.3000000000e+01
