0.0000000000e+00 0.0000000000e+00 6.7220000000e+03 6.3605700000e+03 3.8000000000e+01 4.0000000000e+00
0.0000000000e+00 1.0000000000e+00 8.3150000000e+03 7.9353600000e+03 4.2000000000e+01 5.0000000000e+00
0.0000000000e+00 2.0000000000e+00 5.0420000000e+03 4.7648700000e+03 2.8000000000e+01 3.0000000000e+00
0.0000000000e+00 3.0000000000e+00 3.3170000000e+03 3.1772100000e+03 1.7000000000e+01 2.0000000000e+00
0.0000000000e+00 4.0000000000e+00 9.9650000000e+03 9.5235200000e+03 5.2000000000e+01 6.0000000000e+00
0.0000000000e+00 5.0000000000e+00 1.0025000000e+04 9.5251600000e+03 5.4000000000e+01 6.0000000000e+00
0.0000000000e+00 6.0000000000e+00 8.4490000000e+03 7.9618300000e+03 4.9000000000e+01 5.0000000000e+00
0.0000000000e+00 7.0000000000e+00 6.7800000000e+03 6.3613300000e+03 4.4000000000e+01 4.0000000000e+00
0.0000000000e+00 8.0000000000e+00 1.5023000000e+04 1.4289670000e+04 7.3000000000e+01 9.0000000000e+00
0.0000000000e+00 9.0000000000e+00 3.3070000000e+03 3.1740800000e+03 1.7000000000e+01 2.0000000000e+00
0.0000000000e+00 1.0000000000e+01 6.7540000000e+03 6.3673900000e+03 3.8000000000e+01 4.0000000000e+00
