1.0000000000e+00 0.0000000000e+00 1.3811000000e+04 1.2672000000e+04 8.2000000000e+01 8.0000000000e+00 1.3220000000e+03 4.8652712358e+01 1.4970000000e+03 2.2160748305e+01 1.5000000000e+01 1.1000000000e+01
2.0000000000e+00 1.0000000000e+00 1.3992000000e+04 1.2699580000e+04 8.8000000000e+01 8.0000000000e+00 1.2780000000e+03 1.1139656818e+01 1.1630000000e+03 4.7950285558e+01 1.1000000000e+01 1.8000000000e+01
5.0000000000e+00 2.0000000000e+00 1.2128000000e+04 1.1116360000e+04 5.6000000000e+01 7.0000000000e+00 1.0220000000e+03 3.7669375070e+01 1.3240000000e+03 3.3447108857e+01 1.0000000000e+01 1.1000000000e+01
7.0000000000e+00 3.0000000000e+00 8.6030000000e+03 7.9265600000e+03 4.8000000000e+01 5.0000000000e+00 9.5200000000e+02 1.4684627945e+01 5.2500000000e+02 7.4032770202e+00 1.4000000000e+01 1.1000000000e+01
7.0000000000e+00 4.0000000000e+00 2.4582000000e+04 2.2182880000e+04 1.4400000000e+02 1.4000000000e+01 7.6000000000e+02 2.5690601258e+01 5.4600000000e+02 3.1050376393e+01 1.5000000000e+01 2.3000000000e+01
8.0000000000e+00 5.0000000000e+00 8.5900000000e+03 7.9319000000e+03 3.9000000000e+01 5.0000000000e+00 1.3770000000e+03 3.1203913385e+00 6.1200000000e+02 1.0658576976e+01 1.1000000000e+01 1.4000000000e+01
1.1000000000e+01 6.0000000000e+00 1.3852000000e+04 1.2685710000e+04 8.2000000000e+01 8.0000000000e+00 5.2600000000e+02 3.1875723182e+01 5.1000000000e+02 1.1081627549e+01 1.5000000000e+01 1.1000000000e+01
1.1000000000e+01 7.0000000000e+00 6.8780000000e+03 6.3463900000e+03 3.8000000000e+01 4.0000000000e+00 1.0340000000e+03 3.6699657558e+01 1.5730000000e+03 4.6181486872e+01 7.0000000000e+00 1.1000000000e+01
1.3000000000e+01 8.0000000000e+00 8.7020000000e+03 7.9385400000e+03 4.9000000000e+01 5.0000000000e+00 6.9600000000e+02 3.1094948679e+01 1.0260000000e+03 2.6331223544e+01 1.1000000000e+01 1.1000000000e+01
1.3000000000e+01 9.0000000000e+00 1.0314000000e+04 9.4824600000e+03 5.1000000000e+01 6.0000000000e+00 1.3010000000e+03 3.9582319285e+01 1.0380000000e+03 3.9393654311e+01 1.1000000000e+01 1.5000000000e+01
1.5000000000e+01 1.0000000000e+01 6.9980000000e+03 6.3399900000e+03 4.5000000000e+01 4.0000000000e+00 1.1270000000e+03 3.9917813294e+01 6.7100000000e+02 2.8257742302e+01 7.0000000000e+00 7.0000000000e+00
1.8000000000e+01 1.1000000000e+01 6.9200000000e+03 6.3292600000e+03 3.5000000000e+01 4.0000000000e+00 1.2910000000e+03 3.0283950321e+01 8.9900000000e+02 3.0928760649e+01 7.0000000000e+00 7.0000000000e+00
1.9000000000e+01 1.2000000000e+01 1.0381000000e+04 9.5242600000e+03 5.1000000000e+01 6.0000000000e+00 1.1500000000e+03 1.6823792676e+01 8.0000000000e+02 3.7483596412e+01 1.1000000000e+01 1.9000000000e+01
1.9000000000e+01 1.3000000000e+01 6.8000000000e+03 6.3292900000e+03 3.4000000000e+01 4.0000000000e+00 9.6600000000e+02 2.5619003363e+01 9.1600000000e+02 3.1684046267e+01 1.1000000000e+01 7.0000000000e+00
1.9000000000e+01 1.4000000000e+01 2.5459000000e+04 2.2209920000e+04 1.6600000000e+02 1.4000000000e+01 1.3010000000e+03 3.0960874625e+01 1.4450000000e+03 3.8756817582e+01 2.3000000000e+01 1.5000000000e+01
2.0000000000e+01 1.5000000000e+01 1.0455000000e+04 9.5208200000e+03 6.3000000000e+01 6.0000000000e+00 5.5400000000e+02 2.8871238060e+01 7.4900000000e+02 3.8781646807e+01 1.1000000000e+01 1.9000000000e+01
2.3000000000e+01 1.6000000000e+01 1.2131000000e+04 1.1074250000e+04 6.7000000000e+01 7.0000000000e+00 8.6400000000e+02 3.3413388716e+01 8.4600000000e+02 1.0464948711e+01 1.5000000000e+01 1.1000000000e+01
2.4000000000e+01 1.7000000000e+01 1.3713000000e+04 1.2665920000e+04 7.2000000000e+01 8.0000000000e+00 1.1860000000e+03 4.0650520153e+01 5.4100000000e+02 1.9714511707e+01 1.5000000000e+01 1.9000000000e+01
2.5000000000e+01 1.8000000000e+01 1.0501000000e+04 9.4756200000e+03 5.9000000000e+01 6.0000000000e+00 1.0190000000e+03 2.8710505106e+01 6.9000000000e+02 1.7853329642e+01 1.5000000000e+01 1.1000000000e+01
2.6000000000e+01 1.9000000000e+01 1.2237000000e+04 1.1100600000e+04 7.0000000000e+01 7.0000000000e+00 1.0590000000e+03 6.7919389560e+00 3.5900000000e+02 2.6767923699e+01 1.4000000000e+01 1.1000000000e+01
2.8000000000e+01 2.0000000000e+01 1.2409000000e+04 1.1108770000e+04 7.1000000000e+01 7.0000000000e+00 9.0500000000e+02 2.9413553727e+01 1.1400000000e+03 1.8246721819e+01 1.1000000000e+01 1.1000000000e+01
2.8000000000e+01 2.1000000000e+01 2.2612000000e+04 2.0616050000e+04 1.2400000000e+02 1.3000000000e+01 9.0700000000e+02 2.1335492777e+01 1.1600000000e+03 4.4176843436e+01 1.5000000000e+01 2.1000000000e+01
2.8000000000e+01 2.2000000000e+01 7.0820000000e+03 6.3631600000e+03 4.3000000000e+01 4.0000000000e+00 8.0700000000e+02 2.7807159064e+01 1.1910000000e+03 3.3751895890e+01 7.0000000000e+00 7.0000000000e+00
2.9000000000e+01 2.3000000000e+01 6.9030000000e+03 6.3437900000e+03 3.5000000000e+01 4.0000000000e+00 8.8500000000e+02 3.4722005228e+01 1.2730000000e+03 4.5059111503e+01 1.1000000000e+01 1.1000000000e+01
2.9000000000e+01 2.4000000000e+01 1.2145000000e+04 1.1088320000e+04 7.0000000000e+01 7.0000000000e+00 8.6600000000e+02 2.4869514543e+01 1.4190000000e+03 2.7296546472e+01 1.5000000000e+01 7.0000000000e+00
3.0000000000e+01 2.5000000000e+01 8.6280000000e+03 7.9139700000e+03 4.4000000000e+01 5.0000000000e+00 1.1520000000e+03 3.3045423284e+01 5.7100000000e+02 1.6019610076e+01 1.5000000000e+01 1.5000000000e+01
3.0000000000e+01 2.6000000000e+01 6.8660000000e+03 6.3405500000e+03 3.9000000000e+01 4.0000000000e+00 9.7900000000e+02 1.7831078723e+01 1.6220000000e+03 3.4624299347e+01 9.0000000000e+00 7.0000000000e+00
3.0000000000e+01 2.7000000000e+01 2.2691000000e+04 2.0609330000e+04 1.3000000000e+02 1.3000000000e+01 9.7800000000e+02 3.2233522923e+01 1.6390000000e+03 1.2972839845e+01 1.9000000000e+01 1.5000000000e+01
3.2000000000e+01 2.8000000000e+01 1.7394000000e+04 1.5869150000e+04 9.8000000000e+01 1.0000000000e+01 1.1700000000e+03 2.8424796783e+01 1.1850000000e+03 4.6602951103e+01 1.5000000000e+01 1.9000000000e+01
3.6000000000e+01 2.9000000000e+01 1.0355000000e+04 9.4871200000e+03 5.3000000000e+01 6.0000000000e+00 1.2910000000e+03 2.5493211766e+01 5.8900000000e+02 3.3479327720e+01 7.0000000000e+00 1.1000000000e+01
3.6000000000e+01 3.0000000000e+01 1.0508000000e+04 9.5252200000e+03 5.8000000000e+01 6.0000000000e+00 9.4400000000e+02 1.7592362777e+01 7.0000000000e+02 5.3688510320e+00 1.4000000000e+01 7.0000000000e+00
3.6000000000e+01 3.1000000000e+01 1.5782000000e+04 1.4270280000e+04 9.4000000000e+01 9.0000000000e+00 9.1000000000e+02 3.3621389761e+01 1.3490000000e+03 4.7059102624e+01 1.5000000000e+01 1.1000000000e+01
3.6000000000e+01 3.2000000000e+01 1.0281000000e+04 9.5053500000e+03 5.4000000000e+01 6.0000000000e+00 1.1730000000e+03 3.4097529374e+01 1.6760000000e+03 5.0380064940e+01 1.1000000000e+01 1.1000000000e+01
4.1000000000e+01 3.3000000000e+01 8.6000000000e+03 7.9201600000e+03 4.4000000000e+01 5.0000000000e+00 1.3320000000e+03 4.2502804285e+01 1.0400000000e+03 1.0378869410e+01 1.1000000000e+01 1.1000000000e+01
4.2000000000e+01 3.4000000000e+01 1.2220000000e+04 1.1102960000e+04 7.3000000000e+01 7.0000000000e+00 6.7200000000e+02 3.1258776545e+01 1.3230000000e+03 3.9449686663e+01 1.0000000000e+01 1.4000000000e+01
4.4000000000e+01 3.5000000000e+01 6.8140000000e+03 6.3332200000e+03 3.5000000000e+01 4.0000000000e+00 7.3100000000e+02 3.0840195315e+01 9.4500000000e+02 1.8490060923e+01 7.0000000000e+00 1.0000000000e+01
4.5000000000e+01 3.6000000000e+01 1.2167000000e+04 1.1102320000e+04 7.3000000000e+01 7.0000000000e+00 1.0500000000e+03 2.8906938806e+01 3.9700000000e+02 9.0691785736e+00 1.5000000000e+01 1.5000000000e+01
4.5000000000e+01 3.7000000000e+01 2.6705000000e+04 2.3793160000e+04 1.6800000000e+02 1.5000000000e+01 1.0850000000e+03 1.5207349311e+01 6.8200000000e+02 3.1757973208e+01 1.1000000000e+01 2.7000000000e+01
4.5000000000e+01 3.8000000000e+01 2.6862000000e+04 2.3784320000e+04 1.6000000000e+02 1.5000000000e+01 6.2900000000e+02 3.6040595560e+01 7.4400000000e+02 2.4087367184e+01 2.6000000000e+01 1.5000000000e+01
4.8000000000e+01 3.9000000000e+01 7.1430000000e+03 6.3168300000e+03 4.2000000000e+01 4.0000000000e+00 1.5150000000e+03 3.9455748600e+01 9.0900000000e+02 3.3391615714e+01 7.0000000000e+00 1.1000000000e+01
4.8000000000e+01 4.0000000000e+01 6.9240000000e+03 6.3408500000e+03 4.1000000000e+01 4.0000000000e+00 1.7630000000e+03 2.8534628086e+01 9.0900000000e+02 2.4335673403e+01 1.5000000000e+01 3.0000000000e+00
4.8000000000e+01 4.1000000000e+01 8.6950000000e+03 7.9307600000e+03 5.7000000000e+01 5.0000000000e+00 1.4880000000e+03 4.2631309755e+01 9.7200000000e+02 4.0075820997e+01 1.1000000000e+01 1.1000000000e+01
4.8000000000e+01 4.2000000000e+01 1.5885000000e+04 1.4290070000e+04 9.8000000000e+01 9.0000000000e+00 1.0950000000e+03 1.6854746341e+01 1.4660000000e+03 5.0999191423e+01 1.5000000000e+01 1.9000000000e+01
4.9000000000e+01 4.3000000000e+01 8.6910000000e+03 7.9345000000e+03 5.1000000000e+01 5.0000000000e+00 1.0350000000e+03 1.3049137903e+01 1.2060000000e+03 3.6870042040e+01 7.0000000000e+00 1.1000000000e+01
5.1000000000e+01 4.4000000000e+01 1.7374000000e+04 1.5873870000e+04 9.4000000000e+01 1.0000000000e+01 8.7300000000e+02 3.5113334170e+01 1.3610000000e+03 5.0552963816e+01 1.9000000000e+01 1.1000000000e+01
5.5000000000e+01 4.5000000000e+01 8.6180000000e+03 7.9631800000e+03 4.5000000000e+01 5.0000000000e+00 1.5070000000e+03 4.0283089166e+00 1.0390000000e+03 4.4607887603e+01 1.5000000000e+01 7.0000000000e+00
5.6000000000e+01 4.6000000000e+01 1.9297000000e+04 1.7415230000e+04 1.1500000000e+02 1.1000000000e+01 7.1500000000e+02 2.9387907765e+01 8.6600000000e+02 1.8794129356e+01 1.5000000000e+01 1.9000000000e+01
5.6000000000e+01 4.7000000000e+01 1.0483000000e+04 9.5199900000e+03 6.1000000000e+01 6.0000000000e+00 7.0600000000e+02 1.7702636339e+01 8.9800000000e+02 2.9101546351e+01 1.1000000000e+01 1.1000000000e+01
5.7000000000e+01 4.8000000000e+01 6.9240000000e+03 6.3406300000e+03 3.8000000000e+01 4.0000000000e+00 1.2080000000e+03 3.9646410151e+01 4.0800000000e+02 1.6572526924e+01 7.0000000000e+00 1.0000000000e+01
5.8000000000e+01 4.9000000000e+01 1.2491000000e+04 1.1091350000e+04 7.9000000000e+01 7.0000000000e+00 1.1690000000e+03 4.1097133221e+01 1.1690000000e+03 4.2531737773e+01 1.1000000000e+01 1.1000000000e+01
5.8000000000e+01 5.0000000000e+01 7.0600000000e+03 6.3338700000e+03 4.6000000000e+01 4.0000000000e+00 1.0260000000e+03 4.2861015698e+01 1.4700000000e+03 4.1280073213e+01 1.1000000000e+01 7.0000000000e+00
5.9000000000e+01 5.1000000000e+01 1.0493000000e+04 9.5088000000e+03 5.5000000000e+01 6.0000000000e+00 1.1360000000e+03 3.8088104491e+01 6.5200000000e+02 1.3603512618e+01 1.5000000000e+01 1.5000000000e+01
6.1000000000e+01 5.2000000000e+01 7.0530000000e+03 6.3571500000e+03 4.1000000000e+01 4.0000000000e+00 1.0710000000e+03 3.1131977130e+01 7.9900000000e+02 2.1071900721e+01 7.0000000000e+00 7.0000000000e+00
6.1000000000e+01 5.3000000000e+01 1.2058000000e+04 1.1089970000e+04 6.0000000000e+01 7.0000000000e+00 1.0950000000e+03 3.5781824759e+01 8.0300000000e+02 3.3883649374e+01 1.5000000000e+01 7.0000000000e+00
6.1000000000e+01 5.4000000000e+01 1.0603000000e+04 9.4986800000e+03 6.4000000000e+01 6.0000000000e+00 1.0850000000e+03 2.9546842014e+00 8.2000000000e+02 3.7417634413e+01 1.1000000000e+01 1.5000000000e+01
6.3000000000e+01 5.5000000000e+01 8.5270000000e+03 7.9229100000e+03 4.1000000000e+01 5.0000000000e+00 7.8200000000e+02 3.9260348954e+01 6.1300000000e+02 3.0659419434e+00 1.5000000000e+01 1.1000000000e+01
6.6000000000e+01 5.6000000000e+01 8.7120000000e+03 7.9291700000e+03 4.7000000000e+01 5.0000000000e+00 9.5600000000e+02 1.9704887939e+01 5.6500000000e+02 2.7328914454e+01 1.5000000000e+01 1.1000000000e+01
6.6000000000e+01 5.7000000000e+01 7.0480000000e+03 6.3532300000e+03 4.3000000000e+01 4.0000000000e+00 7.7400000000e+02 2.2822294864e+01 1.1080000000e+03 2.9215944766e+01 7.0000000000e+00 1.0000000000e+01
6.7000000000e+01 5.8000000000e+01 6.9300000000e+03 6.3463400000e+03 3.5000000000e+01 4.0000000000e+00 4.6600000000e+02 2.5320881873e+01 8.9500000000e+02 3.9133632293e+01 1.1000000000e+01 7.0000000000e+00
6.8000000000e+01 5.9000000000e+01 7.1610000000e+03 6.3531100000e+03 4.1000000000e+01 4.0000000000e+00 8.0700000000e+02 3.9740093105e+01 4.2300000000e+02 1.9621416870e+01 7.0000000000e+00 7.0000000000e+00
7.0000000000e+01 6.0000000000e+01 1.8123000000e+04 1.5862110000e+04 1.0700000000e+02 1.0000000000e+01 4.2400000000e+02 1.3460984853e+01 7.6900000000e+02 3.8086421093e+01 1.5000000000e+01 1.5000000000e+01
7.2000000000e+01 6.1000000000e+01 8.6560000000e+03 7.9214300000e+03 5.3000000000e+01 5.0000000000e+00 9.9500000000e+02 1.7821767157e+01 8.7500000000e+02 7.2151016838e+00 1.1000000000e+01 1.5000000000e+01
7.2000000000e+01 6.2000000000e+01 8.5870000000e+03 7.9227300000e+03 4.5000000000e+01 5.0000000000e+00 9.9600000000e+02 1.6600930971e+01 8.9500000000e+02 3.5736090746e+01 7.0000000000e+00 1.5000000000e+01
7.4000000000e+01 6.3000000000e+01 1.5966000000e+04 1.4268120000e+04 9.1000000000e+01 9.0000000000e+00 5.7400000000e+02 1.6165463873e+01 7.8000000000e+02 3.7369625217e+01 1.5000000000e+01 1.1000000000e+01
7.4000000000e+01 6.4000000000e+01 8.5580000000e+03 7.9259200000e+03 3.8000000000e+01 5.0000000000e+00 5.5700000000e+02 3.1194247564e+01 7.9200000000e+02 3.3489812892e+01 1.1000000000e+01 1.1000000000e+01
7.4000000000e+01 6.5000000000e+01 8.6780000000e+03 7.9367600000e+03 4.8000000000e+01 5.0000000000e+00 5.1600000000e+02 2.8953374110e+01 8.2600000000e+02 3.0037919298e+01 7.0000000000e+00 1.5000000000e+01
7.5000000000e+01 6.6000000000e+01 8.7920000000e+03 7.9133900000e+03 4.7000000000e+01 5.0000000000e+00 6.2900000000e+02 1.1033545687e+01 9.5200000000e+02 1.4552005689e+01 1.1000000000e+01 7.0000000000e+00
7.5000000000e+01 6.7000000000e+01 1.0419000000e+04 9.5165400000e+03 5.5000000000e+01 6.0000000000e+00 7.0400000000e+02 2.6895201279e+01 9.6600000000e+02 1.1387940340e+01 1.5000000000e+01 1.5000000000e+01
7.5000000000e+01 6.8000000000e+01 8.6920000000e+03 7.9111700000e+03 5.5000000000e+01 5.0000000000e+00 1.5100000000e+03 4.1074458135e+01 1.2780000000e+03 4.8703182648e+01 1.1000000000e+01 7.0000000000e+00
7.6000000000e+01 6.9000000000e+01 1.0308000000e+04 9.4895200000e+03 5.6000000000e+01 6.0000000000e+00 5.5500000000e+02 2.5742783631e+01 1.2510000000e+03 4.5908208812e+01 1.5000000000e+01 1.5000000000e+01
7.8000000000e+01 7.0000000000e+01 8.7820000000e+03 7.9289300000e+03 5.4000000000e+01 5.0000000000e+00 3.7700000000e+02 2.3128435492e+01 7.7300000000e+02 3.5511093138e+01 1.1000000000e+01 1.1000000000e+01
8.1000000000e+01 7.1000000000e+01 6.9370000000e+03 6.3529200000e+03 3.4000000000e+01 4.0000000000e+00 1.3070000000e+03 1.2801515062e+01 7.5400000000e+02 3.8895742542e+01 7.0000000000e+00 6.0000000000e+00
8.1000000000e+01 7.2000000000e+01 6.9150000000e+03 6.3407600000e+03 3.6000000000e+01 4.0000000000e+00 8.7300000000e+02 2.9261871828e+01 7.7700000000e+02 3.7752577963e+01 1.1000000000e+01 7.0000000000e+00
8.1000000000e+01 7.3000000000e+01 6.9860000000e+03 6.3477400000e+03 3.6000000000e+01 4.0000000000e+00 6.9900000000e+02 1.9097494226e+01 1.0510000000e+03 2.8261533676e+01 7.0000000000e+00 1.5000000000e+01
8.5000000000e+01 7.4000000000e+01 1.5741000000e+04 1.4287490000e+04 8.8000000000e+01 9.0000000000e+00 8.2500000000e+02 3.2827308508e+01 6.1800000000e+02 2.6387475260e+01 1.5000000000e+01 1.5000000000e+01
8.5000000000e+01 7.5000000000e+01 2.4782000000e+04 2.2206100000e+04 1.5100000000e+02 1.4000000000e+01 1.1420000000e+03 2.2511922767e+01 1.6310000000e+03 5.2831051475e+01 2.7000000000e+01 1.0000000000e+01
8.6000000000e+01 7.6000000000e+01 6.9250000000e+03 6.3490300000e+03 4.2000000000e+01 4.0000000000e+00 6.0600000000e+02 3.2252434206e+01 1.0170000000e+03 3.6692858347e+01 7.0000000000e+00 1.1000000000e+01
8.8000000000e+01 7.7000000000e+01 8.6340000000e+03 7.9159700000e+03 4.7000000000e+01 5.0000000000e+00 1.2700000000e+03 2.6968177704e+01 6.2200000000e+02 1.0721777919e+01 1.1000000000e+01 1.1000000000e+01
9.3000000000e+01 7.8000000000e+01 2.4493000000e+04 2.2180800000e+04 1.4800000000e+02 1.4000000000e+01 9.5300000000e+02 2.9182396147e+01 4.0100000000e+02 2.7534147012e+01 2.7000000000e+01 1.1000000000e+01
9.5000000000e+01 7.9000000000e+01 1.2291000000e+04 1.1092420000e+04 7.3000000000e+01 7.0000000000e+00 9.5900000000e+02 3.9063161106e+01 7.5400000000e+02 3.6548863791e+01 1.0000000000e+01 1.5000000000e+01
9.5000000000e+01 8.0000000000e+01 1.9268000000e+04 1.7438390000e+04 1.1100000000e+02 1.1000000000e+01 1.4400000000e+03 3.7103785644e+01 7.7000000000e+02 3.6997051480e+01 1.5000000000e+01 1.9000000000e+01
9.5000000000e+01 8.1000000000e+01 3.7133000000e+04 3.3257230000e+04 2.2900000000e+02 2.1000000000e+01 9.2900000000e+02 2.7303203334e+01 1.0420000000e+03 4.4287933488e+01 3.1000000000e+01 3.5000000000e+01
9.6000000000e+01 8.2000000000e+01 6.8380000000e+03 6.3373000000e+03 3.4000000000e+01 4.0000000000e+00 1.0120000000e+03 4.0783612276e+01 6.7200000000e+02 1.4444250193e+01 1.0000000000e+01 7.0000000000e+00
9.7000000000e+01 8.3000000000e+01 7.0420000000e+03 6.3366400000e+03 4.5000000000e+01 4.0000000000e+00 1.2300000000e+02 1.1557170147e+01 9.8100000000e+02 3.4187318223e+01 7.0000000000e+00 1.1000000000e+01
9.8000000000e+01 8.4000000000e+01 7.8597000000e+04 6.9728120000e+04 5.1400000000e+02 4.4000000000e+01 1.0160000000e+03 4.3305074006e+01 1.7360000000e+03 3.8186293123e+01 1.9000000000e+01 6.6000000000e+01
9.9000000000e+01 8.5000000000e+01 1.5304300000e+05 1.3316411000e+05 9.6400000000e+02 8.4000000000e+01 1.0370000000e+03 2.6047942857e+01 1.6370000000e+03 3.6040879063e+01 3.5000000000e+01 1.2300000000e+02
