0.0000000000e+00 0.0000000000e+00 6.9130000000e+03 6.3311000000e+03 3.5000000000e+01 4.0000000000e+00 1.2100000000e+03 3.3911649916e+01 4.1400000000e+02 2.6670649212e+01 1.1000000000e+01 7.0000000000e+00
0.0000000000e+00 1.0000000000e+00 6.9870000000e+03 6.3514500000e+03 4.3000000000e+01 4.0000000000e+00 6.4700000000e+02 2.5527296315e+01 8.9500000000e+02 3.2723589860e+01 7.0000000000e+00 7.0000000000e+00
1.0000000000e+00 2.0000000000e+00 8.6540000000e+03 7.9082000000e+03 4.6000000000e+01 5.0000000000e+00 8.0100000000e+02 3.2520420935e+01 3.9600000000e+02 2.1890129688e+01 1.5000000000e+01 7.0000000000e+00
1.0000000000e+00 3.0000000000e+00 1.5913000000e+04 1.4276010000e+04 8.8000000000e+01 9.0000000000e+00 7.0500000000e+02 3.5535800307e+01 4.9500000000e+02 1.1380059188e+01 2.1000000000e+01 7.0000000000e+00
1.0000000000e+00 4.0000000000e+00 6.9270000000e+03 6.3333300000e+03 3.3000000000e+01 4.0000000000e+00 5.5200000000e+02 3.0646676002e+01 1.0940000000e+03 1.8720810613e+01 1.0000000000e+01 1.1000000000e+01
1.0000000000e+00 5.0000000000e+00 8.5130000000e+03 7.9080500000e+03 4.3000000000e+01 5.0000000000e+00 1.0650000000e+03 2.9579191528e+01 1.2380000000e+03 4.9816807261e+01 1.1000000000e+01 7.0000000000e+00
2.0000000000e+00 6.0000000000e+00 1.9402000000e+04 1.7409360000e+04 1.2000000000e+02 1.1000000000e+01 1.0050000000e+03 2.8808553818e+01 6.8300000000e+02 1.6678623162e+01 1.9000000000e+01 1.5000000000e+01
2.0000000000e+00 7.0000000000e+00 6.9580000000e+03 6.3321800000e+03 3.9000000000e+01 4.0000000000e+00 9.3200000000e+02 2.4678991705e+01 7.7900000000e+02 3.3951203374e+01 1.5000000000e+01 7.0000000000e+00
2.0000000000e+00 8.0000000000e+00 6.9450000000e+03 6.3369800000e+03 3.5000000000e+01 4.0000000000e+00 8.8500000000e+02 3.0751374909e+01 8.6700000000e+02 2.3767872532e+01 1.1000000000e+01 7.0000000000e+00
2.0000000000e+00 9.0000000000e+00 6.9060000000e+03 6.3284700000e+03 3.7000000000e+01 4.0000000000e+00 1.0890000000e+03 2.5956694705e+01 8.7400000000e+02 3.6948913681e+01 1.1000000000e+01 7.0000000000e+00
2.0000000000e+00 1.0000000000e+01 3.3669000000e+04 3.0130360000e+04 1.9800000000e+02 1.9000000000e+01 1.0170000000e+03 3.1400313620e+01 9.3500000000e+02 2.2816972043e+01 2.6000000000e+01 3.5000000000e+01
2.0000000000e+00 1.1000000000e+01 6.9400000000e+03 6.3509500000e+03 3.6000000000e+01 4.0000000000e+00 1.5670000000e+03 4.1312398692e+01 1.1530000000e+03 1.6544312791e+01 7.0000000000e+00 1.1000000000e+01
3.0000000000e+00 1.2000000000e+01 6.9140000000e+03 6.3281700000e+03 3.6000000000e+01 4.0000000000e+00 7.3200000000e+02 2.0741951968e+01 1.0090000000e+03 3.1447461855e+01 1.1000000000e+01 1.0000000000e+01
3.0000000000e+00 1.3000000000e+01 7.0640000000e+03 6.3318500000e+03 4.8000000000e+01 4.0000000000e+00 5.5700000000e+02 2.3033740284e+01 1.3140000000e+03 3.3508334943e+01 1.1000000000e+01 7.0000000000e+00
3.0000000000e+00 1.4000000000e+01 1.4031000000e+04 1.2686570000e+04 7.9000000000e+01 8.0000000000e+00 1.0060000000e+03 1.0591481822e+01 1.3920000000e+03 4.0198386241e+01 1.1000000000e+01 1.1000000000e+01
4.0000000000e+00 1.5000000000e+01 3.3116000000e+04 3.0111570000e+04 1.8900000000e+02 1.9000000000e+01 1.5350000000e+03 1.3486005355e+01 1.2150000000e+03 3.4638559255e+01 1.9000000000e+01 2.3000000000e+01
4.0000000000e+00 1.6000000000e+01 6.9320000000e+03 6.3326800000e+03 3.4000000000e+01 4.0000000000e+00 1.5090000000e+03 5.1590168197e+01 1.2180000000e+03 4.4716954957e+01 1.1000000000e+01 7.0000000000e+00
5.0000000000e+00 1.7000000000e+01 1.9742000000e+04 1.7446170000e+04 1.1900000000e+02 1.1000000000e+01 5.9600000000e+02 1.3871382564e+01 7.0300000000e+02 3.2588601522e+01 2.3000000000e+01 1.5000000000e+01
5.0000000000e+00 1.8000000000e+01 8.7160000000e+03 7.9316800000e+03 4.3000000000e+01 5.0000000000e+00 8.5600000000e+02 3.8959380556e+01 9.7000000000e+02 4.0841738688e+01 1.1000000000e+01 7.0000000000e+00
5.0000000000e+00 1.9000000000e+01 8.8010000000e+03 7.9160700000e+03 5.5000000000e+01 5.0000000000e+00 1.4980000000e+03 3.2585784222e+01 1.2000000000e+03 3.4114187339e+01 1.1000000000e+01 1.1000000000e+01
5.0000000000e+00 2.0000000000e+01 8.7450000000e+03 7.9327700000e+03 5.1000000000e+01 5.0000000000e+00 1.4770000000e+03 3.9274928389e+01 1.2210000000e+03 7.4390859654e+00 1.1000000000e+01 1.1000000000e+01
5.0000000000e+00 2.1000000000e+01 6.8810000000e+03 6.3471900000e+03 3.3000000000e+01 4.0000000000e+00 6.5400000000e+02 2.2387217335e+01 1.3770000000e+03 4.2607584419e+01 1.1000000000e+01 1.1000000000e+01
5.0000000000e+00 2.2000000000e+01 3.3681000000e+04 3.0077130000e+04 2.0400000000e+02 1.9000000000e+01 9.4100000000e+02 2.6749061951e+01 1.5030000000e+03 3.9984356547e+01 1.9000000000e+01 2.3000000000e+01
6.0000000000e+00 2.3000000000e+01 6.9850000000e+03 6.3440900000e+03 4.0000000000e+01 4.0000000000e+00 6.2000000000e+02 2.4146985797e+01 3.5100000000e+02 2.0927224325e+01 1.1000000000e+01 7.0000000000e+00
6.0000000000e+00 2.4000000000e+01 1.0730000000e+04 9.4964600000e+03 6.7000000000e+01 6.0000000000e+00 3.5800000000e+02 2.3756019971e+01 6.2400000000e+02 2.9929462529e+01 1.1000000000e+01 1.0000000000e+01
6.0000000000e+00 2.5000000000e+01 1.4118000000e+04 1.2689750000e+04 8.7000000000e+01 8.0000000000e+00 5.6800000000e+02 2.5856041532e+01 7.6700000000e+02 2.6025702859e+01 1.1000000000e+01 1.5000000000e+01
6.0000000000e+00 2.6000000000e+01 7.0330000000e+03 6.3446700000e+03 4.0000000000e+01 4.0000000000e+00 1.0390000000e+03 2.6401728770e+01 7.7500000000e+02 2.3690309606e+01 7.0000000000e+00 7.0000000000e+00
6.0000000000e+00 2.7000000000e+01 3.3366000000e+04 3.0120730000e+04 1.8600000000e+02 1.9000000000e+01 5.6500000000e+02 9.5314557466e+00 8.0000000000e+02 3.4484622503e+01 1.9000000000e+01 3.1000000000e+01
6.0000000000e+00 2.8000000000e+01 8.7810000000e+03 7.9261100000e+03 6.0000000000e+01 5.0000000000e+00 1.2160000000e+03 4.1727119987e+01 1.0700000000e+03 9.0103518621e+00 1.1000000000e+01 1.1000000000e+01
6.0000000000e+00 2.9000000000e+01 6.9250000000e+03 6.3390400000e+03 3.5000000000e+01 4.0000000000e+00 1.1140000000e+03 2.9259990752e+01 1.3570000000e+03 4.5652781630e+01 7.0000000000e+00 1.1000000000e+01
7.0000000000e+00 3.0000000000e+01 8.6570000000e+03 7.9340300000e+03 4.3000000000e+01 5.0000000000e+00 1.3050000000e+03 3.1763261198e+01 4.3500000000e+02 2.8547787839e+01 1.1000000000e+01 7.0000000000e+00
7.0000000000e+00 3.1000000000e+01 6.9590000000e+03 6.3335000000e+03 3.7000000000e+01 4.0000000000e+00 6.3500000000e+02 2.9211869734e+01 4.3900000000e+02 2.0487801249e+01 7.0000000000e+00 7.0000000000e+00
7.0000000000e+00 3.2000000000e+01 1.2284000000e+04 1.1071050000e+04 6.8000000000e+01 7.0000000000e+00 5.9100000000e+02 3.2493627389e+01 4.7200000000e+02 2.0357623531e+01 1.5000000000e+01 1.0000000000e+01
7.0000000000e+00 3.3000000000e+01 7.0000000000e+03 6.3302800000e+03 4.0000000000e+01 4.0000000000e+00 1.6330000000e+03 3.3103954369e+01 5.4300000000e+02 2.6474467623e+01 1.0000000000e+01 7.0000000000e+00
7.0000000000e+00 3.4000000000e+01 1.3938000000e+04 1.2671140000e+04 7.5000000000e+01 8.0000000000e+00 1.3530000000e+03 4.9627123142e+01 7.4600000000e+02 1.5449569223e+01 1.1000000000e+01 1.5000000000e+01
7.0000000000e+00 3.5000000000e+01 6.9610000000e+03 6.3311300000e+03 3.6000000000e+01 4.0000000000e+00 8.5100000000e+02 2.7097179611e+01 8.7500000000e+02 2.6569585190e+01 7.0000000000e+00 7.0000000000e+00
7.0000000000e+00 3.6000000000e+01 6.8590000000e+03 6.3316300000e+03 3.8000000000e+01 4.0000000000e+00 9.2700000000e+02 3.5473248390e+01 9.7700000000e+02 3.6467312279e+01 7.0000000000e+00 1.1000000000e+01
7.0000000000e+00 3.7000000000e+01 6.9820000000e+03 6.3547800000e+03 3.9000000000e+01 4.0000000000e+00 6.5500000000e+02 2.6364849007e+01 1.1510000000e+03 3.3102710972e+01 7.0000000000e+00 7.0000000000e+00
7.0000000000e+00 3.8000000000e+01 1.2090000000e+04 1.1092680000e+04 7.2000000000e+01 7.0000000000e+00 1.2800000000e+03 3.5670439886e+01 1.1720000000e+03 4.1570913450e+01 1.1000000000e+01 1.1000000000e+01
8.0000000000e+00 3.9000000000e+01 1.4032000000e+04 1.2665750000e+04 8.3000000000e+01 8.0000000000e+00 5.8400000000e+02 1.7859888291e+01 5.4800000000e+02 6.5332171883e+00 9.0000000000e+00 1.5000000000e+01
8.0000000000e+00 4.0000000000e+01 6.9310000000e+03 6.3265500000e+03 3.9000000000e+01 4.0000000000e+00 1.5550000000e+03 5.5823028638e+01 6.3100000000e+02 3.1656046234e+01 7.0000000000e+00 7.0000000000e+00
8.0000000000e+00 4.1000000000e+01 6.9720000000e+03 6.3420500000e+03 3.3000000000e+01 4.0000000000e+00 5.7400000000e+02 3.2886167305e+01 6.4500000000e+02 2.8528494527e+01 7.0000000000e+00 1.1000000000e+01
8.0000000000e+00 4.2000000000e+01 1.2132000000e+04 1.1098790000e+04 6.7000000000e+01 7.0000000000e+00 1.5770000000e+03 3.4760871419e+01 6.4900000000e+02 6.8711077136e+00 1.4000000000e+01 1.1000000000e+01
8.0000000000e+00 4.3000000000e+01 6.9380000000e+03 6.3296000000e+03 3.7000000000e+01 4.0000000000e+00 1.2530000000e+03 3.7436613095e+01 7.0300000000e+02 2.5103120656e+01 1.1000000000e+01 7.0000000000e+00
8.0000000000e+00 4.4000000000e+01 5.1700000000e+04 4.4388290000e+04 3.1700000000e+02 2.8000000000e+01 1.0610000000e+03 2.7917883656e+01 9.0600000000e+02 1.8528202930e+01 1.9000000000e+01 3.5000000000e+01
8.0000000000e+00 4.5000000000e+01 6.9580000000e+03 6.3260200000e+03 3.6000000000e+01 4.0000000000e+00 1.5130000000e+03 3.9553219121e+01 9.2700000000e+02 3.7196774054e+01 1.1000000000e+01 7.0000000000e+00
8.0000000000e+00 4.6000000000e+01 4.1880000000e+04 3.8052310000e+04 2.4700000000e+02 2.4000000000e+01 1.4870000000e+03 4.3659668650e+01 9.4800000000e+02 2.0927381216e+01 4.3000000000e+01 2.7000000000e+01
8.0000000000e+00 4.7000000000e+01 8.6380000000e+03 7.9169600000e+03 4.8000000000e+01 5.0000000000e+00 1.5220000000e+03 4.9165590804e+01 9.5400000000e+02 1.1186047540e+01 1.4000000000e+01 7.0000000000e+00
8.0000000000e+00 4.8000000000e+01 1.2404000000e+04 1.1091120000e+04 7.7000000000e+01 7.0000000000e+00 1.4100000000e+03 5.0757809874e+01 9.7300000000e+02 3.1354929101e+01 1.5000000000e+01 1.1000000000e+01
8.0000000000e+00 4.9000000000e+01 1.7340000000e+04 1.5869650000e+04 9.0000000000e+01 1.0000000000e+01 1.3090000000e+03 5.1045254212e+01 1.3770000000e+03 4.5922137326e+01 1.5000000000e+01 1.9000000000e+01
8.0000000000e+00 5.0000000000e+01 1.5594000000e+04 1.4261410000e+04 9.1000000000e+01 9.0000000000e+00 1.2650000000e+03 3.7224991605e+01 1.4520000000e+03 4.4902734388e+01 1.1000000000e+01 2.2000000000e+01
9.0000000000e+00 5.1000000000e+01 1.2328000000e+04 1.1065600000e+04 6.9000000000e+01 7.0000000000e+00 1.0460000000e+03 3.2031923415e+01 7.4900000000e+02 3.3992213641e+01 1.1000000000e+01 1.1000000000e+01
9.0000000000e+00 5.2000000000e+01 6.9090000000e+03 6.3391500000e+03 3.3000000000e+01 4.0000000000e+00 9.8200000000e+02 3.6071543493e+01 7.8100000000e+02 2.4382370680e+01 1.1000000000e+01 1.1000000000e+01
9.0000000000e+00 5.3000000000e+01 6.9330000000e+03 6.3241700000e+03 3.9000000000e+01 4.0000000000e+00 1.1860000000e+03 3.0671862641e+01 8.2900000000e+02 3.0433274726e+01 7.0000000000e+00 1.1000000000e+01
9.0000000000e+00 5.4000000000e+01 6.8800000000e+03 6.3346300000e+03 3.7000000000e+01 4.0000000000e+00 1.1270000000e+03 4.4121360410e+01 8.9900000000e+02 3.4702705626e+01 7.0000000000e+00 7.0000000000e+00
1.0000000000e+01 5.5000000000e+01 2.4657000000e+04 2.2152640000e+04 1.4800000000e+02 1.4000000000e+01 1.1130000000e+03 3.4743863551e+01 5.5300000000e+02 2.9841873516e+01 1.5000000000e+01 3.4000000000e+01
1.0000000000e+01 5.6000000000e+01 6.9010000000e+03 6.3350700000e+03 3.9000000000e+01 4.0000000000e+00 1.6950000000e+03 4.5352711287e+01 1.0270000000e+03 3.1570305835e+01 7.0000000000e+00 1.5000000000e+01
1.0000000000e+01 5.7000000000e+01 2.3544700000e+05 2.0588766000e+05 1.5180000000e+03 1.3000000000e+02 1.1970000000e+03 5.9089694176e+01 1.7260000000e+03 3.3947106866e+01 1.6700000000e+02 7.9000000000e+01
1.1000000000e+01 5.8000000000e+01 6.8250000000e+03 6.3137800000e+03 3.9000000000e+01 4.0000000000e+00 8.9800000000e+02 3.3044228734e+01 6.3100000000e+02 2.4768400922e+01 7.0000000000e+00 1.4000000000e+01
1.1000000000e+01 5.9000000000e+01 6.8920000000e+03 6.3333400000e+03 3.4000000000e+01 4.0000000000e+00 1.3670000000e+03 5.1612777370e+01 7.0700000000e+02 1.4778157510e+01 1.1000000000e+01 7.0000000000e+00
1.1000000000e+01 6.0000000000e+01 6.9470000000e+03 6.3341400000e+03 3.4000000000e+01 4.0000000000e+00 9.2900000000e+02 3.1086877286e+01 1.0420000000e+03 1.1356482597e+01 1.1000000000e+01 6.0000000000e+00
1.1000000000e+01 6.1000000000e+01 3.8461000000e+04 3.4855970000e+04 2.1500000000e+02 2.2000000000e+01 1.1740000000e+03 4.2345872257e+01 1.2010000000e+03 4.1710338484e+01 3.9000000000e+01 1.9000000000e+01
1.1000000000e+01 6.2000000000e+01 1.3957000000e+04 1.2659750000e+04 8.1000000000e+01 8.0000000000e+00 9.2600000000e+02 3.7082509354e+01 1.3500000000e+03 2.0267893329e+01 1.1000000000e+01 2.3000000000e+01
1.2000000000e+01 6.3000000000e+01 2.4618000000e+04 2.2165960000e+04 1.4200000000e+02 1.4000000000e+01 9.5600000000e+02 2.7158191690e+01 6.2000000000e+02 1.7981669153e+01 1.9000000000e+01 1.5000000000e+01
1.2000000000e+01 6.4000000000e+01 6.9340000000e+03 6.3430600000e+03 3.9000000000e+01 4.0000000000e+00 1.1990000000e+03 3.8983127254e+01 9.1100000000e+02 2.0902656593e+01 7.0000000000e+00 7.0000000000e+00
1.2000000000e+01 6.5000000000e+01 2.1336000000e+04 1.9068050000e+04 1.1900000000e+02 1.2000000000e+01 6.5700000000e+02 3.5090077790e+01 1.0280000000e+03 3.5134607981e+01 1.9000000000e+01 1.5000000000e+01
1.2000000000e+01 6.6000000000e+01 8.6420000000e+03 7.9185100000e+03 4.1000000000e+01 5.0000000000e+00 9.9000000000e+02 4.4619502462e+01 1.0860000000e+03 2.7760583567e+01 1.1000000000e+01 1.1000000000e+01
1.2000000000e+01 6.7000000000e+01 6.8900000000e+03 6.3199800000e+03 3.6000000000e+01 4.0000000000e+00 1.2110000000e+03 3.0070868675e+01 1.1250000000e+03 4.3299290657e+01 7.0000000000e+00 1.1000000000e+01
1.3000000000e+01 6.8000000000e+01 2.1534000000e+04 1.9038160000e+04 1.2700000000e+02 1.2000000000e+01 1.0470000000e+03 3.1774003550e+01 5.9800000000e+02 3.4274336737e+01 1.5000000000e+01 1.5000000000e+01
1.3000000000e+01 6.9000000000e+01 6.9450000000e+03 6.3279200000e+03 4.1000000000e+01 4.0000000000e+00 7.1900000000e+02 1.4871112938e+01 7.4800000000e+02 3.4186620190e+01 7.0000000000e+00 1.1000000000e+01
1.3000000000e+01 7.0000000000e+01 1.7466000000e+04 1.5818550000e+04 1.0600000000e+02 1.0000000000e+01 1.7400000000e+02 7.1414284285e+00 9.1400000000e+02 1.5139038153e+01 1.0000000000e+01 1.9000000000e+01
1.4000000000e+01 7.1000000000e+01 8.7300000000e+03 7.9259300000e+03 4.7000000000e+01 5.0000000000e+00 1.0870000000e+03 4.5668941020e+01 8.1000000000e+02 1.7019170776e+01 7.0000000000e+00 1.1000000000e+01
1.4000000000e+01 7.2000000000e+01 6.9300000000e+03 6.3294100000e+03 4.1000000000e+01 4.0000000000e+00 8.5100000000e+02 3.5803631101e+01 8.1100000000e+02 2.3939507096e+01 7.0000000000e+00 7.0000000000e+00
1.4000000000e+01 7.3000000000e+01 8.6380000000e+03 7.9249500000e+03 5.2000000000e+01 5.0000000000e+00 1.1430000000e+03 2.2318110117e+01 8.4200000000e+02 2.5872235099e+01 7.0000000000e+00 1.1000000000e+01
1.5000000000e+01 7.4000000000e+01 6.9050000000e+03 6.3508200000e+03 3.9000000000e+01 4.0000000000e+00 1.1660000000e+03 4.7209499490e+01 8.4000000000e+02 3.7673807738e+01 1.4000000000e+01 7.0000000000e+00
1.6000000000e+01 7.5000000000e+01 6.9230000000e+03 6.3314200000e+03 4.0000000000e+01 4.0000000000e+00 8.9400000000e+02 3.0470666853e+01 8.9900000000e+02 2.2632515751e+01 1.1000000000e+01 7.0000000000e+00
1.7000000000e+01 7.6000000000e+01 1.5805000000e+04 1.4260170000e+04 8.6000000000e+01 9.0000000000e+00 1.0720000000e+03 3.4517344319e+01 3.9500000000e+02 2.7288221980e+01 1.0000000000e+01 1.9000000000e+01
1.7000000000e+01 7.7000000000e+01 7.2000000000e+03 6.3389000000e+03 4.5000000000e+01 4.0000000000e+00 1.0420000000e+03 4.2490105800e+01 4.1600000000e+02 1.3104475294e+01 7.0000000000e+00 1.5000000000e+01
1.7000000000e+01 7.8000000000e+01 1.0476000000e+04 9.4806100000e+03 5.6000000000e+01 6.0000000000e+00 1.2490000000e+03 5.0141073709e+01 6.7000000000e+02 3.4968557305e+01 1.5000000000e+01 7.0000000000e+00
1.7000000000e+01 7.9000000000e+01 2.1533000000e+04 1.9016790000e+04 1.3600000000e+02 1.2000000000e+01 1.4460000000e+03 4.5281751700e+01 9.2700000000e+02 1.8697791511e+01 2.7000000000e+01 1.0000000000e+01
1.7000000000e+01 8.0000000000e+01 6.8600000000e+03 6.3394500000e+03 3.4000000000e+01 4.0000000000e+00 1.3170000000e+03 3.9063662104e+01 1.0790000000e+03 3.0352474813e+01 1.1000000000e+01 7.0000000000e+00
1.7000000000e+01 8.1000000000e+01 1.5611000000e+04 1.4243380000e+04 9.0000000000e+01 9.0000000000e+00 2.4300000000e+02 1.0222798931e+01 1.0860000000e+03 4.0321461094e+01 1.5000000000e+01 1.5000000000e+01
1.7000000000e+01 8.2000000000e+01 1.9109000000e+04 1.7427150000e+04 1.0800000000e+02 1.1000000000e+01 1.1920000000e+03 4.0580023629e+01 1.0970000000e+03 3.6372424596e+01 1.9000000000e+01 1.1000000000e+01
1.7000000000e+01 8.3000000000e+01 6.9780000000e+03 6.3503600000e+03 3.6000000000e+01 4.0000000000e+00 9.1000000000e+02 2.7052330240e+01 1.1380000000e+03 1.8359116070e+01 7.0000000000e+00 1.1000000000e+01
1.7000000000e+01 8.4000000000e+01 2.8608000000e+04 2.5332600000e+04 1.9200000000e+02 1.6000000000e+01 9.8200000000e+02 1.4794402507e+01 1.2760000000e+03 1.6254359061e+01 2.3000000000e+01 1.5000000000e+01
1.7000000000e+01 8.5000000000e+01 6.9660000000e+03 6.3593400000e+03 3.6000000000e+01 4.0000000000e+00 1.1810000000e+03 3.6857253599e+01 1.3380000000e+03 1.5405935776e+01 1.1000000000e+01 1.1000000000e+01
1.8000000000e+01 8.6000000000e+01 1.0483000000e+04 9.4976100000e+03 6.0000000000e+01 6.0000000000e+00 9.3100000000e+02 1.8761211337e+01 4.3200000000e+02 1.2136930615e+01 7.0000000000e+00 1.5000000000e+01
1.8000000000e+01 8.7000000000e+01 6.9670000000e+03 6.3329500000e+03 3.8000000000e+01 4.0000000000e+00 8.3300000000e+02 2.9443027900e+01 8.2200000000e+02 6.8556546004e+00 1.1000000000e+01 6.0000000000e+00
1.8000000000e+01 8.8000000000e+01 6.9350000000e+03 6.3578100000e+03 3.6000000000e+01 4.0000000000e+00 7.2300000000e+02 2.9548507335e+01 9.1900000000e+02 2.7208192044e+01 7.0000000000e+00 7.0000000000e+00
1.8000000000e+01 8.9000000000e+01 8.6090000000e+03 7.9084800000e+03 4.5000000000e+01 5.0000000000e+00 7.1400000000e+02 2.6898800244e+01 1.1670000000e+03 3.6486921692e+01 1.1000000000e+01 7.0000000000e+00
1.9000000000e+01 9.0000000000e+01 1.6543000000e+04 1.4310360000e+04 9.4000000000e+01 9.0000000000e+00 6.8000000000e+02 1.2678828344e+01 7.6000000000e+02 3.5844646876e+01 1.5000000000e+01 1.1000000000e+01
1.9000000000e+01 9.1000000000e+01 8.6270000000e+03 7.9115700000e+03 3.4000000000e+01 5.0000000000e+00 3.4300000000e+02 2.2140734433e+01 9.6600000000e+02 4.0792156109e+01 1.1000000000e+01 1.5000000000e+01
1.9000000000e+01 9.2000000000e+01 1.3877000000e+04 1.2678320000e+04 6.9000000000e+01 8.0000000000e+00 1.8400000000e+02 1.6246719126e+01 1.0340000000e+03 3.5305806888e+01 1.1000000000e+01 1.9000000000e+01
2.0000000000e+01 9.3000000000e+01 8.7510000000e+03 7.9300500000e+03 5.1000000000e+01 5.0000000000e+00 6.3200000000e+02 2.6797761101e+01 9.0600000000e+02 3.3646693745e+01 1.1000000000e+01 1.1000000000e+01
2.0000000000e+01 9.4000000000e+01 6.9340000000e+03 6.3255700000e+03 3.6000000000e+01 4.0000000000e+00 1.2420000000e+03 8.9362823846e+00 9.9400000000e+02 2.8284271247e+01 1.0000000000e+01 7.0000000000e+00
2.1000000000e+01 9.5000000000e+01 1.2165000000e+04 1.1101320000e+04 7.3000000000e+01 7.0000000000e+00 1.5340000000e+03 4.8359188487e+01 6.3700000000e+02 2.1213530797e+01 1.9000000000e+01 1.1000000000e+01
2.1000000000e+01 9.6000000000e+01 6.8410000000e+03 6.3400800000e+03 3.6000000000e+01 4.0000000000e+00 7.0000000000e+02 1.4504186588e+01 9.4700000000e+02 3.6862291999e+01 1.1000000000e+01 7.0000000000e+00
2.2000000000e+01 9.7000000000e+01 6.9050000000e+03 6.3356400000e+03 3.9000000000e+01 4.0000000000e+00 1.0350000000e+03 1.9634153916e+01 7.1100000000e+02 3.0674436468e+01 7.0000000000e+00 7.0000000000e+00
2.2000000000e+01 9.8000000000e+01 7.0910000000e+03 6.3414100000e+03 3.9000000000e+01 4.0000000000e+00 3.2100000000e+02 2.4487913238e+01 8.5100000000e+02 2.3301231049e+01 1.0000000000e+01 7.0000000000e+00
2.2000000000e+01 9.9000000000e+01 1.4041000000e+04 1.2647000000e+04 8.9000000000e+01 8.0000000000e+00 1.0600000000e+03 3.4169364269e+01 1.0390000000e+03 2.1486517972e+01 1.1000000000e+01 1.5000000000e+01
2.2000000000e+01 1.0000000000e+02 6.9790000000e+03 6.3450000000e+03 4.1000000000e+01 4.0000000000e+00 2.3400000000e+02 1.3421065531e+01 1.1470000000e+03 1.5866631653e+01 7.0000000000e+00 1.5000000000e+01
2.2000000000e+01 1.0100000000e+02 2.6270000000e+04 2.3803150000e+04 1.5300000000e+02 1.5000000000e+01 6.2600000000e+02 7.7959166100e+00 1.3400000000e+03 4.7313067072e+01 1.9000000000e+01 1.9000000000e+01
2.3000000000e+01 1.0200000000e+02 6.8730000000e+03 6.3261800000e+03 3.3000000000e+01 4.0000000000e+00 7.6500000000e+02 3.6075008663e+01 8.5300000000e+02 2.7452231239e+01 1.1000000000e+01 1.0000000000e+01
2.4000000000e+01 1.0300000000e+02 6.9290000000e+03 6.3377400000e+03 3.7000000000e+01 4.0000000000e+00 6.1900000000e+02 2.9417020772e+01 1.0550000000e+03 2.1775368347e+01 7.0000000000e+00 7.0000000000e+00
2.4000000000e+01 1.0400000000e+02 6.9540000000e+03 6.3400900000e+03 3.8000000000e+01 4.0000000000e+00 9.7300000000e+02 4.1823632270e+01 1.1240000000e+03 4.1299172166e+01 1.1000000000e+01 7.0000000000e+00
2.4000000000e+01 1.0500000000e+02 6.7780000000e+03 6.3246000000e+03 3.6000000000e+01 4.0000000000e+00 6.9700000000e+02 3.6388773779e+01 1.1510000000e+03 2.4758836806e+01 1.1000000000e+01 1.5000000000e+01
2.4000000000e+01 1.0600000000e+02 1.0363000000e+04 9.5268400000e+03 4.8000000000e+01 6.0000000000e+00 1.6530000000e+03 4.6811300691e+01 1.1790000000e+03 4.0120562988e+01 1.1000000000e+01 7.0000000000e+00
2.5000000000e+01 1.0700000000e+02 8.8850000000e+03 7.9364600000e+03 6.0000000000e+01 5.0000000000e+00 1.3140000000e+03 3.4831555925e+01 1.2870000000e+03 1.1648088517e+01 1.1000000000e+01 7.0000000000e+00
2.6000000000e+01 1.0800000000e+02 2.3378000000e+04 2.0569560000e+04 1.4200000000e+02 1.3000000000e+01 1.1420000000e+03 3.9133069942e+01 7.5800000000e+02 3.6247866164e+01 1.9000000000e+01 1.5000000000e+01
2.6000000000e+01 1.0900000000e+02 1.3876000000e+04 1.2665500000e+04 7.4000000000e+01 8.0000000000e+00 1.1270000000e+03 2.5621854969e+01 8.0800000000e+02 2.7356349592e+01 1.0000000000e+01 1.5000000000e+01
2.6000000000e+01 1.1000000000e+02 8.6950000000e+03 7.9256500000e+03 4.7000000000e+01 5.0000000000e+00 2.7800000000e+02 1.4285900620e+01 1.1960000000e+03 2.6092227728e+01 1.1000000000e+01 7.0000000000e+00
2.6000000000e+01 1.1100000000e+02 6.8880000000e+03 6.3385700000e+03 4.0000000000e+01 4.0000000000e+00 8.1800000000e+02 1.9524475107e+01 1.2360000000e+03 3.9159110018e+01 7.0000000000e+00 1.1000000000e+01
2.7000000000e+01 1.1200000000e+02 6.8590000000e+03 6.3306000000e+03 3.7000000000e+01 4.0000000000e+00 7.1900000000e+02 2.6917569644e+01 1.3450000000e+03 3.0114595944e+01 7.0000000000e+00 1.1000000000e+01
2.8000000000e+01 1.1300000000e+02 6.9490000000e+03 6.3290300000e+03 4.6000000000e+01 4.0000000000e+00 1.3530000000e+03 3.5677879857e+01 6.0600000000e+02 2.0208359107e+01 1.1000000000e+01 7.0000000000e+00
2.8000000000e+01 1.1400000000e+02 2.3747000000e+04 2.0594180000e+04 1.5100000000e+02 1.3000000000e+01 9.2300000000e+02 1.7709131355e+01 7.9800000000e+02 1.1451055264e+01 1.5000000000e+01 1.5000000000e+01
2.9000000000e+01 1.1500000000e+02 6.8170000000e+03 6.3420600000e+03 2.6000000000e+01 4.0000000000e+00 9.9300000000e+02 4.0029988758e+01 3.9000000000e+02 1.9452506265e+01 1.1000000000e+01 7.0000000000e+00
2.9000000000e+01 1.1600000000e+02 6.9890000000e+03 6.3462000000e+03 3.8000000000e+01 4.0000000000e+00 6.8300000000e+02 2.9246852453e+01 5.7500000000e+02 1.8636639298e+01 7.0000000000e+00 7.0000000000e+00
2.9000000000e+01 1.1700000000e+02 8.8700000000e+03 7.9239300000e+03 5.5000000000e+01 5.0000000000e+00 3.0100000000e+02 8.0219605990e+00 7.1500000000e+02 2.9313124352e+00 1.1000000000e+01 1.1000000000e+01
2.9000000000e+01 1.1800000000e+02 8.5800000000e+03 7.9047200000e+03 4.6000000000e+01 5.0000000000e+00 1.2560000000e+03 4.9088808410e+01 9.2700000000e+02 3.2813276446e+01 1.1000000000e+01 7.0000000000e+00
2.9000000000e+01 1.1900000000e+02 7.0700000000e+03 6.3458300000e+03 4.1000000000e+01 4.0000000000e+00 1.4280000000e+03 3.1682802906e+01 1.0810000000e+03 3.9695402756e+01 7.0000000000e+00 1.1000000000e+01
2.9000000000e+01 1.2000000000e+02 2.5544000000e+04 2.2170450000e+04 1.5000000000e+02 1.4000000000e+01 1.2500000000e+03 1.1571777749e+01 1.1800000000e+03 3.4316137828e+01 1.9000000000e+01 2.3000000000e+01
2.9000000000e+01 1.2100000000e+02 1.9207000000e+04 1.7391320000e+04 1.0600000000e+02 1.1000000000e+01 1.3010000000e+03 1.6861056850e+01 1.2030000000e+03 3.1248619017e+01 1.3000000000e+01 1.5000000000e+01
2.9000000000e+01 1.2200000000e+02 1.3941000000e+04 1.2655680000e+04 7.4000000000e+01 8.0000000000e+00 6.7200000000e+02 2.0922885157e+01 1.5460000000e+03 2.3685438565e+01 1.5000000000e+01 1.1000000000e+01
3.0000000000e+01 1.2300000000e+02 8.5550000000e+03 7.9194400000e+03 4.0000000000e+01 5.0000000000e+00 6.6400000000e+02 1.0596322536e+01 6.6500000000e+02 3.0473611956e+01 1.0000000000e+01 1.1000000000e+01
3.0000000000e+01 1.2400000000e+02 6.8990000000e+03 6.3421700000e+03 3.9000000000e+01 4.0000000000e+00 9.9500000000e+02 1.9296168150e+01 7.3300000000e+02 3.0595837350e+01 7.0000000000e+00 1.1000000000e+01
3.0000000000e+01 1.2500000000e+02 6.9420000000e+03 6.3466200000e+03 3.6000000000e+01 4.0000000000e+00 8.7500000000e+02 2.4585710135e+01 7.6900000000e+02 2.6685469561e+01 7.0000000000e+00 1.1000000000e+01
3.0000000000e+01 1.2600000000e+02 8.6740000000e+03 7.9096600000e+03 4.4000000000e+01 5.0000000000e+00 1.0210000000e+03 4.2039018421e+01 8.4600000000e+02 3.9741022096e+01 1.1000000000e+01 7.0000000000e+00
3.0000000000e+01 1.2700000000e+02 8.6280000000e+03 7.9193300000e+03 4.8000000000e+01 5.0000000000e+00 1.1400000000e+03 3.0534598444e+01 1.0100000000e+03 3.9394351037e+01 1.1000000000e+01 7.0000000000e+00
3.1000000000e+01 1.2800000000e+02 6.8240000000e+03 6.3252100000e+03 3.7000000000e+01 4.0000000000e+00 9.4900000000e+02 3.6444402100e+01 1.0060000000e+03 3.6802022891e+01 1.1000000000e+01 1.1000000000e+01
3.1000000000e+01 1.2900000000e+02 6.9400000000e+03 6.3380600000e+03 3.4000000000e+01 4.0000000000e+00 1.2050000000e+03 4.1966797843e+01 1.0480000000e+03 4.2959106700e+01 1.0000000000e+01 6.0000000000e+00
3.1000000000e+01 1.3000000000e+02 6.8040000000e+03 6.3407900000e+03 3.1000000000e+01 4.0000000000e+00 1.0460000000e+03 3.1314533367e+01 1.2970000000e+03 3.7309516212e+01 7.0000000000e+00 1.1000000000e+01
3.1000000000e+01 1.3100000000e+02 6.8230000000e+03 6.3110300000e+03 3.2000000000e+01 4.0000000000e+00 1.2690000000e+03 3.2642244546e+01 1.5910000000e+03 5.5664895986e+01 3.0000000000e+00 1.5000000000e+01
3.2000000000e+01 1.3200000000e+02 6.9780000000e+03 6.3525100000e+03 3.7000000000e+01 4.0000000000e+00 1.2570000000e+03 3.3569165746e+01 4.9800000000e+02 2.5856441278e+01 1.1000000000e+01 7.0000000000e+00
3.2000000000e+01 1.3300000000e+02 1.0389000000e+04 9.4993000000e+03 5.6000000000e+01 6.0000000000e+00 7.1100000000e+02 3.5735136770e+01 8.1400000000e+02 3.9370962997e+01 1.1000000000e+01 1.1000000000e+01
3.3000000000e+01 1.3400000000e+02 8.7970000000e+03 7.9124800000e+03 5.9000000000e+01 5.0000000000e+00 1.4730000000e+03 8.0075395506e+00 7.3700000000e+02 3.5026590884e+01 1.1000000000e+01 1.1000000000e+01
3.3000000000e+01 1.3500000000e+02 2.6553000000e+04 2.3770680000e+04 1.6400000000e+02 1.5000000000e+01 7.7200000000e+02 3.3990164582e+01 8.9900000000e+02 2.2888768108e+01 2.3000000000e+01 2.3000000000e+01
3.3000000000e+01 1.3600000000e+02 6.8740000000e+03 6.3316300000e+03 3.5000000000e+01 4.0000000000e+00 1.0920000000e+03 2.9061294251e+01 8.9500000000e+02 2.8195222791e+01 1.1000000000e+01 7.0000000000e+00
3.3000000000e+01 1.3700000000e+02 3.0038000000e+04 2.6917720000e+04 1.7500000000e+02 1.7000000000e+01 8.2000000000e+02 2.0948760696e+01 9.1900000000e+02 2.9284082217e+01 1.9000000000e+01 1.9000000000e+01
3.3000000000e+01 1.3800000000e+02 8.6660000000e+03 7.9209000000e+03 4.7000000000e+01 5.0000000000e+00 8.4000000000e+02 2.8504004295e+01 9.1900000000e+02 3.9043454052e+01 1.1000000000e+01 7.0000000000e+00
3.3000000000e+01 1.3900000000e+02 4.3946000000e+04 3.9614570000e+04 2.6200000000e+02 2.5000000000e+01 1.1020000000e+03 3.8141850588e+01 1.0740000000e+03 4.5030640909e+01 3.1000000000e+01 2.3000000000e+01
3.3000000000e+01 1.4000000000e+02 8.5780000000e+03 7.9046100000e+03 4.2000000000e+01 5.0000000000e+00 4.9900000000e+02 7.3085315999e+00 1.0760000000e+03 4.2362546735e+01 7.0000000000e+00 1.1000000000e+01
3.3000000000e+01 1.4100000000e+02 1.3817000000e+04 1.2659590000e+04 7.3000000000e+01 8.0000000000e+00 1.6130000000e+03 2.8582240018e+01 1.0980000000e+03 2.3626726862e+01 1.1000000000e+01 1.1000000000e+01
3.3000000000e+01 1.4200000000e+02 1.2285000000e+04 1.1091760000e+04 7.5000000000e+01 7.0000000000e+00 4.2300000000e+02 2.5571309937e+01 1.2390000000e+03 3.6370280413e+01 1.5000000000e+01 1.5000000000e+01
3.3000000000e+01 1.4300000000e+02 1.2095000000e+04 1.1114490000e+04 6.2000000000e+01 7.0000000000e+00 4.7100000000e+02 1.0620888790e+01 1.3030000000e+03 2.8032182910e+01 7.0000000000e+00 1.5000000000e+01
3.3000000000e+01 1.4400000000e+02 8.9010000000e+03 7.9338800000e+03 4.4000000000e+01 5.0000000000e+00 1.1610000000e+03 4.2298771218e+01 1.6770000000e+03 5.3789641953e+01 1.1000000000e+01 1.0000000000e+01
3.4000000000e+01 1.4500000000e+02 6.9240000000e+03 6.3278600000e+03 3.5000000000e+01 4.0000000000e+00 5.0600000000e+02 2.4627817844e+01 9.7800000000e+02 3.2226222425e+01 1.1000000000e+01 6.0000000000e+00
3.4000000000e+01 1.4600000000e+02 8.5520000000e+03 7.9070600000e+03 4.4000000000e+01 5.0000000000e+00 7.5400000000e+02 3.7100429384e+01 1.4670000000e+03 4.8223317722e+01 1.1000000000e+01 7.0000000000e+00
3.5000000000e+01 1.4700000000e+02 1.9889000000e+04 1.7415420000e+04 1.2500000000e+02 1.1000000000e+01 8.0700000000e+02 2.9147290031e+01 5.2400000000e+02 2.0014913794e+01 1.5000000000e+01 1.4000000000e+01
3.5000000000e+01 1.4800000000e+02 7.0290000000e+03 6.3318500000e+03 4.7000000000e+01 4.0000000000e+00 1.1690000000e+03 3.6464992146e+01 1.1020000000e+03 3.2544284211e+01 1.1000000000e+01 7.0000000000e+00
3.5000000000e+01 1.4900000000e+02 6.9580000000e+03 6.3465600000e+03 3.8000000000e+01 4.0000000000e+00 8.4500000000e+02 3.1095754468e+01 1.1190000000e+03 2.4702554852e+01 1.1000000000e+01 7.0000000000e+00
3.5000000000e+01 1.5000000000e+02 6.8650000000e+03 6.3311300000e+03 3.9000000000e+01 4.0000000000e+00 8.9300000000e+02 3.4428033253e+01 1.1720000000e+03 3.6051498253e+01 1.1000000000e+01 7.0000000000e+00
3.5000000000e+01 1.5100000000e+02 2.2403000000e+04 2.0590870000e+04 1.2800000000e+02 1.3000000000e+01 9.5000000000e+02 3.2424715954e+01 1.6230000000e+03 4.7299015322e+01 1.5000000000e+01 2.3000000000e+01
3.6000000000e+01 1.5200000000e+02 6.8320000000e+03 6.3241400000e+03 3.8000000000e+01 4.0000000000e+00 1.2790000000e+03 4.7089908255e+01 1.3210000000e+03 4.4007063315e+01 7.0000000000e+00 1.0000000000e+01
3.7000000000e+01 1.5300000000e+02 1.0390000000e+04 9.4978600000e+03 5.5000000000e+01 6.0000000000e+00 1.1770000000e+03 3.8849662757e+01 1.1930000000e+03 3.0669383938e+01 1.9000000000e+01 1.1000000000e+01
3.7000000000e+01 1.5400000000e+02 1.0554000000e+04 9.4913800000e+03 6.7000000000e+01 6.0000000000e+00 1.1620000000e+03 1.2291904209e+01 1.2110000000e+03 4.4988382339e+01 1.1000000000e+01 7.0000000000e+00
3.7000000000e+01 1.5500000000e+02 8.7610000000e+03 7.9253400000e+03 5.1000000000e+01 5.0000000000e+00 1.4150000000e+03 2.6162568681e+01 1.2960000000e+03 4.3300346419e+01 7.0000000000e+00 1.1000000000e+01
3.8000000000e+01 1.5600000000e+02 4.2338000000e+04 3.7994550000e+04 2.5300000000e+02 2.4000000000e+01 1.2310000000e+03 4.5001675454e+01 4.7400000000e+02 2.8346145563e+01 2.7000000000e+01 3.1000000000e+01
3.8000000000e+01 1.5700000000e+02 6.8430000000e+03 6.3359600000e+03 3.6000000000e+01 4.0000000000e+00 5.8600000000e+02 1.6459474041e+01 9.5700000000e+02 3.3215314884e+01 7.0000000000e+00 1.1000000000e+01
3.8000000000e+01 1.5800000000e+02 8.6160000000e+03 7.9157400000e+03 4.4000000000e+01 5.0000000000e+00 1.1450000000e+03 1.2948017717e+01 1.2290000000e+03 4.6703418529e+01 1.1000000000e+01 1.1000000000e+01
3.8000000000e+01 1.5900000000e+02 1.5766000000e+04 1.4230980000e+04 8.6000000000e+01 9.0000000000e+00 1.0390000000e+03 3.4456963780e+01 1.3750000000e+03 2.2130894030e+01 2.3000000000e+01 7.0000000000e+00
3.9000000000e+01 1.6000000000e+02 6.9010000000e+03 6.3289400000e+03 3.6000000000e+01 4.0000000000e+00 1.1710000000e+03 4.8454101994e+01 5.6700000000e+02 3.0200283821e+01 7.0000000000e+00 7.0000000000e+00
3.9000000000e+01 1.6100000000e+02 1.2502000000e+04 1.1086760000e+04 8.2000000000e+01 7.0000000000e+00 4.1200000000e+02 1.3087549450e+01 8.3300000000e+02 3.2549108197e+01 1.1000000000e+01 1.1000000000e+01
3.9000000000e+01 1.6200000000e+02 6.9290000000e+03 6.3419200000e+03 4.0000000000e+01 4.0000000000e+00 1.4490000000e+03 3.7673700274e+01 1.3870000000e+03 4.7205768878e+01 1.1000000000e+01 1.5000000000e+01
4.0000000000e+01 1.6300000000e+02 6.8740000000e+03 6.3290200000e+03 3.9000000000e+01 4.0000000000e+00 6.8000000000e+02 2.9993420331e+01 9.2500000000e+02 3.6387172407e+01 7.0000000000e+00 1.1000000000e+01
4.0000000000e+01 1.6400000000e+02 1.0439000000e+04 9.4821200000e+03 5.5000000000e+01 6.0000000000e+00 1.3510000000e+03 2.8400573807e+01 1.0750000000e+03 3.5340932097e+01 7.0000000000e+00 1.5000000000e+01
4.0000000000e+01 1.6500000000e+02 4.0948000000e+04 3.6425040000e+04 2.6000000000e+02 2.3000000000e+01 1.3680000000e+03 2.7036726059e+01 1.1030000000e+03 2.5734762332e+01 3.5000000000e+01 1.5000000000e+01
4.1000000000e+01 1.6600000000e+02 1.2183000000e+04 1.1082610000e+04 7.3000000000e+01 7.0000000000e+00 4.5100000000e+02 2.7145441606e+01 9.5400000000e+02 2.7859518621e+01 1.5000000000e+01 1.1000000000e+01
4.1000000000e+01 1.6700000000e+02 1.9038000000e+04 1.7382610000e+04 1.0500000000e+02 1.1000000000e+01 5.2700000000e+02 1.4674022048e+01 1.0790000000e+03 4.7550378143e+01 1.5000000000e+01 3.1000000000e+01
4.1000000000e+01 1.6800000000e+02 6.8900000000e+03 6.3313100000e+03 3.5000000000e+01 4.0000000000e+00 8.1100000000e+02 2.0854538228e+01 1.1130000000e+03 2.1619027567e+01 7.0000000000e+00 1.1000000000e+01
4.1000000000e+01 1.6900000000e+02 2.2652000000e+04 2.0600840000e+04 1.2800000000e+02 1.3000000000e+01 1.1160000000e+03 3.1656124782e+01 1.3530000000e+03 2.4730675268e+01 2.3000000000e+01 1.5000000000e+01
4.2000000000e+01 1.7000000000e+02 6.9110000000e+03 6.3333800000e+03 4.0000000000e+01 4.0000000000e+00 7.7800000000e+02 3.8482430223e+01 4.2100000000e+02 8.9141201732e+00 7.0000000000e+00 1.1000000000e+01
4.2000000000e+01 1.7100000000e+02 1.4234000000e+04 1.2661550000e+04 8.4000000000e+01 8.0000000000e+00 5.1100000000e+02 4.5825756950e+00 6.2200000000e+02 1.3945677743e+01 1.1000000000e+01 1.5000000000e+01
4.2000000000e+01 1.7200000000e+02 6.9010000000e+03 6.3352500000e+03 3.8000000000e+01 4.0000000000e+00 8.8300000000e+02 2.8584157396e+01 7.6100000000e+02 2.5790213941e+01 7.0000000000e+00 1.1000000000e+01
4.2000000000e+01 1.7300000000e+02 6.8730000000e+03 6.3182900000e+03 3.3000000000e+01 4.0000000000e+00 8.8100000000e+02 1.5188400179e+01 1.0020000000e+03 3.3723137458e+01 1.1000000000e+01 1.1000000000e+01
4.2000000000e+01 1.7400000000e+02 1.0425000000e+04 9.5039700000e+03 6.3000000000e+01 6.0000000000e+00 1.0440000000e+03 2.9182960119e+01 1.0050000000e+03 3.7359845617e+01 2.3000000000e+01 3.0000000000e+00
4.2000000000e+01 1.7500000000e+02 8.5910000000e+03 7.9256000000e+03 4.1000000000e+01 5.0000000000e+00 8.8200000000e+02 7.2783926797e+00 1.0270000000e+03 4.3062744919e+01 1.1000000000e+01 7.0000000000e+00
4.2000000000e+01 1.7600000000e+02 1.4247000000e+04 1.2705130000e+04 7.6000000000e+01 8.0000000000e+00 1.0800000000e+03 2.3732677894e+01 1.0330000000e+03 3.0018660863e+01 1.5000000000e+01 1.5000000000e+01
4.2000000000e+01 1.7700000000e+02 1.2154000000e+04 1.1089010000e+04 7.2000000000e+01 7.0000000000e+00 1.1410000000e+03 4.7695926539e+01 1.0960000000e+03 4.4933910780e+01 1.9000000000e+01 1.1000000000e+01
4.4000000000e+01 1.7800000000e+02 8.4910000000e+03 7.9197600000e+03 3.7000000000e+01 5.0000000000e+00 1.2170000000e+03 1.8460919683e+01 6.8300000000e+02 2.7223866164e+01 6.0000000000e+00 1.5000000000e+01
4.4000000000e+01 1.7900000000e+02 6.8750000000e+03 6.3115500000e+03 4.0000000000e+01 4.0000000000e+00 9.2500000000e+02 2.6843802704e+01 9.0300000000e+02 2.7308306241e+01 1.1000000000e+01 7.0000000000e+00
4.5000000000e+01 1.8000000000e+02 6.9090000000e+03 6.3341000000e+03 3.4000000000e+01 4.0000000000e+00 6.7500000000e+02 2.1322203536e+01 6.3500000000e+02 2.4907100120e+01 7.0000000000e+00 7.0000000000e+00
4.5000000000e+01 1.8100000000e+02 6.9310000000e+03 6.3314100000e+03 4.1000000000e+01 4.0000000000e+00 1.1430000000e+03 2.7343646428e+01 6.5500000000e+02 3.1440419845e+01 7.0000000000e+00 7.0000000000e+00
4.5000000000e+01 1.8200000000e+02 6.9960000000e+03 6.3335500000e+03 3.5000000000e+01 4.0000000000e+00 8.0900000000e+02 3.1755962849e+01 7.5100000000e+02 2.7500267378e+01 1.1000000000e+01 7.0000000000e+00
4.5000000000e+01 1.8300000000e+02 1.2357000000e+04 1.1092570000e+04 7.7000000000e+01 7.0000000000e+00 2.8700000000e+02 1.5221608602e+01 7.9500000000e+02 3.1502088485e+01 1.5000000000e+01 1.1000000000e+01
4.5000000000e+01 1.8400000000e+02 1.0378000000e+04 9.4868100000e+03 5.9000000000e+01 6.0000000000e+00 8.8900000000e+02 3.1499863163e+01 1.1060000000e+03 1.9730075065e+01 1.1000000000e+01 1.1000000000e+01
4.6000000000e+01 1.8500000000e+02 7.0220000000e+03 6.3361600000e+03 3.9000000000e+01 4.0000000000e+00 1.2130000000e+03 1.4124446892e+01 2.9100000000e+02 1.4805759903e+01 1.1000000000e+01 7.0000000000e+00
4.6000000000e+01 1.8600000000e+02 8.6100000000e+03 7.9069900000e+03 4.2000000000e+01 5.0000000000e+00 7.3900000000e+02 3.8519871337e+01 3.8900000000e+02 2.2433641984e+01 7.0000000000e+00 1.1000000000e+01
4.6000000000e+01 1.8700000000e+02 8.7250000000e+03 7.9388200000e+03 4.6000000000e+01 5.0000000000e+00 1.2420000000e+03 3.8796620700e+01 5.3900000000e+02 2.9463348229e+01 1.5000000000e+01 7.0000000000e+00
4.6000000000e+01 1.8800000000e+02 6.8870000000e+03 6.3403600000e+03 3.2000000000e+01 4.0000000000e+00 6.8400000000e+02 1.8903831324e+01 7.4100000000e+02 2.6904250773e+01 7.0000000000e+00 9.0000000000e+00
4.6000000000e+01 1.8900000000e+02 1.2291000000e+04 1.1093210000e+04 7.3000000000e+01 7.0000000000e+00 3.6500000000e+02 1.5603151391e+01 8.1400000000e+02 3.2042289764e+01 1.1000000000e+01 1.1000000000e+01
4.6000000000e+01 1.9000000000e+02 6.8670000000e+03 6.3329600000e+03 3.7000000000e+01 4.0000000000e+00 5.9200000000e+02 3.2102699783e+01 8.5200000000e+02 3.3061810799e+01 1.0000000000e+01 7.0000000000e+00
4.6000000000e+01 1.9100000000e+02 2.4560000000e+04 2.2163260000e+04 1.5300000000e+02 1.4000000000e+01 1.2290000000e+03 1.2268916651e+01 1.1430000000e+03 1.5596263048e+01 1.9000000000e+01 1.5000000000e+01
4.6000000000e+01 1.9200000000e+02 8.6480000000e+03 7.9220300000e+03 4.8000000000e+01 5.0000000000e+00 1.4740000000e+03 2.6461935730e+01 1.2950000000e+03 1.3058786884e+01 1.1000000000e+01 7.0000000000e+00
4.7000000000e+01 1.9300000000e+02 6.8960000000e+03 6.3449100000e+03 3.3000000000e+01 4.0000000000e+00 1.2140000000e+03 4.6212146672e+01 8.0800000000e+02 1.8906843999e+01 1.1000000000e+01 7.0000000000e+00
4.8000000000e+01 1.9400000000e+02 8.8420000000e+03 7.9407100000e+03 5.7000000000e+01 5.0000000000e+00 1.4740000000e+03 2.7334567336e+01 8.1500000000e+02 9.6371676337e+00 1.1000000000e+01 7.0000000000e+00
4.8000000000e+01 1.9500000000e+02 6.8990000000e+03 6.3300200000e+03 3.9000000000e+01 4.0000000000e+00 6.3600000000e+02 1.0286680197e+01 9.3500000000e+02 2.5395295876e+01 7.0000000000e+00 7.0000000000e+00
4.8000000000e+01 1.9600000000e+02 1.4010000000e+04 1.2668090000e+04 7.7000000000e+01 8.0000000000e+00 9.6200000000e+02 1.4602631342e+01 1.1580000000e+03 2.7231464000e+01 1.1000000000e+01 1.1000000000e+01
4.8000000000e+01 1.9700000000e+02 1.2158000000e+04 1.1071010000e+04 6.6000000000e+01 7.0000000000e+00 1.3470000000e+03 1.6179759435e+01 1.5320000000e+03 3.8962704060e+01 1.5000000000e+01 1.1000000000e+01
4.9000000000e+01 1.9800000000e+02 6.9040000000e+03 6.3230100000e+03 3.6000000000e+01 4.0000000000e+00 1.5170000000e+03 3.6187211632e+01 7.3100000000e+02 2.5963710939e+01 1.1000000000e+01 7.0000000000e+00
4.9000000000e+01 1.9900000000e+02 1.7515000000e+04 1.5838200000e+04 1.0800000000e+02 1.0000000000e+01 9.7500000000e+02 3.5666550208e+01 1.3750000000e+03 4.0659631177e+01 1.5000000000e+01 1.9000000000e+01
5.0000000000e+01 2.0000000000e+02 1.0453000000e+04 9.4957700000e+03 5.2000000000e+01 6.0000000000e+00 6.7300000000e+02 2.9248764009e+01 4.2500000000e+02 9.5476103159e+00 1.1000000000e+01 1.1000000000e+01
5.0000000000e+01 2.0100000000e+02 8.6560000000e+03 7.9337400000e+03 4.7000000000e+01 5.0000000000e+00 6.5100000000e+02 1.0898743446e+01 4.8400000000e+02 2.5342008431e+01 7.0000000000e+00 1.1000000000e+01
5.0000000000e+01 2.0200000000e+02 6.9030000000e+03 6.3274800000e+03 3.9000000000e+01 4.0000000000e+00 1.3150000000e+03 4.5627784702e+01 5.7100000000e+02 2.2708101962e+01 7.0000000000e+00 7.0000000000e+00
5.0000000000e+01 2.0300000000e+02 7.0500000000e+03 6.3441500000e+03 4.6000000000e+01 4.0000000000e+00 1.4230000000e+03 4.7111451781e+01 7.0700000000e+02 9.9252763745e+00 7.0000000000e+00 7.0000000000e+00
5.0000000000e+01 2.0400000000e+02 6.9210000000e+03 6.3468900000e+03 3.7000000000e+01 4.0000000000e+00 5.8300000000e+02 2.6184707157e+01 7.6200000000e+02 3.9115924578e+01 7.0000000000e+00 7.0000000000e+00
5.0000000000e+01 2.0500000000e+02 1.0405000000e+04 9.4943100000e+03 5.9000000000e+01 6.0000000000e+00 5.0000000000e+02 3.0996384661e+01 1.4310000000e+03 1.8865677648e+01 1.1000000000e+01 1.1000000000e+01
5.1000000000e+01 2.0600000000e+02 6.9330000000e+03 6.3468800000e+03 3.3000000000e+01 4.0000000000e+00 5.7300000000e+02 2.1762209217e+01 7.5400000000e+02 2.5751213564e+01 1.1000000000e+01 7.0000000000e+00
5.1000000000e+01 2.0700000000e+02 8.7240000000e+03 7.9284700000e+03 5.1000000000e+01 5.0000000000e+00 3.1400000000e+02 1.0528057751e+01 8.9000000000e+02 4.0963642416e+01 1.1000000000e+01 7.0000000000e+00
5.1000000000e+01 2.0800000000e+02 1.7503000000e+04 1.5834910000e+04 1.0000000000e+02 1.0000000000e+01 9.6700000000e+02 1.8417986378e+01 1.4470000000e+03 1.7357500635e+01 1.1000000000e+01 2.3000000000e+01
5.1000000000e+01 2.0900000000e+02 8.6600000000e+03 7.9066600000e+03 5.2000000000e+01 5.0000000000e+00 9.0300000000e+02 1.4730254314e+01 1.5450000000e+03 4.8827627988e+01 7.0000000000e+00 1.5000000000e+01
5.1000000000e+01 2.1000000000e+02 1.2168000000e+04 1.1077510000e+04 6.8000000000e+01 7.0000000000e+00 7.6700000000e+02 1.9399184473e+01 1.6030000000e+03 1.2452297037e+01 1.1000000000e+01 1.5000000000e+01
5.2000000000e+01 2.1100000000e+02 6.8950000000e+03 6.3342100000e+03 3.1000000000e+01 4.0000000000e+00 1.8210000000e+03 3.4965697476e+01 9.4400000000e+02 1.3931977605e+01 1.1000000000e+01 7.0000000000e+00
5.2000000000e+01 2.1200000000e+02 6.8860000000e+03 6.3258900000e+03 3.3000000000e+01 4.0000000000e+00 1.0530000000e+03 3.0472323508e+01 1.0550000000e+03 3.9017223761e+01 1.1000000000e+01 7.0000000000e+00
5.3000000000e+01 2.1300000000e+02 8.8290000000e+03 7.9163500000e+03 4.8000000000e+01 5.0000000000e+00 1.1920000000e+03 2.4763562800e+01 6.2900000000e+02 1.7460593931e+01 7.0000000000e+00 1.1000000000e+01
5.3000000000e+01 2.1400000000e+02 1.3793000000e+04 1.2638270000e+04 8.1000000000e+01 8.0000000000e+00 1.1930000000e+03 3.0218371895e+01 7.3400000000e+02 2.7784663036e+01 1.9000000000e+01 1.5000000000e+01
5.3000000000e+01 2.1500000000e+02 1.0578000000e+04 9.5275700000e+03 6.3000000000e+01 6.0000000000e+00 1.1790000000e+03 4.2467634735e+01 7.5000000000e+02 3.7210603761e+01 1.5000000000e+01 7.0000000000e+00
5.3000000000e+01 2.1600000000e+02 6.9130000000e+03 6.3275700000e+03 3.3000000000e+01 4.0000000000e+00 9.7100000000e+02 3.9792430185e+01 1.0370000000e+03 3.4275537924e+01 7.0000000000e+00 1.0000000000e+01
5.3000000000e+01 2.1700000000e+02 6.9250000000e+03 6.3289800000e+03 4.1000000000e+01 4.0000000000e+00 9.6300000000e+02 3.1890045469e+01 1.1030000000e+03 2.4725998463e+01 7.0000000000e+00 7.0000000000e+00
5.3000000000e+01 2.1800000000e+02 7.0430000000e+03 6.3442000000e+03 4.4000000000e+01 4.0000000000e+00 1.0260000000e+03 2.6042898420e+01 1.1640000000e+03 3.0397750835e+01 1.1000000000e+01 7.0000000000e+00
5.3000000000e+01 2.1900000000e+02 8.6240000000e+03 7.9168800000e+03 4.9000000000e+01 5.0000000000e+00 5.6800000000e+02 2.5266083986e+01 1.2440000000e+03 4.5581428967e+01 1.5000000000e+01 7.0000000000e+00
5.4000000000e+01 2.2000000000e+02 8.7970000000e+03 7.9217800000e+03 5.0000000000e+01 5.0000000000e+00 9.5000000000e+02 3.3594520933e+01 3.9700000000e+02 2.6754362604e+01 7.0000000000e+00 1.9000000000e+01
5.4000000000e+01 2.2100000000e+02 6.8160000000e+03 6.3336500000e+03 3.3000000000e+01 4.0000000000e+00 1.0020000000e+03 3.8142414056e+01 4.9500000000e+02 2.5582586851e+01 1.1000000000e+01 7.0000000000e+00
5.4000000000e+01 2.2200000000e+02 1.4533000000e+04 1.2664920000e+04 8.5000000000e+01 8.0000000000e+00 1.1620000000e+03 2.6757953869e+01 5.4700000000e+02 1.3843513179e+01 1.9000000000e+01 1.1000000000e+01
5.4000000000e+01 2.2300000000e+02 8.8200000000e+03 7.9236500000e+03 5.1000000000e+01 5.0000000000e+00 4.2600000000e+02 1.5129441497e+01 6.6700000000e+02 3.5111251758e+01 1.0000000000e+01 7.0000000000e+00
5.4000000000e+01 2.2400000000e+02 6.8720000000e+03 6.3245400000e+03 3.3000000000e+01 4.0000000000e+00 1.3230000000e+03 3.4090871212e+01 1.0500000000e+03 1.1850632894e+01 7.0000000000e+00 1.0000000000e+01
5.4000000000e+01 2.2500000000e+02 6.9140000000e+03 6.3522300000e+03 3.6000000000e+01 4.0000000000e+00 7.8100000000e+02 1.6589153083e+01 1.1350000000e+03 3.1268880011e+01 1.0000000000e+01 7.0000000000e+00
5.4000000000e+01 2.2600000000e+02 1.0391000000e+04 9.5098600000e+03 5.7000000000e+01 6.0000000000e+00 7.2300000000e+02 2.8566651386e+01 1.5920000000e+03 2.9282186199e+01 1.5000000000e+01 7.0000000000e+00
5.5000000000e+01 2.2700000000e+02 6.9320000000e+03 6.3306600000e+03 3.8000000000e+01 4.0000000000e+00 8.3900000000e+02 3.3072402147e+01 6.8700000000e+02 2.9316999957e+01 7.0000000000e+00 7.0000000000e+00
5.5000000000e+01 2.2800000000e+02 1.0686000000e+04 9.5175600000e+03 6.7000000000e+01 6.0000000000e+00 8.9600000000e+02 3.9115989136e+01 7.7800000000e+02 2.7613128191e+01 1.1000000000e+01 1.1000000000e+01
5.5000000000e+01 2.2900000000e+02 1.4265000000e+04 1.2685830000e+04 8.7000000000e+01 8.0000000000e+00 1.0290000000e+03 3.0878607030e+00 8.1200000000e+02 3.5979968587e+01 1.1000000000e+01 1.1000000000e+01
5.5000000000e+01 2.3000000000e+02 6.9430000000e+03 6.3267900000e+03 3.8000000000e+01 4.0000000000e+00 8.7600000000e+02 2.0916177626e+01 8.1600000000e+02 3.2604924185e+01 1.1000000000e+01 7.0000000000e+00
5.5000000000e+01 2.3100000000e+02 2.6865000000e+04 2.3752400000e+04 1.7100000000e+02 1.5000000000e+01 7.9100000000e+02 2.9106195015e+01 1.0920000000e+03 4.3389955465e+01 1.5000000000e+01 1.9000000000e+01
5.6000000000e+01 2.3200000000e+02 8.6820000000e+03 7.9142700000e+03 5.2000000000e+01 5.0000000000e+00 1.3900000000e+03 4.6871957418e+01 4.9400000000e+02 1.7163001703e+01 1.5000000000e+01 7.0000000000e+00
5.6000000000e+01 2.3300000000e+02 1.6130000000e+04 1.4238370000e+04 1.0800000000e+02 9.0000000000e+00 1.5770000000e+03 1.4699799732e+01 8.1200000000e+02 2.7004153367e+01 1.1000000000e+01 1.5000000000e+01
5.6000000000e+01 2.3400000000e+02 6.7970000000e+03 6.3313800000e+03 3.5000000000e+01 4.0000000000e+00 1.5460000000e+03 3.8203018051e+01 8.2900000000e+02 4.0226929815e+01 7.0000000000e+00 1.0000000000e+01
5.6000000000e+01 2.3500000000e+02 8.9230000000e+03 7.9241500000e+03 5.7000000000e+01 5.0000000000e+00 5.2300000000e+02 1.0828203914e+01 8.6400000000e+02 2.9005849164e+01 7.0000000000e+00 1.1000000000e+01
5.6000000000e+01 2.3600000000e+02 8.7840000000e+03 7.9300700000e+03 5.2000000000e+01 5.0000000000e+00 5.8900000000e+02 2.2155422476e+01 1.2080000000e+03 4.2485060812e+01 1.9000000000e+01 7.0000000000e+00
5.6000000000e+01 2.3700000000e+02 8.6970000000e+03 7.9315000000e+03 4.6000000000e+01 5.0000000000e+00 7.8700000000e+02 1.9090428084e+00 1.2370000000e+03 2.6934075897e+01 7.0000000000e+00 1.1000000000e+01
5.6000000000e+01 2.3800000000e+02 8.7920000000e+03 7.9294100000e+03 5.5000000000e+01 5.0000000000e+00 1.2080000000e+03 3.2898271935e+01 1.4940000000e+03 1.5078805336e+01 1.0000000000e+01 1.0000000000e+01
5.7000000000e+01 2.3900000000e+02 6.9310000000e+03 6.3488100000e+03 3.5000000000e+01 4.0000000000e+00 7.7900000000e+02 2.0438573681e+01 8.7500000000e+02 2.5963209264e+01 7.0000000000e+00 7.0000000000e+00
5.8000000000e+01 2.4000000000e+02 6.8990000000e+03 6.3279200000e+03 4.1000000000e+01 4.0000000000e+00 9.6700000000e+02 4.1970823199e+01 4.2300000000e+02 2.3856864840e+01 1.4000000000e+01 1.5000000000e+01
5.8000000000e+01 2.4100000000e+02 1.5599000000e+04 1.4254430000e+04 9.0000000000e+01 9.0000000000e+00 1.3910000000e+03 2.9456309295e+01 6.8400000000e+02 3.5649038312e+01 1.9000000000e+01 1.1000000000e+01
5.8000000000e+01 2.4200000000e+02 6.9540000000e+03 6.3371400000e+03 4.0000000000e+01 4.0000000000e+00 1.2110000000e+03 2.8506859274e+01 7.3300000000e+02 3.3124086828e+01 7.0000000000e+00 1.1000000000e+01
5.8000000000e+01 2.4300000000e+02 1.0361000000e+04 9.4865600000e+03 5.3000000000e+01 6.0000000000e+00 6.4900000000e+02 3.0157280024e+01 8.1500000000e+02 3.2734362092e+01 1.1000000000e+01 7.0000000000e+00
5.8000000000e+01 2.4400000000e+02 1.3948000000e+04 1.2683200000e+04 8.2000000000e+01 8.0000000000e+00 7.6600000000e+02 3.3310918389e+01 9.3300000000e+02 4.2851307657e+01 1.9000000000e+01 1.4000000000e+01
5.8000000000e+01 2.4500000000e+02 6.8420000000e+03 6.3163100000e+03 3.6000000000e+01 4.0000000000e+00 7.9300000000e+02 2.2358763063e+01 9.4300000000e+02 1.9864541273e+01 3.0000000000e+00 1.4000000000e+01
5.8000000000e+01 2.4600000000e+02 8.6030000000e+03 7.9197300000e+03 4.9000000000e+01 5.0000000000e+00 6.5900000000e+02 3.1081545972e+01 1.0940000000e+03 4.2284995369e+01 7.0000000000e+00 1.1000000000e+01
5.8000000000e+01 2.4700000000e+02 1.0514000000e+04 9.5181500000e+03 6.2000000000e+01 6.0000000000e+00 5.0500000000e+02 2.6892926732e+01 1.1190000000e+03 2.5068757906e+01 1.1000000000e+01 7.0000000000e+00
5.8000000000e+01 2.4800000000e+02 6.8730000000e+03 6.3452800000e+03 3.5000000000e+01 4.0000000000e+00 8.2300000000e+02 3.0405591591e+01 1.2120000000e+03 3.5986108431e+01 7.0000000000e+00 1.1000000000e+01
5.9000000000e+01 2.4900000000e+02 2.3441000000e+04 2.0567980000e+04 1.3400000000e+02 1.3000000000e+01 9.3700000000e+02 1.0588332350e+01 3.9100000000e+02 2.2766384664e+01 1.5000000000e+01 1.5000000000e+01
5.9000000000e+01 2.5000000000e+02 6.8860000000e+03 6.3478700000e+03 3.4000000000e+01 4.0000000000e+00 1.3630000000e+03 3.1565228280e+01 5.2700000000e+02 3.2059603582e+01 7.0000000000e+00 7.0000000000e+00
5.9000000000e+01 2.5100000000e+02 6.8510000000e+03 6.3221200000e+03 3.4000000000e+01 4.0000000000e+00 8.9400000000e+02 3.3002295604e+01 5.4900000000e+02 1.7545611555e+01 7.0000000000e+00 1.1000000000e+01
5.9000000000e+01 2.5200000000e+02 7.0080000000e+03 6.3370400000e+03 4.0000000000e+01 4.0000000000e+00 1.2170000000e+03 2.8629821282e+01 8.0700000000e+02 2.6608751211e+01 1.1000000000e+01 7.0000000000e+00
5.9000000000e+01 2.5300000000e+02 6.8990000000e+03 6.3497200000e+03 3.9000000000e+01 4.0000000000e+00 1.1880000000e+03 3.9710465278e+01 1.4370000000e+03 3.0242006338e+01 1.1000000000e+01 1.0000000000e+01
6.0000000000e+01 2.5400000000e+02 7.0520000000e+03 6.3461300000e+03 4.5000000000e+01 4.0000000000e+00 9.4700000000e+02 3.0148496118e+01 8.3100000000e+02 3.0203100383e+01 7.0000000000e+00 7.0000000000e+00
6.0000000000e+01 2.5500000000e+02 1.0313000000e+04 9.4927800000e+03 5.3000000000e+01 6.0000000000e+00 9.8000000000e+02 2.9512383320e+01 1.0430000000e+03 2.5631260961e+01 7.0000000000e+00 1.5000000000e+01
6.0000000000e+01 2.5600000000e+02 8.6290000000e+03 7.9146400000e+03 5.2000000000e+01 5.0000000000e+00 8.4900000000e+02 2.6568077557e+01 1.2170000000e+03 3.1002846169e+01 1.0000000000e+01 1.1000000000e+01
6.1000000000e+01 2.5700000000e+02 6.9330000000e+03 6.3285900000e+03 4.0000000000e+01 4.0000000000e+00 1.1670000000e+03 3.2907796598e+01 3.6700000000e+02 2.4270378696e+01 7.0000000000e+00 7.0000000000e+00
6.1000000000e+01 2.5800000000e+02 6.9420000000e+03 6.3432600000e+03 3.4000000000e+01 4.0000000000e+00 5.9100000000e+02 2.6158607136e+01 9.4300000000e+02 2.9367576431e+01 7.0000000000e+00 7.0000000000e+00
6.1000000000e+01 2.5900000000e+02 6.9440000000e+03 6.3467600000e+03 3.5000000000e+01 4.0000000000e+00 9.1000000000e+02 3.7469203040e+01 9.5600000000e+02 2.9114884004e+01 1.1000000000e+01 7.0000000000e+00
6.1000000000e+01 2.6000000000e+02 6.8510000000e+03 6.3304000000e+03 3.6000000000e+01 4.0000000000e+00 7.4900000000e+02 3.5950759976e+01 1.2440000000e+03 3.7758631936e+01 1.0000000000e+01 7.0000000000e+00
6.1000000000e+01 2.6100000000e+02 2.6739000000e+04 2.3780810000e+04 1.7100000000e+02 1.5000000000e+01 1.2110000000e+03 3.0236226811e+01 1.3230000000e+03 3.9171868657e+01 1.9000000000e+01 2.3000000000e+01
6.2000000000e+01 2.6200000000e+02 6.9360000000e+03 6.3191200000e+03 3.9000000000e+01 4.0000000000e+00 5.8000000000e+02 2.7141927170e+01 8.9700000000e+02 3.3798162516e+01 7.0000000000e+00 1.1000000000e+01
6.3000000000e+01 2.6300000000e+02 6.9400000000e+03 6.3393200000e+03 3.7000000000e+01 4.0000000000e+00 1.0150000000e+03 2.8186876379e+01 6.3900000000e+02 2.3928133140e+01 7.0000000000e+00 7.0000000000e+00
6.3000000000e+01 2.6400000000e+02 8.6640000000e+03 7.9243000000e+03 4.9000000000e+01 5.0000000000e+00 8.5000000000e+02 2.0820662814e+01 8.6500000000e+02 2.3400943713e+01 1.1000000000e+01 1.1000000000e+01
6.3000000000e+01 2.6500000000e+02 6.8460000000e+03 6.3311100000e+03 3.6000000000e+01 4.0000000000e+00 1.1480000000e+03 3.1556298896e+01 1.0540000000e+03 3.0125926186e+01 1.1000000000e+01 7.0000000000e+00
6.4000000000e+01 2.6600000000e+02 6.9150000000e+03 6.3350100000e+03 4.2000000000e+01 4.0000000000e+00 5.7100000000e+02 2.9960136116e+01 8.5900000000e+02 3.6127484301e+01 7.0000000000e+00 7.0000000000e+00
6.4000000000e+01 2.6700000000e+02 8.6150000000e+03 7.9428400000e+03 4.0000000000e+01 5.0000000000e+00 1.1330000000e+03 2.5438210710e+01 1.1320000000e+03 4.2553435488e+01 1.1000000000e+01 1.1000000000e+01
6.5000000000e+01 2.6800000000e+02 1.7563000000e+04 1.5853720000e+04 9.0000000000e+01 1.0000000000e+01 1.0510000000e+03 1.9143749530e+01 2.7600000000e+02 2.0134100985e+01 1.5000000000e+01 1.5000000000e+01
6.5000000000e+01 2.6900000000e+02 6.9050000000e+03 6.3218100000e+03 3.7000000000e+01 4.0000000000e+00 9.9000000000e+02 4.2854080578e+01 3.2700000000e+02 1.4975906576e+01 1.5000000000e+01 7.0000000000e+00
6.5000000000e+01 2.7000000000e+02 2.3541000000e+04 2.0590950000e+04 1.5600000000e+02 1.3000000000e+01 6.7200000000e+02 1.9346584261e+01 3.8600000000e+02 1.3505793261e+01 1.5000000000e+01 1.5000000000e+01
6.5000000000e+01 2.7100000000e+02 7.0740000000e+03 6.3346000000e+03 3.9000000000e+01 4.0000000000e+00 2.8800000000e+02 2.0884393569e+01 6.3400000000e+02 2.7182618285e+01 1.1000000000e+01 7.0000000000e+00
6.5000000000e+01 2.7200000000e+02 6.9040000000e+03 6.3286900000e+03 3.8000000000e+01 4.0000000000e+00 1.1840000000e+03 3.1198146168e+01 7.7900000000e+02 2.6078882417e+01 1.1000000000e+01 7.0000000000e+00
6.5000000000e+01 2.7300000000e+02 7.0970000000e+03 6.3438900000e+03 4.3000000000e+01 4.0000000000e+00 7.9700000000e+02 2.9690867603e+01 9.3000000000e+02 2.9084032602e+01 1.1000000000e+01 7.0000000000e+00
6.5000000000e+01 2.7400000000e+02 8.5630000000e+03 7.9219900000e+03 4.0000000000e+01 5.0000000000e+00 9.5900000000e+02 3.9744052934e+01 1.1500000000e+03 8.2197385946e+00 7.0000000000e+00 1.1000000000e+01
6.6000000000e+01 2.7500000000e+02 6.8950000000e+03 6.3233200000e+03 3.6000000000e+01 4.0000000000e+00 8.2600000000e+02 1.9687559524e+01 5.3200000000e+02 2.8187129789e+01 1.1000000000e+01 7.0000000000e+00
6.6000000000e+01 2.7600000000e+02 1.0440000000e+04 9.4941300000e+03 5.9000000000e+01 6.0000000000e+00 7.1000000000e+02 3.5126372841e+01 7.0400000000e+02 1.2488615505e+01 1.0000000000e+01 1.1000000000e+01
6.6000000000e+01 2.7700000000e+02 6.9090000000e+03 6.3229800000e+03 3.8000000000e+01 4.0000000000e+00 1.0950000000e+03 3.8542710602e+01 1.1430000000e+03 3.3425188754e+01 7.0000000000e+00 7.0000000000e+00
6.6000000000e+01 2.7800000000e+02 6.8480000000e+03 6.3185900000e+03 3.0000000000e+01 4.0000000000e+00 7.7900000000e+02 3.2858106647e+01 1.1910000000e+03 4.2571643468e+01 7.0000000000e+00 7.0000000000e+00
6.7000000000e+01 2.7900000000e+02 6.8740000000e+03 6.3400700000e+03 3.4000000000e+01 4.0000000000e+00 1.1430000000e+03 3.9108241401e+01 5.8700000000e+02 2.2436442218e+01 7.0000000000e+00 7.0000000000e+00
6.7000000000e+01 2.8000000000e+02 1.5639000000e+04 1.4231060000e+04 8.0000000000e+01 9.0000000000e+00 7.3300000000e+02 2.9117613965e+01 6.7700000000e+02 9.3740822336e+00 1.3000000000e+01 1.8000000000e+01
6.7000000000e+01 2.8100000000e+02 1.0494000000e+04 9.4909900000e+03 5.8000000000e+01 6.0000000000e+00 9.3400000000e+02 3.5800617460e+01 1.0030000000e+03 2.6046180311e+01 1.9000000000e+01 1.1000000000e+01
6.7000000000e+01 2.8200000000e+02 6.8710000000e+03 6.3352600000e+03 3.7000000000e+01 4.0000000000e+00 7.9100000000e+02 7.4068286811e+00 1.0660000000e+03 3.1799283710e+01 1.1000000000e+01 7.0000000000e+00
6.8000000000e+01 2.8300000000e+02 8.6150000000e+03 7.9264300000e+03 4.3000000000e+01 5.0000000000e+00 1.2320000000e+03 3.3517941180e+01 1.1150000000e+03 2.2146697056e+00 1.1000000000e+01 7.0000000000e+00
6.8000000000e+01 2.8400000000e+02 1.0413000000e+04 9.5028900000e+03 5.5000000000e+01 6.0000000000e+00 7.1000000000e+02 2.1343313638e+01 1.2020000000e+03 1.9089458018e+01 1.0000000000e+01 1.1000000000e+01
6.8000000000e+01 2.8500000000e+02 1.3985000000e+04 1.2683570000e+04 8.8000000000e+01 8.0000000000e+00 6.9400000000e+02 3.0952503473e+01 1.2210000000e+03 3.8034618230e+01 1.5000000000e+01 1.5000000000e+01
6.8000000000e+01 2.8600000000e+02 1.2024000000e+04 1.1085390000e+04 6.6000000000e+01 7.0000000000e+00 9.2600000000e+02 3.8983428432e+01 1.2330000000e+03 3.3307656777e+01 1.0000000000e+01 1.1000000000e+01
6.8000000000e+01 2.8700000000e+02 1.2135000000e+04 1.1093280000e+04 6.8000000000e+01 7.0000000000e+00 6.3000000000e+02 3.2982356206e+01 1.2400000000e+03 4.3212422205e+01 1.5000000000e+01 1.5000000000e+01
6.8000000000e+01 2.8800000000e+02 8.6510000000e+03 7.8991500000e+03 5.2000000000e+01 5.0000000000e+00 6.4600000000e+02 2.9495762408e+01 1.2710000000e+03 4.9477465657e+01 1.0000000000e+01 7.0000000000e+00
6.8000000000e+01 2.8900000000e+02 8.7010000000e+03 7.9261600000e+03 4.5000000000e+01 5.0000000000e+00 4.9400000000e+02 1.4774825026e+01 1.3260000000e+03 4.6041236458e+01 1.5000000000e+01 1.1000000000e+01
6.9000000000e+01 2.9000000000e+02 1.0528000000e+04 9.5159800000e+03 5.8000000000e+01 6.0000000000e+00 8.2300000000e+02 3.4898851336e+01 6.0900000000e+02 2.2895644265e+01 7.0000000000e+00 1.1000000000e+01
6.9000000000e+01 2.9100000000e+02 1.3979000000e+04 1.2667450000e+04 7.7000000000e+01 8.0000000000e+00 8.2100000000e+02 1.9546503254e+01 6.3500000000e+02 2.8653327170e+01 1.4000000000e+01 1.9000000000e+01
6.9000000000e+01 2.9200000000e+02 6.9280000000e+03 6.3362700000e+03 3.4000000000e+01 4.0000000000e+00 6.8300000000e+02 3.2889161888e+01 8.7900000000e+02 3.1888536935e+01 7.0000000000e+00 7.0000000000e+00
6.9000000000e+01 2.9300000000e+02 8.6260000000e+03 7.9152100000e+03 4.0000000000e+01 5.0000000000e+00 8.4000000000e+02 3.8942100348e+01 9.5100000000e+02 2.4299414365e+01 1.1000000000e+01 7.0000000000e+00
7.0000000000e+01 2.9400000000e+02 1.0389000000e+04 9.5071700000e+03 5.3000000000e+01 6.0000000000e+00 8.7500000000e+02 3.3911649916e+00 4.3400000000e+02 1.9373852323e+01 1.1000000000e+01 1.1000000000e+01
7.0000000000e+01 2.9500000000e+02 8.6420000000e+03 7.9146400000e+03 4.5000000000e+01 5.0000000000e+00 1.2350000000e+03 4.5633171746e+01 8.6800000000e+02 3.0928069040e+01 7.0000000000e+00 1.1000000000e+01
7.0000000000e+01 2.9600000000e+02 8.9060000000e+03 7.9398200000e+03 4.7000000000e+01 5.0000000000e+00 6.8600000000e+02 2.8027936374e+01 9.7100000000e+02 4.1163512758e+01 1.1000000000e+01 7.0000000000e+00
7.0000000000e+01 2.9700000000e+02 6.8840000000e+03 6.3406500000e+03 3.9000000000e+01 4.0000000000e+00 8.5800000000e+02 1.2173093712e+01 1.0270000000e+03 4.1000962761e+01 1.1000000000e+01 7.0000000000e+00
7.1000000000e+01 2.9800000000e+02 8.5360000000e+03 7.9011200000e+03 4.2000000000e+01 5.0000000000e+00 1.7020000000e+03 3.0392152389e+01 6.7100000000e+02 4.0545066766e+00 1.1000000000e+01 1.4000000000e+01
7.1000000000e+01 2.9900000000e+02 8.7320000000e+03 7.9190400000e+03 4.6000000000e+01 5.0000000000e+00 1.7220000000e+03 1.5501254430e+01 6.8900000000e+02 1.6843726165e+01 1.1000000000e+01 1.1000000000e+01
7.1000000000e+01 3.0000000000e+02 6.8630000000e+03 6.3213300000e+03 3.5000000000e+01 4.0000000000e+00 8.3700000000e+02 2.8236397037e+01 7.3600000000e+02 3.6775551341e+01 1.1000000000e+01 1.1000000000e+01
7.1000000000e+01 3.0100000000e+02 7.0080000000e+03 6.3411600000e+03 3.5000000000e+01 4.0000000000e+00 1.0470000000e+03 4.0850876584e+01 1.0450000000e+03 2.7328072186e+01 7.0000000000e+00 1.1000000000e+01
7.1000000000e+01 3.0200000000e+02 6.8310000000e+03 6.3341100000e+03 4.1000000000e+01 4.0000000000e+00 7.1400000000e+02 3.2363173516e+01 1.4380000000e+03 3.3020826761e+01 1.1000000000e+01 1.1000000000e+01
7.1000000000e+01 3.0300000000e+02 6.7870000000e+03 6.3417900000e+03 2.9000000000e+01 4.0000000000e+00 8.3900000000e+02 2.7117469330e+01 1.4460000000e+03 4.4344833811e+01 1.3000000000e+01 7.0000000000e+00
7.2000000000e+01 3.0400000000e+02 6.8450000000e+03 6.3460100000e+03 3.4000000000e+01 4.0000000000e+00 9.4300000000e+02 3.3303016516e+00 7.8600000000e+02 2.8512092065e+01 1.1000000000e+01 7.0000000000e+00
7.2000000000e+01 3.0500000000e+02 1.7471000000e+04 1.5826040000e+04 9.7000000000e+01 1.0000000000e+01 9.6300000000e+02 3.2837510310e+01 9.2500000000e+02 2.7594723227e+01 1.5000000000e+01 1.1000000000e+01
7.2000000000e+01 3.0600000000e+02 6.9970000000e+03 6.3245100000e+03 3.9000000000e+01 4.0000000000e+00 1.1000000000e+03 4.3767026762e+01 9.5700000000e+02 3.8337490240e+01 7.0000000000e+00 1.1000000000e+01
7.2000000000e+01 3.0700000000e+02 6.8800000000e+03 6.3194400000e+03 3.7000000000e+01 4.0000000000e+00 1.1910000000e+03 3.2616458013e+01 1.2910000000e+03 4.7968739821e+01 7.0000000000e+00 7.0000000000e+00
7.2000000000e+01 3.0800000000e+02 6.9350000000e+03 6.3294800000e+03 4.5000000000e+01 4.0000000000e+00 1.0350000000e+03 3.3676941126e+01 1.4190000000e+03 3.5080751003e+01 7.0000000000e+00 7.0000000000e+00
7.2000000000e+01 3.0900000000e+02 8.7880000000e+03 7.9158300000e+03 5.7000000000e+01 5.0000000000e+00 6.6200000000e+02 2.6793522671e+01 1.5090000000e+03 3.0395899629e+01 1.0000000000e+01 1.1000000000e+01
7.3000000000e+01 3.1000000000e+02 6.9650000000e+03 6.3306700000e+03 3.3000000000e+01 4.0000000000e+00 4.5500000000e+02 2.4546511972e+01 9.0700000000e+02 3.9193031906e+01 7.0000000000e+00 7.0000000000e+00
7.3000000000e+01 3.1100000000e+02 6.8810000000e+03 6.3352100000e+03 3.5000000000e+01 4.0000000000e+00 9.5300000000e+02 3.0106673093e+01 1.2360000000e+03 4.3518082786e+01 1.1000000000e+01 6.0000000000e+00
7.4000000000e+01 3.1200000000e+02 8.7960000000e+03 7.9037400000e+03 4.6000000000e+01 5.0000000000e+00 9.8900000000e+02 4.4064094731e+01 3.8200000000e+02 8.7736980674e+00 1.1000000000e+01 1.1000000000e+01
7.4000000000e+01 3.1300000000e+02 6.8510000000e+03 6.3438000000e+03 3.3000000000e+01 4.0000000000e+00 7.1700000000e+02 3.0071789105e+01 7.1200000000e+02 3.4080786376e+01 1.0000000000e+01 7.0000000000e+00
7.4000000000e+01 3.1400000000e+02 1.5802000000e+04 1.4268460000e+04 9.2000000000e+01 9.0000000000e+00 5.4400000000e+02 3.2411841548e+01 7.9200000000e+02 3.7118610006e+01 1.9000000000e+01 1.9000000000e+01
7.4000000000e+01 3.1500000000e+02 8.6580000000e+03 7.9246100000e+03 4.5000000000e+01 5.0000000000e+00 1.2100000000e+03 4.2668649338e+01 8.5300000000e+02 4.1419143576e+01 7.0000000000e+00 1.1000000000e+01
7.4000000000e+01 3.1600000000e+02 7.0090000000e+03 6.3425700000e+03 4.8000000000e+01 4.0000000000e+00 6.7700000000e+02 1.2367596646e+01 9.6700000000e+02 3.3420913315e+01 1.1000000000e+01 7.0000000000e+00
7.4000000000e+01 3.1700000000e+02 2.0957000000e+04 1.8987820000e+04 1.2400000000e+02 1.2000000000e+01 1.5220000000e+03 2.4902084675e+01 1.2820000000e+03 4.8658508059e+01 1.9000000000e+01 1.5000000000e+01
7.4000000000e+01 3.1800000000e+02 1.3984000000e+04 1.2645890000e+04 8.1000000000e+01 8.0000000000e+00 1.1260000000e+03 3.2509037205e+01 1.3890000000e+03 5.2750710896e+01 1.5000000000e+01 1.9000000000e+01
7.5000000000e+01 3.1900000000e+02 6.9010000000e+03 6.3361400000e+03 3.8000000000e+01 4.0000000000e+00 3.4900000000e+02 1.5922956401e+01 3.6800000000e+02 1.4482048534e+01 1.1000000000e+01 1.1000000000e+01
7.5000000000e+01 3.2000000000e+02 3.5477000000e+04 3.1656270000e+04 2.1600000000e+02 2.0000000000e+01 9.0800000000e+02 3.9303470466e+01 5.6400000000e+02 2.1969429077e+01 1.9000000000e+01 3.4000000000e+01
7.5000000000e+01 3.2100000000e+02 1.0357000000e+04 9.5122700000e+03 5.2000000000e+01 6.0000000000e+00 9.8900000000e+02 4.2373687729e+01 8.0700000000e+02 3.2887210697e+01 1.1000000000e+01 7.0000000000e+00
7.5000000000e+01 3.2200000000e+02 2.4255000000e+04 2.2138840000e+04 1.3300000000e+02 1.4000000000e+01 9.6000000000e+02 2.7640824002e+01 9.1600000000e+02 3.8185948550e+01 2.2000000000e+01 2.7000000000e+01
7.5000000000e+01 3.2300000000e+02 6.9630000000e+03 6.3441200000e+03 4.0000000000e+01 4.0000000000e+00 1.1700000000e+03 3.6429067008e+01 9.3600000000e+02 2.6920109727e+01 9.0000000000e+00 7.0000000000e+00
7.6000000000e+01 3.2400000000e+02 2.3072000000e+04 2.0595540000e+04 1.2700000000e+02 1.3000000000e+01 6.3400000000e+02 1.5720777880e+01 6.1500000000e+02 3.1044131414e+01 3.1000000000e+01 1.9000000000e+01
7.6000000000e+01 3.2500000000e+02 8.7370000000e+03 7.9246600000e+03 5.1000000000e+01 5.0000000000e+00 6.5900000000e+02 3.3846417831e+01 6.2300000000e+02 2.8850303291e+01 1.1000000000e+01 1.0000000000e+01
7.6000000000e+01 3.2600000000e+02 1.7975000000e+04 1.5847070000e+04 1.1300000000e+02 1.0000000000e+01 6.7900000000e+02 3.4867862813e+01 6.2800000000e+02 1.8974371813e+01 1.9000000000e+01 1.5000000000e+01
7.6000000000e+01 3.2700000000e+02 8.6800000000e+03 7.9151500000e+03 5.8000000000e+01 5.0000000000e+00 1.0420000000e+03 4.0231348517e+01 7.3500000000e+02 2.5487182881e+01 1.1000000000e+01 7.0000000000e+00
7.6000000000e+01 3.2800000000e+02 8.7950000000e+03 7.9200900000e+03 5.2000000000e+01 5.0000000000e+00 1.0920000000e+03 3.2115600021e+01 7.5200000000e+02 3.3342253708e+01 7.0000000000e+00 1.5000000000e+01
7.6000000000e+01 3.2900000000e+02 2.2704000000e+04 2.0618450000e+04 1.4000000000e+02 1.3000000000e+01 1.0380000000e+03 2.5089480154e+01 7.5900000000e+02 1.9455353797e+01 2.3000000000e+01 2.3000000000e+01
7.6000000000e+01 3.3000000000e+02 1.5494000000e+04 1.4257480000e+04 8.3000000000e+01 9.0000000000e+00 1.0760000000e+03 8.2032117446e+00 7.5800000000e+02 3.1125434662e+01 1.5000000000e+01 1.9000000000e+01
7.6000000000e+01 3.3100000000e+02 2.3093000000e+04 2.0622800000e+04 1.3700000000e+02 1.3000000000e+01 8.4600000000e+02 3.5011237692e+01 7.7100000000e+02 2.3670532686e+01 3.1000000000e+01 2.3000000000e+01
7.6000000000e+01 3.3200000000e+02 6.9500000000e+03 6.3280000000e+03 4.0000000000e+01 4.0000000000e+00 9.1200000000e+02 1.8389657071e+01 7.9400000000e+02 2.7898626012e+01 1.1000000000e+01 7.0000000000e+00
7.6000000000e+01 3.3300000000e+02 6.9130000000e+03 6.3482600000e+03 3.8000000000e+01 4.0000000000e+00 5.8500000000e+02 2.8260850583e+01 8.3500000000e+02 2.0289126365e+01 1.1000000000e+01 7.0000000000e+00
7.6000000000e+01 3.3400000000e+02 1.9229000000e+04 1.7423540000e+04 1.1700000000e+02 1.1000000000e+01 6.5000000000e+02 3.1940677772e+01 1.1590000000e+03 4.0536169460e+01 1.4000000000e+01 1.9000000000e+01
7.7000000000e+01 3.3500000000e+02 6.9210000000e+03 6.3343400000e+03 3.5000000000e+01 4.0000000000e+00 1.1920000000e+03 1.6878458251e+01 7.5900000000e+02 3.4152770967e+01 7.0000000000e+00 7.0000000000e+00
7.7000000000e+01 3.3600000000e+02 8.7340000000e+03 7.9089000000e+03 5.1000000000e+01 5.0000000000e+00 9.8400000000e+02 3.3320864335e+01 8.1500000000e+02 2.9204794127e+01 1.1000000000e+01 7.0000000000e+00
7.7000000000e+01 3.3700000000e+02 8.6700000000e+03 7.9100900000e+03 4.7000000000e+01 5.0000000000e+00 2.4100000000e+02 7.5267638407e+00 8.8000000000e+02 3.6248538201e+01 1.1000000000e+01 1.1000000000e+01
7.7000000000e+01 3.3800000000e+02 6.9090000000e+03 6.3324600000e+03 3.9000000000e+01 4.0000000000e+00 8.8800000000e+02 2.0622547701e+01 1.0860000000e+03 4.3561511259e+01 7.0000000000e+00 1.1000000000e+01
7.7000000000e+01 3.3900000000e+02 6.8690000000e+03 6.3504600000e+03 4.0000000000e+01 4.0000000000e+00 9.7300000000e+02 3.0939560602e+01 1.2930000000e+03 2.8365743153e+01 1.1000000000e+01 1.1000000000e+01
7.8000000000e+01 3.4000000000e+02 6.9320000000e+03 6.3373400000e+03 3.7000000000e+01 4.0000000000e+00 3.2700000000e+02 2.1015867022e+01 1.2390000000e+03 3.5290067850e+01 7.0000000000e+00 7.0000000000e+00
7.8000000000e+01 3.4100000000e+02 1.7413000000e+04 1.5811030000e+04 9.4000000000e+01 1.0000000000e+01 1.2540000000e+03 2.7944645745e+01 1.4210000000e+03 4.7668208111e+01 1.9000000000e+01 1.1000000000e+01
7.9000000000e+01 3.4200000000e+02 6.9940000000e+03 6.3245100000e+03 4.2000000000e+01 4.0000000000e+00 8.7700000000e+02 2.7923239731e+01 8.5100000000e+02 2.8918725472e+01 1.1000000000e+01 7.0000000000e+00
7.9000000000e+01 3.4300000000e+02 8.6550000000e+03 7.9119400000e+03 4.2000000000e+01 5.0000000000e+00 1.1970000000e+03 2.4275853706e+01 8.6100000000e+02 2.6837814603e+01 1.0000000000e+01 1.1000000000e+01
7.9000000000e+01 3.4400000000e+02 6.8940000000e+03 6.3371300000e+03 3.5000000000e+01 4.0000000000e+00 5.7700000000e+02 2.6203951206e+01 1.0350000000e+03 3.9866689619e+01 1.1000000000e+01 7.0000000000e+00
8.0000000000e+01 3.4500000000e+02 8.7590000000e+03 7.9275600000e+03 4.7000000000e+01 5.0000000000e+00 1.4460000000e+03 4.0555919527e+01 3.6100000000e+02 1.0647514509e+01 1.1000000000e+01 1.9000000000e+01
8.0000000000e+01 3.4600000000e+02 1.6285000000e+04 1.4251590000e+04 1.0000000000e+02 9.0000000000e+00 1.1090000000e+03 4.1427068689e+01 6.1000000000e+02 1.6722935318e+01 1.4000000000e+01 1.1000000000e+01
8.0000000000e+01 3.4700000000e+02 6.9360000000e+03 6.3343200000e+03 4.3000000000e+01 4.0000000000e+00 1.1510000000e+03 3.7821007012e+01 7.0300000000e+02 2.7229186022e+01 7.0000000000e+00 7.0000000000e+00
8.0000000000e+01 3.4800000000e+02 1.0358000000e+04 9.4801800000e+03 6.0000000000e+01 6.0000000000e+00 8.6200000000e+02 3.9495333344e+01 8.5500000000e+02 1.5513799216e+01 1.1000000000e+01 1.0000000000e+01
8.0000000000e+01 3.4900000000e+02 6.8640000000e+03 6.3393500000e+03 3.4000000000e+01 4.0000000000e+00 1.2150000000e+03 3.7485754870e+01 8.6100000000e+02 1.2941593738e+01 7.0000000000e+00 1.1000000000e+01
8.0000000000e+01 3.5000000000e+02 1.0393000000e+04 9.4991700000e+03 5.6000000000e+01 6.0000000000e+00 1.3190000000e+03 1.9904316572e+01 1.0060000000e+03 4.3261362144e+01 1.4000000000e+01 7.0000000000e+00
8.0000000000e+01 3.5100000000e+02 6.8260000000e+03 6.3306300000e+03 3.7000000000e+01 4.0000000000e+00 4.3700000000e+02 1.8678567635e+01 1.1910000000e+03 4.1722629085e+01 1.1000000000e+01 1.5000000000e+01
8.1000000000e+01 3.5200000000e+02 1.2307000000e+04 1.1126630000e+04 6.6000000000e+01 7.0000000000e+00 5.5100000000e+02 1.2729735027e+01 1.0210000000e+03 1.7131617194e+01 1.1000000000e+01 1.1000000000e+01
8.1000000000e+01 3.5300000000e+02 6.9060000000e+03 6.3150500000e+03 3.4000000000e+01 4.0000000000e+00 9.3900000000e+02 4.0695096868e+01 1.0290000000e+03 4.1898868141e+01 7.0000000000e+00 1.1000000000e+01
8.1000000000e+01 3.5400000000e+02 6.9200000000e+03 6.3386400000e+03 3.9000000000e+01 4.0000000000e+00 6.4900000000e+02 3.1066990436e+01 1.0360000000e+03 3.3901948399e+01 1.1000000000e+01 7.0000000000e+00
8.1000000000e+01 3.5500000000e+02 1.0624000000e+04 9.5196800000e+03 6.4000000000e+01 6.0000000000e+00 8.6200000000e+02 3.7113724839e+01 1.2440000000e+03 3.0244768667e+01 1.1000000000e+01 9.0000000000e+00
8.1000000000e+01 3.5600000000e+02 1.0571000000e+04 9.5130300000e+03 6.9000000000e+01 6.0000000000e+00 7.8500000000e+02 3.5415599753e+01 1.2810000000e+03 4.0405481573e+01 1.1000000000e+01 1.1000000000e+01
8.1000000000e+01 3.5700000000e+02 1.5850000000e+04 1.4253650000e+04 9.9000000000e+01 9.0000000000e+00 1.5100000000e+03 4.9538173283e+01 1.3420000000e+03 4.1848975312e+01 1.5000000000e+01 1.9000000000e+01
8.1000000000e+01 3.5800000000e+02 6.8800000000e+03 6.3302500000e+03 3.8000000000e+01 4.0000000000e+00 1.1510000000e+03 3.0628991742e+01 1.4630000000e+03 4.6266268140e+01 7.0000000000e+00 7.0000000000e+00
8.2000000000e+01 3.5900000000e+02 8.7190000000e+03 7.9319300000e+03 5.0000000000e+01 5.0000000000e+00 9.4300000000e+02 4.3490791894e+01 7.5000000000e+02 2.0938198663e+01 7.0000000000e+00 1.1000000000e+01
8.2000000000e+01 3.6000000000e+02 8.7110000000e+03 7.9191700000e+03 4.5000000000e+01 5.0000000000e+00 2.4100000000e+02 1.7598424516e+01 7.7400000000e+02 2.7988634057e+01 1.1000000000e+01 1.1000000000e+01
8.2000000000e+01 3.6100000000e+02 8.6260000000e+03 7.9171100000e+03 5.1000000000e+01 5.0000000000e+00 1.0370000000e+03 3.2306346126e+01 1.0610000000e+03 4.2306027939e+01 1.1000000000e+01 1.1000000000e+01
8.3000000000e+01 3.6200000000e+02 6.8730000000e+03 6.3469600000e+03 3.7000000000e+01 4.0000000000e+00 9.4000000000e+02 1.4808030854e+01 2.5800000000e+02 1.7084756038e+01 1.1000000000e+01 7.0000000000e+00
8.3000000000e+01 3.6300000000e+02 6.9220000000e+03 6.3349200000e+03 3.9000000000e+01 4.0000000000e+00 7.1100000000e+02 2.3005720113e+01 5.0500000000e+02 2.1454357918e+01 7.0000000000e+00 1.1000000000e+01
8.3000000000e+01 3.6400000000e+02 6.9200000000e+03 6.3349900000e+03 3.9000000000e+01 4.0000000000e+00 4.2700000000e+02 2.0248456731e+01 5.3700000000e+02 2.0797899692e+01 7.0000000000e+00 1.1000000000e+01
8.3000000000e+01 3.6500000000e+02 1.3884000000e+04 1.2654270000e+04 8.1000000000e+01 8.0000000000e+00 1.1830000000e+03 2.8456326186e+01 6.4700000000e+02 1.1184252322e+01 1.5000000000e+01 1.5000000000e+01
8.3000000000e+01 3.6600000000e+02 1.0552000000e+04 9.5171900000e+03 5.8000000000e+01 6.0000000000e+00 5.0700000000e+02 2.2555973263e+00 6.7200000000e+02 2.7847958129e+01 7.0000000000e+00 1.5000000000e+01
8.3000000000e+01 3.6700000000e+02 2.7005000000e+04 2.3734820000e+04 1.6700000000e+02 1.5000000000e+01 9.3600000000e+02 2.4060541111e+01 9.4200000000e+02 2.3477238400e+01 2.3000000000e+01 1.9000000000e+01
8.3000000000e+01 3.6800000000e+02 8.6230000000e+03 7.9263900000e+03 4.7000000000e+01 5.0000000000e+00 1.1320000000e+03 3.1679783706e+01 1.0480000000e+03 2.8713729484e+01 1.5000000000e+01 6.0000000000e+00
8.3000000000e+01 3.6900000000e+02 8.6890000000e+03 7.9110600000e+03 4.6000000000e+01 5.0000000000e+00 4.0600000000e+02 2.4589518996e+01 1.0710000000e+03 1.2113353513e+01 1.0000000000e+01 7.0000000000e+00
8.3000000000e+01 3.7000000000e+02 2.3169000000e+04 2.0613770000e+04 1.4500000000e+02 1.3000000000e+01 9.8600000000e+02 3.7885426691e+01 1.0770000000e+03 4.5846361785e+01 1.5000000000e+01 2.3000000000e+01
8.3000000000e+01 3.7100000000e+02 6.8360000000e+03 6.3081100000e+03 3.7000000000e+01 4.0000000000e+00 9.7000000000e+02 4.2941821107e+01 1.0910000000e+03 3.4891896544e+01 1.0000000000e+01 7.0000000000e+00
8.3000000000e+01 3.7200000000e+02 8.7700000000e+03 7.9153400000e+03 5.4000000000e+01 5.0000000000e+00 4.3000000000e+02 1.2478661031e+01 1.2900000000e+03 4.5267340053e+01 1.1000000000e+01 7.0000000000e+00
8.3000000000e+01 3.7300000000e+02 8.7840000000e+03 7.9387800000e+03 5.3000000000e+01 5.0000000000e+00 3.9400000000e+02 1.5406666889e+01 1.2980000000e+03 3.3288367106e+01 1.1000000000e+01 1.1000000000e+01
8.4000000000e+01 3.7400000000e+02 1.0591000000e+04 9.5130800000e+03 6.7000000000e+01 6.0000000000e+00 1.3620000000e+03 6.9794069384e+00 5.3200000000e+02 3.1508296166e+01 1.1000000000e+01 1.1000000000e+01
8.4000000000e+01 3.7500000000e+02 3.1815000000e+04 2.8488730000e+04 1.9400000000e+02 1.8000000000e+01 1.4190000000e+03 3.6061044962e+01 9.5300000000e+02 1.6880101417e+01 1.8000000000e+01 2.3000000000e+01
8.4000000000e+01 3.7600000000e+02 1.0269000000e+04 9.5035600000e+03 5.7000000000e+01 6.0000000000e+00 1.3460000000e+03 4.1348043657e+01 9.5100000000e+02 3.6483606886e+01 1.9000000000e+01 7.0000000000e+00
8.4000000000e+01 3.7700000000e+02 6.8960000000e+03 6.3528100000e+03 3.6000000000e+01 4.0000000000e+00 1.2260000000e+03 1.2011898863e+01 1.3200000000e+03 2.4804377494e+01 7.0000000000e+00 1.1000000000e+01
8.5000000000e+01 3.7800000000e+02 8.5530000000e+03 7.9076800000e+03 4.2000000000e+01 5.0000000000e+00 1.0960000000e+03 7.7317842575e+00 4.2200000000e+02 1.8372832542e+01 7.0000000000e+00 1.1000000000e+01
8.5000000000e+01 3.7900000000e+02 8.6860000000e+03 7.8999700000e+03 5.0000000000e+01 5.0000000000e+00 1.1780000000e+03 4.6052764769e+01 8.0400000000e+02 3.7251489492e+01 7.0000000000e+00 1.1000000000e+01
8.5000000000e+01 3.8000000000e+02 6.9780000000e+03 6.3194900000e+03 4.3000000000e+01 4.0000000000e+00 9.0200000000e+02 2.9496569615e+01 1.0120000000e+03 4.0533348997e+01 1.1000000000e+01 7.0000000000e+00
8.5000000000e+01 3.8100000000e+02 6.8780000000e+03 6.3313300000e+03 3.7000000000e+01 4.0000000000e+00 1.2770000000e+03 3.3818962465e+01 1.1200000000e+03 4.1794470660e+01 1.1000000000e+01 7.0000000000e+00
8.6000000000e+01 3.8200000000e+02 6.9590000000e+03 6.3394200000e+03 3.1000000000e+01 4.0000000000e+00 4.7900000000e+02 2.5960867988e+01 6.0000000000e+02 3.1192947921e+01 7.0000000000e+00 1.1000000000e+01
8.6000000000e+01 3.8300000000e+02 8.6480000000e+03 7.9110000000e+03 4.9000000000e+01 5.0000000000e+00 1.0540000000e+03 3.9323709981e+01 8.7100000000e+02 3.6717105460e+01 1.1000000000e+01 7.0000000000e+00
8.6000000000e+01 3.8400000000e+02 6.9700000000e+03 6.3585100000e+03 3.3000000000e+01 4.0000000000e+00 1.0020000000e+03 3.0711866599e+01 9.1400000000e+02 2.0298552904e+01 7.0000000000e+00 1.1000000000e+01
8.6000000000e+01 3.8500000000e+02 6.8660000000e+03 6.3387700000e+03 3.9000000000e+01 4.0000000000e+00 1.3690000000e+03 5.1735918501e+01 1.0360000000e+03 2.7712812921e+01 1.1000000000e+01 7.0000000000e+00
8.7000000000e+01 3.8600000000e+02 8.6770000000e+03 7.9149800000e+03 5.0000000000e+01 5.0000000000e+00 1.2140000000e+03 2.8319604517e+01 3.7700000000e+02 1.8614236378e+01 1.1000000000e+01 1.1000000000e+01
8.7000000000e+01 3.8700000000e+02 8.5070000000e+03 7.9130900000e+03 3.6000000000e+01 5.0000000000e+00 1.0630000000e+03 4.1610438251e+00 7.5200000000e+02 3.5445330138e+01 1.5000000000e+01 1.1000000000e+01
8.7000000000e+01 3.8800000000e+02 1.7618000000e+04 1.5862210000e+04 9.9000000000e+01 1.0000000000e+01 7.8300000000e+02 2.7036068124e+01 8.8400000000e+02 1.0215534389e+01 1.5000000000e+01 1.5000000000e+01
8.7000000000e+01 3.8900000000e+02 6.9720000000e+03 6.3393300000e+03 3.7000000000e+01 4.0000000000e+00 1.1170000000e+03 3.1625411723e+01 1.0100000000e+03 4.0406613870e+01 1.1000000000e+01 7.0000000000e+00
8.7000000000e+01 3.9000000000e+02 1.5902000000e+04 1.4245890000e+04 9.2000000000e+01 9.0000000000e+00 9.0100000000e+02 2.3311318762e+01 1.0430000000e+03 1.8918274205e+01 1.1000000000e+01 1.5000000000e+01
8.7000000000e+01 3.9100000000e+02 8.7240000000e+03 7.9116100000e+03 4.5000000000e+01 5.0000000000e+00 1.0890000000e+03 2.8243261465e+01 1.0450000000e+03 3.5247179126e+01 9.0000000000e+00 1.1000000000e+01
8.7000000000e+01 3.9200000000e+02 1.0447000000e+04 9.4927000000e+03 5.4000000000e+01 6.0000000000e+00 1.0330000000e+03 2.5198831959e+01 1.1070000000e+03 2.7518775752e+01 1.1000000000e+01 7.0000000000e+00
8.8000000000e+01 3.9300000000e+02 6.9820000000e+03 6.3352800000e+03 4.0000000000e+01 4.0000000000e+00 5.2100000000e+02 2.2763556119e+01 5.2400000000e+02 2.5124816621e+01 1.1000000000e+01 1.1000000000e+01
8.8000000000e+01 3.9400000000e+02 7.1030000000e+03 6.3365400000e+03 4.4000000000e+01 4.0000000000e+00 1.3070000000e+03 2.7112170098e+01 7.7500000000e+02 3.4050577975e+01 7.0000000000e+00 7.0000000000e+00
8.8000000000e+01 3.9500000000e+02 8.7420000000e+03 7.9222600000e+03 5.1000000000e+01 5.0000000000e+00 1.0800000000e+03 4.1286075134e+01 8.8400000000e+02 3.8582379398e+01 1.5000000000e+01 7.0000000000e+00
8.8000000000e+01 3.9600000000e+02 2.0853000000e+04 1.9024500000e+04 1.0600000000e+02 1.2000000000e+01 1.0300000000e+03 3.2987154787e+01 9.0000000000e+02 2.8987025012e+01 2.7000000000e+01 1.5000000000e+01
8.8000000000e+01 3.9700000000e+02 7.0110000000e+03 6.3660100000e+03 4.4000000000e+01 4.0000000000e+00 1.3710000000e+03 4.0169698171e+01 1.0250000000e+03 3.3136433963e+01 1.5000000000e+01 3.0000000000e+00
8.8000000000e+01 3.9800000000e+02 6.9540000000e+03 6.3262700000e+03 3.8000000000e+01 4.0000000000e+00 1.2210000000e+03 2.4553856966e+01 1.1710000000e+03 3.1901029383e+01 1.1000000000e+01 7.0000000000e+00
8.9000000000e+01 3.9900000000e+02 1.4002000000e+04 1.2681730000e+04 7.8000000000e+01 8.0000000000e+00 6.5300000000e+02 2.2815465249e+01 4.4700000000e+02 2.1245014694e+01 1.1000000000e+01 1.4000000000e+01
8.9000000000e+01 4.0000000000e+02 8.5870000000e+03 7.9214000000e+03 4.4000000000e+01 5.0000000000e+00 1.7090000000e+03 1.8085070291e+01 8.1300000000e+02 3.0336868352e+01 1.0000000000e+01 1.1000000000e+01
8.9000000000e+01 4.0100000000e+02 6.9210000000e+03 6.3381900000e+03 3.6000000000e+01 4.0000000000e+00 8.5200000000e+02 3.1382433667e+01 9.5800000000e+02 2.9656124398e+01 1.1000000000e+01 7.0000000000e+00
8.9000000000e+01 4.0200000000e+02 6.9740000000e+03 6.3253800000e+03 4.2000000000e+01 4.0000000000e+00 1.1950000000e+03 3.8998436491e+01 1.1350000000e+03 2.7938084855e+01 7.0000000000e+00 7.0000000000e+00
8.9000000000e+01 4.0300000000e+02 1.6173000000e+04 1.4221940000e+04 9.9000000000e+01 9.0000000000e+00 1.3500000000e+03 5.1829685765e+01 1.1700000000e+03 3.1460535694e+01 1.5000000000e+01 1.1000000000e+01
9.0000000000e+01 4.0400000000e+02 1.2126000000e+04 1.1079320000e+04 6.2000000000e+01 7.0000000000e+00 1.1330000000e+03 3.4673654193e+01 4.8900000000e+02 2.2865967266e+01 1.4000000000e+01 1.1000000000e+01
9.0000000000e+01 4.0500000000e+02 8.8760000000e+03 7.9173200000e+03 5.5000000000e+01 5.0000000000e+00 3.7700000000e+02 2.2749033353e+01 5.3000000000e+02 2.0055478609e+01 1.1000000000e+01 1.1000000000e+01
9.0000000000e+01 4.0600000000e+02 1.0440000000e+04 9.4831200000e+03 6.2000000000e+01 6.0000000000e+00 9.6200000000e+02 2.0463882618e+01 7.5600000000e+02 3.2778691599e+01 1.1000000000e+01 1.1000000000e+01
9.0000000000e+01 4.0700000000e+02 8.7710000000e+03 7.9098300000e+03 4.6000000000e+01 5.0000000000e+00 8.3100000000e+02 3.9925764447e+01 9.0100000000e+02 3.6471906997e+01 7.0000000000e+00 1.1000000000e+01
9.0000000000e+01 4.0800000000e+02 8.6170000000e+03 7.9296800000e+03 4.7000000000e+01 5.0000000000e+00 1.5010000000e+03 5.1229661924e+01 1.1070000000e+03 3.5449903416e+01 1.1000000000e+01 7.0000000000e+00
9.0000000000e+01 4.0900000000e+02 6.8750000000e+03 6.3325800000e+03 3.9000000000e+01 4.0000000000e+00 7.0500000000e+02 3.2928551041e+01 1.2140000000e+03 2.9966648128e+01 1.1000000000e+01 7.0000000000e+00
9.1000000000e+01 4.1000000000e+02 1.0477000000e+04 9.5025100000e+03 5.5000000000e+01 6.0000000000e+00 5.9000000000e+02 8.6313382508e+00 3.8400000000e+02 2.0853101732e+01 1.1000000000e+01 1.1000000000e+01
9.1000000000e+01 4.1100000000e+02 8.8710000000e+03 7.9179000000e+03 5.8000000000e+01 5.0000000000e+00 2.9900000000e+02 2.3923122486e+01 5.9700000000e+02 3.4398592382e+01 7.0000000000e+00 1.1000000000e+01
9.1000000000e+01 4.1200000000e+02 6.8900000000e+03 6.3301200000e+03 3.8000000000e+01 4.0000000000e+00 5.2200000000e+02 9.6828072767e+00 8.4400000000e+02 2.6250868711e+01 1.1000000000e+01 7.0000000000e+00
9.1000000000e+01 4.1300000000e+02 8.6970000000e+03 7.9388500000e+03 4.8000000000e+01 5.0000000000e+00 5.6900000000e+02 2.4257484039e+01 1.3860000000e+03 3.1839023293e+01 1.1000000000e+01 1.1000000000e+01
9.1000000000e+01 4.1400000000e+02 1.9421000000e+04 1.7453180000e+04 1.1900000000e+02 1.1000000000e+01 5.8400000000e+02 2.3657334836e+01 1.4740000000e+03 4.1682720071e+01 1.5000000000e+01 1.5000000000e+01
9.2000000000e+01 4.1500000000e+02 1.0570000000e+04 9.5058900000e+03 6.8000000000e+01 6.0000000000e+00 1.5320000000e+03 4.1865812648e+01 8.9600000000e+02 4.1160588308e+01 1.1000000000e+01 1.1000000000e+01
9.2000000000e+01 4.1600000000e+02 6.9410000000e+03 6.3333800000e+03 3.9000000000e+01 4.0000000000e+00 1.2460000000e+03 4.2134184146e+01 1.2810000000e+03 4.2755424402e+01 7.0000000000e+00 1.1000000000e+01
9.2000000000e+01 4.1700000000e+02 7.0830000000e+03 6.3207000000e+03 4.5000000000e+01 4.0000000000e+00 1.4310000000e+03 3.3340870360e+01 1.2910000000e+03 2.7709122226e+01 7.0000000000e+00 7.0000000000e+00
9.2000000000e+01 4.1800000000e+02 3.5216000000e+04 3.1708470000e+04 2.1500000000e+02 2.0000000000e+01 1.1610000000e+03 3.3044362704e+01 1.3680000000e+03 3.7921278519e+01 1.9000000000e+01 3.1000000000e+01
9.3000000000e+01 4.1900000000e+02 1.0644000000e+04 9.5074700000e+03 6.8000000000e+01 6.0000000000e+00 1.4270000000e+03 3.2705150446e+01 3.7900000000e+02 2.6094260820e+01 7.0000000000e+00 1.5000000000e+01
9.3000000000e+01 4.2000000000e+02 6.9460000000e+03 6.3371600000e+03 3.4000000000e+01 4.0000000000e+00 1.0120000000e+03 3.7618096870e+01 9.4500000000e+02 2.5284442456e+01 7.0000000000e+00 1.1000000000e+01
9.4000000000e+01 4.2100000000e+02 8.5610000000e+03 7.9309900000e+03 4.0000000000e+01 5.0000000000e+00 8.5600000000e+02 3.8771520079e+01 5.1900000000e+02 1.5778108820e+01 1.1000000000e+01 1.1000000000e+01
9.4000000000e+01 4.2200000000e+02 6.8850000000e+03 6.3335300000e+03 4.5000000000e+01 4.0000000000e+00 6.3100000000e+02 2.7933769072e+01 8.0900000000e+02 2.3689756129e+01 7.0000000000e+00 1.1000000000e+01
9.4000000000e+01 4.2300000000e+02 8.6830000000e+03 7.9236300000e+03 4.9000000000e+01 5.0000000000e+00 1.1170000000e+03 4.5406956148e+01 1.1750000000e+03 4.3757618384e+01 1.1000000000e+01 7.0000000000e+00
9.4000000000e+01 4.2400000000e+02 1.2005000000e+04 1.1084310000e+04 6.1000000000e+01 7.0000000000e+00 4.2400000000e+02 2.9093240910e+01 1.3840000000e+03 5.1833386924e+01 1.1000000000e+01 1.1000000000e+01
9.5000000000e+01 4.2500000000e+02 6.9390000000e+03 6.3303800000e+03 3.6000000000e+01 4.0000000000e+00 8.1800000000e+02 2.7420534537e+01 4.0200000000e+02 7.5023805746e+00 7.0000000000e+00 1.1000000000e+01
9.5000000000e+01 4.2600000000e+02 7.0500000000e+03 6.3249500000e+03 4.4000000000e+01 4.0000000000e+00 1.3220000000e+03 4.0038353705e+01 6.1300000000e+02 1.4397189648e+01 7.0000000000e+00 1.1000000000e+01
9.5000000000e+01 4.2700000000e+02 7.0510000000e+03 6.3311200000e+03 4.1000000000e+01 4.0000000000e+00 3.6600000000e+02 1.8535101834e+01 6.9600000000e+02 3.4455043172e+01 1.1000000000e+01 7.0000000000e+00
9.5000000000e+01 4.2800000000e+02 6.8550000000e+03 6.3337700000e+03 3.5000000000e+01 4.0000000000e+00 7.0300000000e+02 2.5005293557e+01 8.2500000000e+02 3.1294615211e+01 7.0000000000e+00 1.0000000000e+01
9.5000000000e+01 4.2900000000e+02 6.8560000000e+03 6.3280600000e+03 3.2000000000e+01 4.0000000000e+00 5.8200000000e+02 3.0113762795e+01 1.3500000000e+03 2.3072116952e+01 7.0000000000e+00 1.1000000000e+01
9.6000000000e+01 4.3000000000e+02 1.4375000000e+04 1.2680290000e+04 8.8000000000e+01 8.0000000000e+00 1.2930000000e+03 1.1379554160e+01 3.0800000000e+02 2.3415291202e+01 1.1000000000e+01 1.1000000000e+01
9.6000000000e+01 4.3100000000e+02 1.0642000000e+04 9.5119000000e+03 6.4000000000e+01 6.0000000000e+00 8.0300000000e+02 3.8845031960e+01 4.3900000000e+02 2.3655933180e+01 7.0000000000e+00 1.5000000000e+01
9.6000000000e+01 4.3200000000e+02 8.9600000000e+03 7.9228300000e+03 5.7000000000e+01 5.0000000000e+00 8.8800000000e+02 2.3307340965e+01 4.8000000000e+02 2.7966497814e+01 7.0000000000e+00 1.1000000000e+01
9.6000000000e+01 4.3300000000e+02 6.9550000000e+03 6.3205200000e+03 4.2000000000e+01 4.0000000000e+00 9.3100000000e+02 2.5323275710e+01 5.6200000000e+02 2.9383917951e+00 7.0000000000e+00 1.1000000000e+01
9.6000000000e+01 4.3400000000e+02 6.8780000000e+03 6.3224000000e+03 3.9000000000e+01 4.0000000000e+00 6.6400000000e+02 2.9631508834e+01 8.0100000000e+02 3.0573466308e+01 7.0000000000e+00 1.1000000000e+01
9.6000000000e+01 4.3500000000e+02 1.2234000000e+04 1.1083780000e+04 7.0000000000e+01 7.0000000000e+00 5.7200000000e+02 3.0892755119e+01 1.3900000000e+03 4.9714401728e+01 1.1000000000e+01 1.4000000000e+01
9.7000000000e+01 4.3600000000e+02 8.6440000000e+03 7.9167000000e+03 4.6000000000e+01 5.0000000000e+00 1.0560000000e+03 4.5523620243e+01 6.8800000000e+02 3.5961090084e+01 1.1000000000e+01 1.1000000000e+01
9.7000000000e+01 4.3700000000e+02 7.0190000000e+03 6.3417200000e+03 3.9000000000e+01 4.0000000000e+00 8.9500000000e+02 3.0783625176e+01 8.5500000000e+02 3.2952118373e+01 7.0000000000e+00 7.0000000000e+00
9.7000000000e+01 4.3800000000e+02 8.6170000000e+03 7.9191100000e+03 4.5000000000e+01 5.0000000000e+00 8.4500000000e+02 2.6443765376e+01 8.7600000000e+02 2.5609834759e+01 1.1000000000e+01 1.5000000000e+01
9.7000000000e+01 4.3900000000e+02 6.9230000000e+03 6.3470600000e+03 3.3000000000e+01 4.0000000000e+00 6.8300000000e+02 1.8587630295e+01 8.9300000000e+02 2.4939301313e+01 7.0000000000e+00 1.1000000000e+01
9.7000000000e+01 4.4000000000e+02 8.6040000000e+03 7.9194900000e+03 4.8000000000e+01 5.0000000000e+00 1.2770000000e+03 4.4314158921e+01 1.0680000000e+03 2.9543692850e+01 1.1000000000e+01 1.1000000000e+01
9.9000000000e+01 4.4100000000e+02 1.9694000000e+04 1.7441910000e+04 1.2200000000e+02 1.1000000000e+01 1.0200000000e+03 4.3380785631e+01 4.8000000000e+02 1.6232046662e+01 1.1000000000e+01 1.5000000000e+01
