2.0000000000e+00 0.0000000000e+00 6.7433000000e+04 6.3621810000e+04 4.0300000000e+02 1.0000000000e+01 9.0500000000e+02 3.9352788660e+00 7.6600000000e+02 2.7541214906e+00
5.0000000000e+00 1.0000000000e+00 4.6027000000e+04 4.4449400000e+04 2.1300000000e+02 7.0000000000e+00 1.5050000000e+03 2.2537446793e+00 5.5400000000e+02 5.8770470935e+00
6.0000000000e+00 2.0000000000e+00 5.3129000000e+04 5.0774120000e+04 2.8900000000e+02 8.0000000000e+00 1.2570000000e+03 3.4046786537e+00 9.3600000000e+02 3.9589732744e+00
6.0000000000e+00 3.0000000000e+00 3.9939000000e+04 3.8131760000e+04 2.1100000000e+02 6.0000000000e+00 7.8800000000e+02 3.7523326079e+00 1.0200000000e+03 1.9595917942e+00
7.0000000000e+00 4.0000000000e+00 3.9907000000e+04 3.8104720000e+04 1.7300000000e+02 6.0000000000e+00 1.1660000000e+03 2.6932013169e+00 4.8400000000e+02 3.7523326079e+00
7.0000000000e+00 5.0000000000e+00 3.3911000000e+04 3.1781910000e+04 1.9900000000e+02 5.0000000000e+00 6.6400000000e+02 4.0000000000e+00 6.2000000000e+02 4.5607017004e+00
7.0000000000e+00 6.0000000000e+00 3.3157000000e+04 3.1743740000e+04 1.7100000000e+02 5.0000000000e+00 1.5070000000e+03 2.1908902300e+00 1.4320000000e+03 6.3245553203e+00
8.0000000000e+00 7.0000000000e+00 4.0211000000e+04 3.8084770000e+04 2.1500000000e+02 6.0000000000e+00 1.3220000000e+03 3.6950417228e+00 1.6520000000e+03 3.7523326079e+00
9.0000000000e+00 8.0000000000e+00 5.4158000000e+04 5.0859390000e+04 3.1300000000e+02 8.0000000000e+00 1.0530000000e+03 2.2497165354e+00 7.2200000000e+02 3.1298431857e+00
9.0000000000e+00 9.0000000000e+00 6.0251000000e+04 5.7246330000e+04 3.0000000000e+02 9.0000000000e+00 7.7600000000e+02 7.7459666924e+00 9.6000000000e+02 0.0000000000e+00
9.0000000000e+00 1.0000000000e+01 3.3422000000e+04 3.1768170000e+04 1.6500000000e+02 5.0000000000e+00 1.2410000000e+03 3.3466401061e+00 1.1370000000e+03 3.3466401061e+00
1.0000000000e+01 1.1000000000e+01 3.3678000000e+04 3.1782140000e+04 1.8700000000e+02 5.0000000000e+00 1.0380000000e+03 3.3466401061e+00 1.1790000000e+03 2.1908902300e+00
1.2000000000e+01 1.2000000000e+01 3.3343000000e+04 3.1768200000e+04 1.6800000000e+02 5.0000000000e+00 7.3400000000e+02 1.7888543820e+00 4.6500000000e+02 5.2153619242e+00
1.3000000000e+01 1.3000000000e+01 6.7366000000e+04 6.3485550000e+04 3.8300000000e+02 1.0000000000e+01 9.7400000000e+02 2.7541214906e+00 7.6700000000e+02 5.2512197290e+00
1.3000000000e+01 1.4000000000e+01 6.7657000000e+04 6.3505800000e+04 3.8200000000e+02 1.0000000000e+01 4.3100000000e+02 1.9676394330e+00 1.1410000000e+03 3.5666493596e+00
1.6000000000e+01 1.5000000000e+01 6.0207000000e+04 5.7198040000e+04 3.3900000000e+02 9.0000000000e+00 8.3000000000e+02 3.9440531887e+00 1.5710000000e+03 1.4907119850e+00
2.1000000000e+01 1.6000000000e+01 4.7221000000e+04 4.4457460000e+04 2.4200000000e+02 7.0000000000e+00 1.0700000000e+03 3.4914862438e+00 1.1520000000e+03 2.6666666667e+00
2.1000000000e+01 1.7000000000e+01 6.7948000000e+04 6.3550650000e+04 4.1300000000e+02 1.0000000000e+01 9.7100000000e+02 2.5762447549e+00 1.3170000000e+03 3.0920048233e+00
2.2000000000e+01 1.8000000000e+01 4.0672000000e+04 3.8125300000e+04 2.5000000000e+02 6.0000000000e+00 8.1600000000e+02 3.2000000000e+00 9.2400000000e+02 1.9595917942e+00
2.2000000000e+01 1.9000000000e+01 3.3184000000e+04 3.1709670000e+04 1.7100000000e+02 5.0000000000e+00 9.9800000000e+02 1.7888543820e+00 1.5600000000e+03 6.3245553203e+00
2.2000000000e+01 2.0000000000e+01 3.3667000000e+04 3.1743360000e+04 1.7800000000e+02 5.0000000000e+00 1.3680000000e+03 2.8284271247e+00 1.5850000000e+03 3.3466401061e+00
2.3000000000e+01 2.1000000000e+01 3.3816000000e+04 3.1780860000e+04 1.9400000000e+02 5.0000000000e+00 6.4800000000e+02 2.8284271247e+00 1.3020000000e+03 3.3466401061e+00
2.4000000000e+01 2.2000000000e+01 6.7792000000e+04 6.3505170000e+04 3.9900000000e+02 1.0000000000e+01 1.0030000000e+03 3.5997256411e+00 1.0640000000e+03 2.8109134757e+00
2.8000000000e+01 2.3000000000e+01 3.3590000000e+04 3.1821950000e+04 1.7800000000e+02 5.0000000000e+00 1.1400000000e+03 4.5607017004e+00 1.1450000000e+03 1.7888543820e+00
2.9000000000e+01 2.4000000000e+01 6.6548000000e+04 6.3492650000e+04 3.5300000000e+02 1.0000000000e+01 1.1800000000e+03 5.2210400553e+00 7.7400000000e+02 3.5108298059e+00
3.2000000000e+01 2.5000000000e+01 4.7288000000e+04 4.4440040000e+04 2.7100000000e+02 7.0000000000e+00 1.3560000000e+03 1.7457431219e+00 4.6100000000e+02 3.6340541006e+00
3.3000000000e+01 2.6000000000e+01 4.1867000000e+04 3.8127130000e+04 2.6200000000e+02 6.0000000000e+00 7.9000000000e+02 2.6932013169e+00 6.0900000000e+02 2.6932013169e+00
3.3000000000e+01 2.7000000000e+01 4.0470000000e+04 3.8145290000e+04 2.3500000000e+02 6.0000000000e+00 9.7800000000e+02 5.8423739467e+00 7.2900000000e+02 1.4605934867e+00
3.3000000000e+01 2.8000000000e+01 3.9854000000e+04 3.8147830000e+04 2.0400000000e+02 6.0000000000e+00 1.0500000000e+03 2.9211869734e+00 1.4360000000e+03 3.7523326079e+00
3.5000000000e+01 2.9000000000e+01 3.3356000000e+04 3.1818720000e+04 1.7500000000e+02 5.0000000000e+00 5.2600000000e+02 3.3466401061e+00 5.7100000000e+02 2.1908902300e+00
3.6000000000e+01 3.0000000000e+01 5.4586000000e+04 5.0847220000e+04 3.4200000000e+02 8.0000000000e+00 1.1100000000e+03 3.8756171332e+00 8.4800000000e+02 2.2857142857e+00
3.6000000000e+01 3.1000000000e+01 3.3484000000e+04 3.1763320000e+04 1.7400000000e+02 5.0000000000e+00 1.0040000000e+03 2.1908902300e+00 1.5770000000e+03 3.3466401061e+00
3.7000000000e+01 3.2000000000e+01 4.0232000000e+04 3.8151690000e+04 2.2200000000e+02 6.0000000000e+00 1.1580000000e+03 3.5175749222e+00 8.6600000000e+02 3.6950417228e+00
3.7000000000e+01 3.3000000000e+01 4.0978000000e+04 3.8113800000e+04 2.3700000000e+02 6.0000000000e+00 1.1450000000e+03 2.6932013169e+00 1.0060000000e+03 2.6932013169e+00
3.7000000000e+01 3.4000000000e+01 4.6720000000e+04 4.4539130000e+04 2.5200000000e+02 7.0000000000e+00 1.0900000000e+03 2.4688535994e+00 1.3130000000e+03 2.9385235468e+00
3.7000000000e+01 3.5000000000e+01 3.3388000000e+04 3.1765260000e+04 1.8300000000e+02 5.0000000000e+00 1.1340000000e+03 3.3466401061e+00 1.3640000000e+03 2.1908902300e+00
3.7000000000e+01 3.6000000000e+01 3.3643000000e+04 3.1741270000e+04 2.0000000000e+02 5.0000000000e+00 1.1950000000e+03 3.5777087640e+00 1.6520000000e+03 3.5777087640e+00
3.8000000000e+01 3.7000000000e+01 5.4090000000e+04 5.0840670000e+04 3.0300000000e+02 8.0000000000e+00 1.0950000000e+03 2.5233602475e+00 1.5570000000e+03 4.2570469788e+00
3.9000000000e+01 3.8000000000e+01 3.2938000000e+04 3.1778810000e+04 1.4400000000e+02 5.0000000000e+00 1.1800000000e+03 2.1908902300e+00 3.3400000000e+02 3.3466401061e+00
4.0000000000e+01 3.9000000000e+01 3.3679000000e+04 3.1718840000e+04 2.0600000000e+02 5.0000000000e+00 1.2920000000e+03 2.1908902300e+00 1.3420000000e+03 3.3466401061e+00
4.1000000000e+01 4.0000000000e+01 6.1213000000e+04 5.7192160000e+04 3.8400000000e+02 9.0000000000e+00 8.9000000000e+02 2.0000000000e+00 1.4350000000e+03 3.1972210155e+00
4.2000000000e+01 4.1000000000e+01 5.4181000000e+04 5.1346040000e+04 2.8600000000e+02 8.0000000000e+00 8.0100000000e+02 2.9965967091e+00 3.6700000000e+02 4.9651849134e+00
4.3000000000e+01 4.2000000000e+01 4.0454000000e+04 3.8116480000e+04 2.3300000000e+02 6.0000000000e+00 1.3420000000e+03 2.6932013169e+00 2.1300000000e+02 3.6950417228e+00
4.4000000000e+01 4.3000000000e+01 3.3200000000e+04 3.1757080000e+04 1.6100000000e+02 5.0000000000e+00 7.5000000000e+02 3.3466401061e+00 7.7200000000e+02 2.1908902300e+00
4.5000000000e+01 4.4000000000e+01 4.0232000000e+04 3.8128730000e+04 2.2500000000e+02 6.0000000000e+00 1.0040000000e+03 6.6932802123e+00 4.7200000000e+02 4.5254833996e+00
4.5000000000e+01 4.5000000000e+01 3.3602000000e+04 3.1752380000e+04 1.7300000000e+02 5.0000000000e+00 1.3120000000e+03 2.8284271247e+00 7.1300000000e+02 3.3466401061e+00
4.5000000000e+01 4.6000000000e+01 3.3890000000e+04 3.1796480000e+04 2.0400000000e+02 5.0000000000e+00 1.3230000000e+03 2.1908902300e+00 7.5300000000e+02 3.3466401061e+00
4.6000000000e+01 4.7000000000e+01 3.3633000000e+04 3.1734880000e+04 1.8000000000e+02 5.0000000000e+00 3.7700000000e+02 3.3466401061e+00 7.3100000000e+02 2.1908902300e+00
4.8000000000e+01 4.8000000000e+01 5.3737000000e+04 5.0824530000e+04 2.9200000000e+02 8.0000000000e+00 7.7800000000e+02 4.4994330709e+00 6.4700000000e+02 1.9378085666e+00
4.8000000000e+01 4.9000000000e+01 3.3549000000e+04 3.1717700000e+04 1.9800000000e+02 5.0000000000e+00 1.5280000000e+03 2.8284271247e+00 1.3310000000e+03 4.5607017004e+00
5.0000000000e+01 5.0000000000e+01 4.0164000000e+04 3.8074070000e+04 2.3600000000e+02 6.0000000000e+00 1.5570000000e+03 3.6950417228e+00 8.7800000000e+02 2.6932013169e+00
5.1000000000e+01 5.1000000000e+01 4.0371000000e+04 3.8108580000e+04 2.2900000000e+02 6.0000000000e+00 1.3560000000e+03 1.9595917942e+00 1.4960000000e+03 3.2000000000e+00
5.1000000000e+01 5.2000000000e+01 6.0428000000e+04 5.7130470000e+04 3.4700000000e+02 9.0000000000e+00 1.4160000000e+03 2.0000000000e+00 1.6320000000e+03 4.4721359550e+00
5.5000000000e+01 5.3000000000e+01 3.3045000000e+04 3.1809740000e+04 1.5200000000e+02 5.0000000000e+00 4.7800000000e+02 3.3466401061e+00 6.1200000000e+02 4.5607017004e+00
5.5000000000e+01 5.4000000000e+01 3.3252000000e+04 3.1783760000e+04 1.6300000000e+02 5.0000000000e+00 6.5900000000e+02 2.1908902300e+00 8.7300000000e+02 3.3466401061e+00
5.5000000000e+01 5.5000000000e+01 4.0018000000e+04 3.8089930000e+04 2.2200000000e+02 6.0000000000e+00 7.4400000000e+02 3.2000000000e+00 1.3320000000e+03 1.9595917942e+00
5.7000000000e+01 5.6000000000e+01 4.0018000000e+04 3.8078890000e+04 2.1600000000e+02 6.0000000000e+00 1.1210000000e+03 2.6932013169e+00 1.5320000000e+03 3.7523326079e+00
5.8000000000e+01 5.7000000000e+01 3.3827000000e+04 3.2131850000e+04 1.8400000000e+02 5.0000000000e+00 1.3020000000e+03 3.3466401061e+00 9.3100000000e+02 2.1908902300e+00
5.8000000000e+01 5.8000000000e+01 4.6979000000e+04 4.4458820000e+04 2.7000000000e+02 7.0000000000e+00 1.1580000000e+03 6.3745525831e+00 1.5240000000e+03 1.7457431219e+00
5.9000000000e+01 5.9000000000e+01 6.7747000000e+04 6.3483840000e+04 3.9200000000e+02 1.0000000000e+01 1.4920000000e+03 4.5671938057e+00 1.0590000000e+03 2.2487307806e+00
6.1000000000e+01 6.0000000000e+01 5.3171000000e+04 5.0817790000e+04 2.6700000000e+02 8.0000000000e+00 8.4500000000e+02 2.7701027757e+00 1.0610000000e+03 5.0950155715e+00
6.2000000000e+01 6.1000000000e+01 6.7414000000e+04 6.3581340000e+04 3.5200000000e+02 1.0000000000e+01 6.1700000000e+02 3.5108298059e+00 1.1550000000e+03 3.1301007754e+00
6.2000000000e+01 6.2000000000e+01 6.7070000000e+04 6.3468620000e+04 3.8500000000e+02 1.0000000000e+01 1.2410000000e+03 2.7541214906e+00 1.2610000000e+03 2.5298221281e+00
6.4000000000e+01 6.3000000000e+01 4.0405000000e+04 3.8069310000e+04 2.3800000000e+02 6.0000000000e+00 7.6800000000e+02 3.2000000000e+00 1.4220000000e+03 2.6932013169e+00
6.5000000000e+01 6.4000000000e+01 8.1343000000e+04 7.6247060000e+04 5.0300000000e+02 1.2000000000e+01 6.2200000000e+02 3.6845294918e+00 7.3400000000e+02 1.7312553766e+00
6.5000000000e+01 6.5000000000e+01 4.0016000000e+04 3.8087750000e+04 1.9200000000e+02 6.0000000000e+00 9.5300000000e+02 2.6932013169e+00 1.3820000000e+03 2.6932013169e+00
6.6000000000e+01 6.6000000000e+01 3.9901000000e+04 3.8144740000e+04 1.9000000000e+02 6.0000000000e+00 6.2000000000e+02 1.9595917942e+00 5.8400000000e+02 3.2000000000e+00
6.6000000000e+01 6.7000000000e+01 4.6644000000e+04 4.4450100000e+04 2.3000000000e+02 7.0000000000e+00 9.8700000000e+02 4.1556998532e+00 1.2530000000e+03 2.4688535994e+00
6.6000000000e+01 6.8000000000e+01 7.4018000000e+04 6.9857140000e+04 4.0900000000e+02 1.1000000000e+01 9.9600000000e+02 4.7143880351e+00 1.3140000000e+03 4.5383216762e+00
7.1000000000e+01 6.9000000000e+01 4.7286000000e+04 4.4501510000e+04 2.7800000000e+02 7.0000000000e+00 4.8800000000e+02 2.6666666667e+00 8.3500000000e+02 3.1872762916e+00
7.1000000000e+01 7.0000000000e+01 5.4998000000e+04 5.0824750000e+04 3.4100000000e+02 8.0000000000e+00 1.0000000000e+03 2.2857142857e+00 1.3960000000e+03 3.6140316116e+00
7.1000000000e+01 7.1000000000e+01 3.3094000000e+04 3.1778940000e+04 1.6500000000e+02 5.0000000000e+00 6.2500000000e+02 3.3466401061e+00 1.5420000000e+03 5.2153619242e+00
7.1000000000e+01 7.2000000000e+01 3.3444000000e+04 3.1730010000e+04 1.8500000000e+02 5.0000000000e+00 7.7900000000e+02 3.5777087640e+00 1.5760000000e+03 2.8284271247e+00
7.4000000000e+01 7.3000000000e+01 4.0552000000e+04 3.8153350000e+04 2.3300000000e+02 6.0000000000e+00 1.4610000000e+03 1.8475208614e+00 6.2100000000e+02 4.3328204825e+00
7.4000000000e+01 7.4000000000e+01 3.3325000000e+04 3.1784000000e+04 1.8200000000e+02 5.0000000000e+00 7.5300000000e+02 3.3466401061e+00 8.1700000000e+02 3.3466401061e+00
7.4000000000e+01 7.5000000000e+01 4.0643000000e+04 3.8090810000e+04 2.1200000000e+02 6.0000000000e+00 5.8400000000e+02 3.2000000000e+00 8.4400000000e+02 3.7523326079e+00
7.4000000000e+01 7.6000000000e+01 4.7146000000e+04 4.4515090000e+04 2.6600000000e+02 7.0000000000e+00 1.1780000000e+03 4.5074893586e+00 1.0970000000e+03 3.9681269821e+00
7.4000000000e+01 7.7000000000e+01 3.3317000000e+04 3.1744180000e+04 1.7500000000e+02 5.0000000000e+00 7.4200000000e+02 3.3466401061e+00 1.4300000000e+03 3.3466401061e+00
7.4000000000e+01 7.8000000000e+01 3.9596000000e+04 3.8077270000e+04 1.8700000000e+02 6.0000000000e+00 7.8600000000e+02 2.9211869734e+00 1.4300000000e+03 2.6932013169e+00
7.4000000000e+01 7.9000000000e+01 4.0400000000e+04 3.8087980000e+04 2.4200000000e+02 6.0000000000e+00 6.9600000000e+02 3.2000000000e+00 1.4650000000e+03 2.6932013169e+00
7.4000000000e+01 8.0000000000e+01 1.0600900000e+05 1.0146334000e+05 5.6200000000e+02 1.6000000000e+01 7.6900000000e+02 4.8221710187e+00 1.4770000000e+03 2.8936712552e+00
7.4000000000e+01 8.1000000000e+01 5.3709000000e+04 5.0761640000e+04 3.0400000000e+02 8.0000000000e+00 5.7800000000e+02 4.4994330709e+00 1.4730000000e+03 2.5233602475e+00
7.5000000000e+01 8.2000000000e+01 5.4020000000e+04 5.0829820000e+04 3.0500000000e+02 8.0000000000e+00 1.2180000000e+03 2.6802375770e+00 1.1280000000e+03 3.2324881426e+00
7.6000000000e+01 8.3000000000e+01 4.0301000000e+04 3.8143280000e+04 2.0700000000e+02 6.0000000000e+00 1.1120000000e+03 4.5254833996e+00 7.7800000000e+02 2.9211869734e+00
7.6000000000e+01 8.4000000000e+01 8.1989000000e+04 7.6233530000e+04 5.3100000000e+02 1.2000000000e+01 8.5900000000e+02 3.6302979714e+00 1.0920000000e+03 2.1716936809e+00
7.7000000000e+01 8.5000000000e+01 3.3387000000e+04 3.1782080000e+04 1.7400000000e+02 5.0000000000e+00 1.4000000000e+03 0.0000000000e+00 8.0800000000e+02 6.3245553203e+00
7.7000000000e+01 8.6000000000e+01 3.3464000000e+04 3.1776150000e+04 1.7000000000e+02 5.0000000000e+00 1.2990000000e+03 2.1908902300e+00 1.2170000000e+03 3.3466401061e+00
7.7000000000e+01 8.7000000000e+01 8.6734000000e+04 8.2582090000e+04 4.2200000000e+02 1.3000000000e+01 8.3200000000e+02 5.0298255734e+00 1.6540000000e+03 4.2001220983e+00
7.8000000000e+01 8.8000000000e+01 6.0942000000e+04 5.7203870000e+04 3.7000000000e+02 9.0000000000e+00 1.4570000000e+03 3.9440531887e+00 9.3500000000e+02 2.9814239700e+00
8.2000000000e+01 8.9000000000e+01 4.0560000000e+04 3.8123870000e+04 2.2700000000e+02 6.0000000000e+00 1.3560000000e+03 3.7523326079e+00 1.6840000000e+03 1.9595917942e+00
8.3000000000e+01 9.0000000000e+01 6.0528000000e+04 5.7143160000e+04 3.3500000000e+02 9.0000000000e+00 1.5180000000e+03 4.8534065929e+00 1.2190000000e+03 1.4907119850e+00
8.3000000000e+01 9.1000000000e+01 3.3005000000e+04 3.1763940000e+04 1.6900000000e+02 5.0000000000e+00 1.6680000000e+03 2.1908902300e+00 1.5580000000e+03 3.3466401061e+00
8.4000000000e+01 9.2000000000e+01 4.0006000000e+04 3.8075450000e+04 2.0800000000e+02 6.0000000000e+00 3.8100000000e+02 3.6950417228e+00 9.2200000000e+02 4.3328204825e+00
8.5000000000e+01 9.3000000000e+01 9.5349000000e+04 8.9036550000e+04 6.0700000000e+02 1.4000000000e+01 9.9300000000e+02 2.9097440287e+00 1.0250000000e+03 2.8676055262e+00
8.5000000000e+01 9.4000000000e+01 3.3455000000e+04 3.1743190000e+04 1.7700000000e+02 5.0000000000e+00 1.3120000000e+03 2.8284271247e+00 1.1740000000e+03 3.3466401061e+00
8.8000000000e+01 9.5000000000e+01 3.3263000000e+04 3.1837600000e+04 1.8300000000e+02 5.0000000000e+00 5.7100000000e+02 2.1908902300e+00 4.6200000000e+02 3.3466401061e+00
9.1000000000e+01 9.6000000000e+01 4.7190000000e+04 4.4522060000e+04 2.6800000000e+02 7.0000000000e+00 1.1310000000e+03 3.1872762916e+00 7.0100000000e+02 2.4688535994e+00
9.1000000000e+01 9.7000000000e+01 6.0106000000e+04 5.7252540000e+04 3.1800000000e+02 9.0000000000e+00 9.2400000000e+02 2.4944382578e+00 7.4400000000e+02 3.1622776602e+00
9.1000000000e+01 9.8000000000e+01 4.0479000000e+04 3.8142320000e+04 2.2400000000e+02 6.0000000000e+00 6.6200000000e+02 2.6932013169e+00 1.1450000000e+03 4.1825032377e+00
9.2000000000e+01 9.9000000000e+01 3.3676000000e+04 3.1776210000e+04 1.9900000000e+02 5.0000000000e+00 1.2170000000e+03 3.3466401061e+00 4.6200000000e+02 3.3466401061e+00
9.2000000000e+01 1.0000000000e+02 4.0199000000e+04 3.8151280000e+04 2.0400000000e+02 6.0000000000e+00 1.3580000000e+03 5.2662447088e+00 8.7700000000e+02 5.8423739467e+00
9.2000000000e+01 1.0100000000e+02 3.3521000000e+04 3.1728820000e+04 1.7900000000e+02 5.0000000000e+00 1.3390000000e+03 4.5607017004e+00 1.3770000000e+03 1.7888543820e+00
9.4000000000e+01 1.0200000000e+02 6.0415000000e+04 5.7103660000e+04 3.4100000000e+02 9.0000000000e+00 1.3200000000e+03 7.2724747431e+00 1.2580000000e+03 2.0000000000e+00
9.5000000000e+01 1.0300000000e+02 4.6890000000e+04 4.4529010000e+04 2.5400000000e+02 7.0000000000e+00 5.7400000000e+02 4.3933571789e+00 4.1000000000e+02 1.5936381458e+00
9.5000000000e+01 1.0400000000e+02 4.7085000000e+04 4.4462860000e+04 2.4600000000e+02 7.0000000000e+00 7.6800000000e+02 4.6188021535e+00 1.3470000000e+03 1.7457431219e+00
9.7000000000e+01 1.0500000000e+02 4.6899000000e+04 4.4446710000e+04 2.3700000000e+02 7.0000000000e+00 5.8700000000e+02 4.9377071988e+00 8.7800000000e+02 2.2537446793e+00
9.7000000000e+01 1.0600000000e+02 8.6455000000e+04 8.2876450000e+04 4.1800000000e+02 1.3000000000e+01 6.2400000000e+02 2.2033385701e+00 1.3760000000e+03 5.2035490847e+00
9.9000000000e+01 1.0700000000e+02 3.3526000000e+04 3.1757900000e+04 1.8100000000e+02 5.0000000000e+00 1.3070000000e+03 2.1908902300e+00 2.9200000000e+02 4.5607017004e+00
9.9000000000e+01 1.0800000000e+02 3.3356000000e+04 3.1767570000e+04 1.7000000000e+02 5.0000000000e+00 7.4000000000e+02 4.5607017004e+00 8.2500000000e+02 1.7888543820e+00
9.9000000000e+01 1.0900000000e+02 4.0336000000e+04 3.8113660000e+04 2.3800000000e+02 6.0000000000e+00 1.3450000000e+03 4.1825032377e+00 1.3860000000e+03 1.8475208614e+00
