1.1000000000e+01 0.0000000000e+00 1.2996000000e+05 1.2664651143e+05 4.3700000000e+02 5.0000000000e+00
1.3000000000e+01 0.0000000000e+00 1.3134300000e+05 1.2669501729e+05 5.8800000000e+02 5.0000000000e+00
1.7000000000e+01 0.0000000000e+00 1.3095800000e+05 1.2672703702e+05 6.1000000000e+02 5.0000000000e+00
1.8000000000e+01 0.0000000000e+00 1.3070200000e+05 1.2676351792e+05 5.7600000000e+02 5.0000000000e+00
1.9000000000e+01 0.0000000000e+00 1.3363100000e+05 1.2659552612e+05 7.3600000000e+02 5.0000000000e+00
2.0000000000e+01 0.0000000000e+00 1.8340200000e+05 1.7744517288e+05 8.3000000000e+02 7.0000000000e+00
2.5000000000e+01 0.0000000000e+00 1.8315000000e+05 1.7731726983e+05 7.6400000000e+02 7.0000000000e+00
2.9000000000e+01 0.0000000000e+00 2.1025800000e+05 2.0282166846e+05 1.0570000000e+03 8.0000000000e+00
3.6000000000e+01 0.0000000000e+00 1.3026800000e+05 1.2655951249e+05 4.8000000000e+02 5.0000000000e+00
3.8000000000e+01 0.0000000000e+00 1.3072700000e+05 1.2675967406e+05 6.0100000000e+02 5.0000000000e+00
4.1000000000e+01 0.0000000000e+00 1.3108600000e+05 1.2665662552e+05 6.0100000000e+02 5.0000000000e+00
4.4000000000e+01 0.0000000000e+00 2.0797100000e+05 2.0270536257e+05 8.7900000000e+02 8.0000000000e+00
4.5000000000e+01 0.0000000000e+00 1.3049300000e+05 1.2676789859e+05 5.2700000000e+02 5.0000000000e+00
4.5000000000e+01 1.0000000000e+00 1.5800800000e+05 1.5208569858e+05 6.8500000000e+02 6.0000000000e+00
5.0000000000e+01 0.0000000000e+00 1.3048800000e+05 1.2671236185e+05 5.6700000000e+02 5.0000000000e+00
5.1000000000e+01 0.0000000000e+00 2.3521000000e+05 2.2792198727e+05 9.8400000000e+02 9.0000000000e+00
5.6000000000e+01 0.0000000000e+00 2.6328700000e+05 2.5324583560e+05 1.2850000000e+03 1.0000000000e+01
5.9000000000e+01 0.0000000000e+00 1.3012600000e+05 1.2663655656e+05 5.4100000000e+02 5.0000000000e+00
6.1000000000e+01 0.0000000000e+00 1.5767800000e+05 1.5188927016e+05 7.2100000000e+02 6.0000000000e+00
6.1000000000e+01 1.0000000000e+00 1.5630800000e+05 1.5199659168e+05 6.4000000000e+02 6.0000000000e+00
6.2000000000e+01 0.0000000000e+00 1.3046600000e+05 1.2673220967e+05 5.4100000000e+02 5.0000000000e+00
7.2000000000e+01 0.0000000000e+00 1.3120700000e+05 1.2665349332e+05 5.7300000000e+02 5.0000000000e+00
7.4000000000e+01 0.0000000000e+00 2.6468700000e+05 2.5330529800e+05 1.3630000000e+03 1.0000000000e+01
8.1000000000e+01 0.0000000000e+00 1.3030600000e+05 1.2673428694e+05 5.4900000000e+02 5.0000000000e+00
8.6000000000e+01 0.0000000000e+00 1.3039100000e+05 1.2666059127e+05 5.4800000000e+02 5.0000000000e+00
8.6000000000e+01 1.0000000000e+00 1.3015300000e+05 1.2666839978e+05 5.1400000000e+02 5.0000000000e+00
9.3000000000e+01 0.0000000000e+00 1.5908000000e+05 1.5199261635e+05 8.4500000000e+02 6.0000000000e+00
9.5000000000e+01 0.0000000000e+00 1.3165900000e+05 1.2644076026e+05 6.1900000000e+02 5.0000000000e+00
9.5000000000e+01 1.0000000000e+00 1.3191100000e+05 1.2665214206e+05 6.2300000000e+02 5.0000000000e+00
9.5000000000e+01 2.0000000000e+00 1.5912000000e+05 1.5199318844e+05 7.9200000000e+02 6.0000000000e+00
9.6000000000e+01 0.0000000000e+00 1.3137300000e+05 1.2666681233e+05 6.3400000000e+02 5.0000000000e+00
9.8000000000e+01 0.0000000000e+00 1.8852800000e+05 1.7735716476e+05 1.0060000000e+03 7.0000000000e+00
9.9000000000e+01 0.0000000000e+00 3.8030100000e+05 3.5471015464e+05 2.0450000000e+03 1.4000000000e+01
