0.0000000000e+00 0.0000000000e+00 4.5385000000e+04 4.2677280000e+04 2.7100000000e+02 2.7000000000e+01 1.2170000000e+03 2.2990067635e+00 4.1200000000e+02 1.3493889284e+00 3.8000000000e+01 1.9000000000e+01
0.0000000000e+00 1.0000000000e+00 1.1791000000e+04 1.1064480000e+04 7.3000000000e+01 7.0000000000e+00 5.2100000000e+02 1.0563776039e+00 4.3300000000e+02 3.4475232656e+00 1.1000000000e+01 1.5000000000e+01
0.0000000000e+00 2.0000000000e+00 1.1717000000e+04 1.1064480000e+04 6.8000000000e+01 7.0000000000e+00 1.3650000000e+03 5.6379991996e+00 4.5900000000e+02 3.4598547350e+00 1.1000000000e+01 9.0000000000e+00
0.0000000000e+00 3.0000000000e+00 1.1671000000e+04 1.1064480000e+04 6.2000000000e+01 7.0000000000e+00 8.1600000000e+02 2.2509217557e+00 4.6400000000e+02 5.5520308924e-01 1.5000000000e+01 7.0000000000e+00
0.0000000000e+00 4.0000000000e+00 3.3533000000e+04 3.1612800000e+04 1.9300000000e+02 2.0000000000e+01 4.9500000000e+02 2.0979694217e+00 5.0800000000e+02 2.3195334574e+00 2.2000000000e+01 2.3000000000e+01
0.0000000000e+00 5.0000000000e+00 1.0021000000e+04 9.4838400000e+03 6.0000000000e+01 6.0000000000e+00 3.4600000000e+02 3.0634391753e+00 5.0200000000e+02 3.0033496573e+00 1.5000000000e+01 7.0000000000e+00
0.0000000000e+00 6.0000000000e+00 1.3248000000e+04 1.2645120000e+04 6.4000000000e+01 8.0000000000e+00 3.5800000000e+02 2.3019704115e+00 5.6200000000e+02 1.5359962417e+00 1.9000000000e+01 1.1000000000e+01
0.0000000000e+00 7.0000000000e+00 1.4914000000e+04 1.4225760000e+04 7.1000000000e+01 9.0000000000e+00 4.3600000000e+02 3.4429756945e+00 5.8000000000e+02 2.6593308964e+00 1.9000000000e+01 1.5000000000e+01
0.0000000000e+00 8.0000000000e+00 1.6799000000e+04 1.5806400000e+04 1.0300000000e+02 1.0000000000e+01 4.5500000000e+02 2.3380040581e+00 5.8800000000e+02 2.7897454612e+00 1.5000000000e+01 1.9000000000e+01
0.0000000000e+00 9.0000000000e+00 9.9490000000e+03 9.4838400000e+03 5.2000000000e+01 6.0000000000e+00 3.3400000000e+02 1.9995193579e+00 5.9200000000e+02 4.1310240228e+00 1.1000000000e+01 1.1000000000e+01
0.0000000000e+00 1.0000000000e+01 9.9890000000e+03 9.4838400000e+03 5.4000000000e+01 6.0000000000e+00 2.9700000000e+02 2.8325147674e+00 6.1500000000e+02 4.6912505762e+00 1.1000000000e+01 7.0000000000e+00
0.0000000000e+00 1.1000000000e+01 6.6610000000e+03 6.3225600000e+03 4.0000000000e+01 4.0000000000e+00 4.5500000000e+02 3.0190061978e+00 6.1500000000e+02 1.3219434620e+00 7.0000000000e+00 7.0000000000e+00
0.0000000000e+00 1.2000000000e+01 2.2045000000e+04 2.0548320000e+04 1.4200000000e+02 1.3000000000e+01 5.5300000000e+02 2.1776976567e+00 6.3100000000e+02 2.7700006819e+00 1.9000000000e+01 1.5000000000e+01
0.0000000000e+00 1.3000000000e+01 8.3810000000e+03 7.9032000000e+03 5.3000000000e+01 5.0000000000e+00 2.3800000000e+02 3.0159217536e+00 6.4800000000e+02 4.7667099417e+00 7.0000000000e+00 1.1000000000e+01
0.0000000000e+00 1.4000000000e+01 9.9110000000e+03 9.4838400000e+03 4.1000000000e+01 6.0000000000e+00 2.8100000000e+02 3.4860436027e+00 6.7400000000e+02 1.6663958113e+00 1.1000000000e+01 1.4000000000e+01
0.0000000000e+00 1.5000000000e+01 1.1559000000e+04 1.1064480000e+04 5.7000000000e+01 7.0000000000e+00 2.6600000000e+02 2.8087418201e+00 6.7800000000e+02 4.1411249458e+00 7.0000000000e+00 1.5000000000e+01
0.0000000000e+00 1.6000000000e+01 1.4986000000e+04 1.4225760000e+04 8.5000000000e+01 9.0000000000e+00 3.2300000000e+02 2.2568866642e+00 6.8400000000e+02 2.4435810679e+00 1.5000000000e+01 1.5000000000e+01
0.0000000000e+00 1.7000000000e+01 1.8288000000e+04 1.7387040000e+04 1.0500000000e+02 1.1000000000e+01 4.4800000000e+02 6.6269465154e-01 6.9100000000e+02 1.9017325097e+00 1.5000000000e+01 1.5000000000e+01
0.0000000000e+00 1.8000000000e+01 1.3416000000e+04 1.2645120000e+04 7.7000000000e+01 8.0000000000e+00 3.4600000000e+02 6.9288529188e-01 6.9700000000e+02 3.0488860869e+00 1.1000000000e+01 1.1000000000e+01
0.0000000000e+00 1.9000000000e+01 1.6854000000e+04 1.5806400000e+04 9.5000000000e+01 1.0000000000e+01 1.3540000000e+03 3.7312531255e+00 7.0100000000e+02 2.9739893993e+00 1.5000000000e+01 1.1000000000e+01
0.0000000000e+00 2.0000000000e+01 9.8420000000e+03 9.4838400000e+03 4.0000000000e+01 6.0000000000e+00 1.3110000000e+03 8.0285077210e+00 7.4500000000e+02 1.4729647812e+00 1.5000000000e+01 1.1000000000e+01
0.0000000000e+00 2.1000000000e+01 2.0278000000e+04 1.8967680000e+04 1.2700000000e+02 1.2000000000e+01 8.3000000000e+02 2.8736077615e+00 7.7100000000e+02 8.3041818156e-01 1.5000000000e+01 1.5000000000e+01
0.0000000000e+00 2.2000000000e+01 1.3306000000e+04 1.2645120000e+04 7.0000000000e+01 8.0000000000e+00 3.0100000000e+02 2.7509521752e+00 8.5700000000e+02 1.0990630139e+00 1.5000000000e+01 1.1000000000e+01
0.0000000000e+00 2.3000000000e+01 2.3451000000e+04 2.2128960000e+04 1.4400000000e+02 1.4000000000e+01 7.9000000000e+02 1.8306591771e+00 8.6000000000e+02 1.0037584025e+00 1.9000000000e+01 1.5000000000e+01
0.0000000000e+00 2.4000000000e+01 2.3567000000e+04 2.2128960000e+04 1.4200000000e+02 1.4000000000e+01 6.4700000000e+02 1.1547658772e+00 8.9500000000e+02 3.3065926042e+00 1.5000000000e+01 1.9000000000e+01
0.0000000000e+00 2.5000000000e+01 1.3229000000e+04 1.2645120000e+04 6.7000000000e+01 8.0000000000e+00 2.9700000000e+02 2.6686029472e+00 9.4100000000e+02 2.0112744659e+00 1.1000000000e+01 1.1000000000e+01
0.0000000000e+00 2.6000000000e+01 1.3272000000e+04 1.2645120000e+04 6.8000000000e+01 8.0000000000e+00 3.0100000000e+02 2.5623001473e+00 1.0150000000e+03 1.8314472838e+00 1.1000000000e+01 1.5000000000e+01
0.0000000000e+00 2.7000000000e+01 1.8241000000e+04 1.7387040000e+04 9.8000000000e+01 1.1000000000e+01 4.3300000000e+02 2.9964019944e+00 1.0600000000e+03 4.6658340562e+00 1.5000000000e+01 1.5000000000e+01
0.0000000000e+00 2.8000000000e+01 2.3306000000e+04 2.2128960000e+04 1.2700000000e+02 1.4000000000e+01 6.4600000000e+02 1.4990968979e+00 1.0660000000e+03 3.9997952832e+00 1.9000000000e+01 1.9000000000e+01
0.0000000000e+00 2.9000000000e+01 1.6775000000e+04 1.5806400000e+04 1.0000000000e+02 1.0000000000e+01 1.4960000000e+03 1.5997908240e+00 1.1400000000e+03 3.1095529353e+00 1.4000000000e+01 1.5000000000e+01
0.0000000000e+00 3.0000000000e+01 1.8337000000e+04 1.7387040000e+04 1.0100000000e+02 1.1000000000e+01 4.4000000000e+02 1.8668690366e+00 1.2120000000e+03 4.6349110024e+00 1.4000000000e+01 1.5000000000e+01
0.0000000000e+00 3.1000000000e+01 2.1712000000e+04 2.0548320000e+04 1.3000000000e+02 1.3000000000e+01 6.5900000000e+02 2.9723603055e+00 1.3550000000e+03 2.9623460738e+00 1.5000000000e+01 1.5000000000e+01
0.0000000000e+00 3.2000000000e+01 1.1672000000e+04 1.1064480000e+04 6.6000000000e+01 7.0000000000e+00 1.4760000000e+03 3.2540189079e+00 1.4540000000e+03 6.2238327962e+00 1.1000000000e+01 1.5000000000e+01
0.0000000000e+00 3.3000000000e+01 1.4998000000e+04 1.4225760000e+04 8.4000000000e+01 9.0000000000e+00 1.0160000000e+03 4.1204643134e+00 1.5450000000e+03 4.7508699190e+00 1.5000000000e+01 1.5000000000e+01
0.0000000000e+00 3.4000000000e+01 1.8306000000e+04 1.7387040000e+04 1.0600000000e+02 1.1000000000e+01 8.7400000000e+02 4.0979503754e+00 1.5710000000e+03 3.5571651685e+00 1.5000000000e+01 1.5000000000e+01
1.0000000000e+00 3.5000000000e+01 6.5860000000e+03 6.3225600000e+03 3.1000000000e+01 4.0000000000e+00 8.7900000000e+02 3.5106188122e+00 3.2800000000e+02 1.6010413278e+00 1.5000000000e+01 1.1000000000e+01
1.0000000000e+00 3.6000000000e+01 2.2077000000e+04 2.0548320000e+04 1.4500000000e+02 1.3000000000e+01 8.0300000000e+02 1.8858993908e+00 3.9600000000e+02 1.7524371257e+00 2.3000000000e+01 1.1000000000e+01
1.0000000000e+00 3.7000000000e+01 2.1859000000e+04 2.0548320000e+04 1.3100000000e+02 1.3000000000e+01 8.1800000000e+02 3.2357927977e+00 4.7100000000e+02 1.5338006320e+00 1.5000000000e+01 1.5000000000e+01
1.0000000000e+00 3.8000000000e+01 1.5090000000e+04 1.4225760000e+04 8.8000000000e+01 9.0000000000e+00 6.1500000000e+02 3.4165784527e+00 4.9000000000e+02 2.2538116743e+00 1.5000000000e+01 1.5000000000e+01
1.0000000000e+00 3.9000000000e+01 3.4309000000e+04 3.1612800000e+04 2.3100000000e+02 2.0000000000e+01 7.0600000000e+02 1.4599375909e+00 4.9500000000e+02 1.4518614608e+00 2.7000000000e+01 1.5000000000e+01
1.0000000000e+00 4.0000000000e+01 6.5840000000e+03 6.3225600000e+03 3.5000000000e+01 4.0000000000e+00 6.8000000000e+02 5.2125248417e+00 5.3700000000e+02 3.5125824252e+00 7.0000000000e+00 1.1000000000e+01
1.0000000000e+00 4.1000000000e+01 1.1648000000e+04 1.1064480000e+04 6.7000000000e+01 7.0000000000e+00 1.5800000000e+03 4.9080853815e+00 5.7000000000e+02 2.8338599413e+00 1.1000000000e+01 1.1000000000e+01
1.0000000000e+00 4.2000000000e+01 9.9650000000e+03 9.4838400000e+03 5.3000000000e+01 6.0000000000e+00 3.1800000000e+02 3.3661537583e+00 5.8100000000e+02 2.8032103320e+00 1.4000000000e+01 1.1000000000e+01
1.0000000000e+00 4.3000000000e+01 2.8514000000e+04 2.6870880000e+04 1.6800000000e+02 1.7000000000e+01 6.4600000000e+02 1.0488960233e+00 5.8900000000e+02 1.9474339102e+00 2.2000000000e+01 1.9000000000e+01
1.0000000000e+00 4.4000000000e+01 1.3467000000e+04 1.2645120000e+04 8.1000000000e+01 8.0000000000e+00 7.4900000000e+02 3.3729160233e+00 6.4000000000e+02 2.9655574940e+00 1.1000000000e+01 1.5000000000e+01
1.0000000000e+00 4.5000000000e+01 1.0016000000e+04 9.4838400000e+03 5.6000000000e+01 6.0000000000e+00 3.3400000000e+02 3.4671540238e+00 6.4300000000e+02 3.3607358502e+00 7.0000000000e+00 1.5000000000e+01
1.0000000000e+00 4.6000000000e+01 2.0141000000e+04 1.8967680000e+04 1.1500000000e+02 1.2000000000e+01 2.9500000000e+02 1.0116282978e+00 6.6700000000e+02 1.3072530107e+00 1.5000000000e+01 2.3000000000e+01
1.0000000000e+00 4.7000000000e+01 6.5580000000e+03 6.3225600000e+03 3.0000000000e+01 4.0000000000e+00 5.2100000000e+02 5.3791998220e+00 7.0500000000e+02 3.9005167498e+00 1.1000000000e+01 7.0000000000e+00
1.0000000000e+00 4.8000000000e+01 1.1521000000e+04 1.1064480000e+04 5.5000000000e+01 7.0000000000e+00 1.7400000000e+02 5.0273599854e-01 7.6100000000e+02 2.1385481531e+00 1.1000000000e+01 1.9000000000e+01
1.0000000000e+00 4.9000000000e+01 9.9570000000e+03 9.4838400000e+03 5.2000000000e+01 6.0000000000e+00 2.0600000000e+02 1.5610109206e+00 7.5700000000e+02 1.9181642512e+00 1.4000000000e+01 1.1000000000e+01
1.0000000000e+00 5.0000000000e+01 1.6775000000e+04 1.5806400000e+04 9.9000000000e+01 1.0000000000e+01 5.5000000000e+02 2.0111621047e+00 7.6900000000e+02 2.6726903367e+00 1.5000000000e+01 1.1000000000e+01
1.0000000000e+00 5.1000000000e+01 1.5237000000e+04 1.4225760000e+04 9.3000000000e+01 9.0000000000e+00 1.0070000000e+03 1.4281798005e+00 7.7000000000e+02 3.0945634993e+00 1.5000000000e+01 1.1000000000e+01
1.0000000000e+00 5.2000000000e+01 2.6609000000e+04 2.5290240000e+04 1.4000000000e+02 1.6000000000e+01 5.1900000000e+02 1.8836148124e+00 8.1600000000e+02 2.2955728653e+00 2.2000000000e+01 1.9000000000e+01
1.0000000000e+00 5.3000000000e+01 1.1530000000e+04 1.1064480000e+04 5.2000000000e+01 7.0000000000e+00 4.8400000000e+02 3.5409940673e+00 9.0000000000e+02 4.1620389526e+00 1.1000000000e+01 1.9000000000e+01
1.0000000000e+00 5.4000000000e+01 2.0091000000e+04 1.8967680000e+04 1.1600000000e+02 1.2000000000e+01 6.2000000000e+02 4.8235402603e-01 9.7800000000e+02 3.1670682596e+00 1.5000000000e+01 1.5000000000e+01
1.0000000000e+00 5.5000000000e+01 8.3370000000e+03 7.9032000000e+03 4.5000000000e+01 5.0000000000e+00 7.1700000000e+02 1.7671824706e+00 1.0010000000e+03 3.2379784021e+00 1.1000000000e+01 1.0000000000e+01
1.0000000000e+00 5.6000000000e+01 1.3201000000e+04 1.2645120000e+04 6.6000000000e+01 8.0000000000e+00 5.2000000000e+02 2.1466914132e+00 1.0050000000e+03 5.4905836553e+00 1.4000000000e+01 1.1000000000e+01
1.0000000000e+00 5.7000000000e+01 2.2044000000e+04 2.0548320000e+04 1.4200000000e+02 1.3000000000e+01 1.0990000000e+03 9.0107213329e-01 1.0220000000e+03 3.2202330522e+00 1.8000000000e+01 1.5000000000e+01
1.0000000000e+00 5.8000000000e+01 8.2910000000e+03 7.9032000000e+03 4.7000000000e+01 5.0000000000e+00 1.6800000000e+02 1.3972359969e+00 1.0230000000e+03 4.4108476010e+00 1.1000000000e+01 7.0000000000e+00
1.0000000000e+00 5.9000000000e+01 1.3345000000e+04 1.2645120000e+04 7.3000000000e+01 8.0000000000e+00 4.5600000000e+02 2.0272069212e+00 1.0470000000e+03 3.0001285981e+00 1.5000000000e+01 1.1000000000e+01
1.0000000000e+00 6.0000000000e+01 1.1582000000e+04 1.1064480000e+04 5.2000000000e+01 7.0000000000e+00 5.3600000000e+02 4.4299407716e+00 1.0550000000e+03 2.9116161578e+00 1.1000000000e+01 1.5000000000e+01
1.0000000000e+00 6.1000000000e+01 2.5033000000e+04 2.3709600000e+04 1.3700000000e+02 1.5000000000e+01 9.1700000000e+02 6.9027632249e-01 1.0610000000e+03 1.2666494983e+00 1.8000000000e+01 1.9000000000e+01
1.0000000000e+00 6.2000000000e+01 1.3362000000e+04 1.2645120000e+04 7.2000000000e+01 8.0000000000e+00 2.1900000000e+02 2.5026865153e+00 1.0900000000e+03 4.3796702621e+00 1.5000000000e+01 1.4000000000e+01
1.0000000000e+00 6.3000000000e+01 2.0235000000e+04 1.8967680000e+04 1.2100000000e+02 1.2000000000e+01 5.5100000000e+02 2.1544366369e+00 1.0930000000e+03 3.1828315486e+00 1.5000000000e+01 1.5000000000e+01
1.0000000000e+00 6.4000000000e+01 6.6470000000e+03 6.3225600000e+03 3.7000000000e+01 4.0000000000e+00 2.1600000000e+02 2.6437090481e+00 1.1500000000e+03 7.6631936578e+00 1.1000000000e+01 7.0000000000e+00
1.0000000000e+00 6.5000000000e+01 1.1626000000e+04 1.1064480000e+04 6.5000000000e+01 7.0000000000e+00 5.6900000000e+02 3.7848317231e+00 1.1860000000e+03 5.5065656833e+00 1.1000000000e+01 1.1000000000e+01
1.0000000000e+00 6.6000000000e+01 1.8528000000e+04 1.7387040000e+04 1.1400000000e+02 1.1000000000e+01 1.0650000000e+03 2.3302079767e+00 1.2390000000e+03 4.6975815374e+00 1.1000000000e+01 1.5000000000e+01
1.0000000000e+00 6.7000000000e+01 2.5234000000e+04 2.3709600000e+04 1.5700000000e+02 1.5000000000e+01 5.8000000000e+02 1.4607650900e+00 1.2940000000e+03 1.4755430028e+00 1.5000000000e+01 2.1000000000e+01
1.0000000000e+00 6.8000000000e+01 1.1721000000e+04 1.1064480000e+04 6.7000000000e+01 7.0000000000e+00 1.5920000000e+03 5.8819305877e+00 1.4430000000e+03 3.6506034320e+00 1.5000000000e+01 7.0000000000e+00
1.0000000000e+00 6.9000000000e+01 8.2820000000e+03 7.9032000000e+03 4.4000000000e+01 5.0000000000e+00 9.3600000000e+02 6.4505021375e+00 1.6030000000e+03 5.1380614535e+00 7.0000000000e+00 1.5000000000e+01
1.0000000000e+00 7.0000000000e+01 1.4900000000e+04 1.4225760000e+04 7.1000000000e+01 9.0000000000e+00 9.1600000000e+02 2.7800308323e+00 1.6090000000e+03 4.2310562198e+00 1.9000000000e+01 1.1000000000e+01
2.0000000000e+00 7.1000000000e+01 1.8306000000e+04 1.7387040000e+04 1.0600000000e+02 1.1000000000e+01 9.0000000000e+02 2.5854292573e+00 4.2200000000e+02 2.4553149347e+00 1.5000000000e+01 1.5000000000e+01
2.0000000000e+00 7.2000000000e+01 1.1689000000e+04 1.1064480000e+04 6.6000000000e+01 7.0000000000e+00 4.3400000000e+02 1.7584285615e+00 4.9900000000e+02 3.9277799864e+00 1.5000000000e+01 7.0000000000e+00
2.0000000000e+00 7.3000000000e+01 1.3195000000e+04 1.2645120000e+04 6.4000000000e+01 8.0000000000e+00 3.6300000000e+02 1.3486460088e+00 5.4300000000e+02 3.0841069692e+00 1.5000000000e+01 1.4000000000e+01
2.0000000000e+00 7.4000000000e+01 6.6260000000e+03 6.3225600000e+03 3.8000000000e+01 4.0000000000e+00 8.6800000000e+02 5.3169794311e+00 5.5400000000e+02 4.7110054076e+00 1.1000000000e+01 1.1000000000e+01
2.0000000000e+00 7.5000000000e+01 1.3318000000e+04 1.2645120000e+04 6.9000000000e+01 8.0000000000e+00 3.9300000000e+02 1.1613923454e+00 5.5600000000e+02 1.9982691472e+00 1.1000000000e+01 1.2000000000e+01
2.0000000000e+00 7.6000000000e+01 1.4986000000e+04 1.4225760000e+04 8.6000000000e+01 9.0000000000e+00 3.2900000000e+02 1.9293400274e+00 6.4900000000e+02 2.6066457519e+00 1.9000000000e+01 1.1000000000e+01
2.0000000000e+00 7.7000000000e+01 1.1679000000e+04 1.1064480000e+04 6.5000000000e+01 7.0000000000e+00 3.6000000000e+02 2.0326917960e+00 6.5100000000e+02 1.4091982982e+00 1.5000000000e+01 7.0000000000e+00
2.0000000000e+00 7.8000000000e+01 3.7799000000e+04 3.4774080000e+04 2.5400000000e+02 2.2000000000e+01 1.0050000000e+03 1.6331334714e+00 6.8200000000e+02 1.6653267331e+00 1.9000000000e+01 3.0000000000e+01
2.0000000000e+00 7.9000000000e+01 1.8434000000e+04 1.7387040000e+04 1.1300000000e+02 1.1000000000e+01 1.2920000000e+03 4.4593365424e+00 6.9400000000e+02 2.4941417331e+00 1.4000000000e+01 1.5000000000e+01
2.0000000000e+00 8.0000000000e+01 1.3328000000e+04 1.2645120000e+04 7.8000000000e+01 8.0000000000e+00 4.1500000000e+02 2.8072683534e+00 7.1000000000e+02 3.3405162391e+00 1.4000000000e+01 1.5000000000e+01
2.0000000000e+00 8.1000000000e+01 9.9800000000e+03 9.4838400000e+03 5.7000000000e+01 6.0000000000e+00 2.0100000000e+02 1.6167372346e+00 7.1800000000e+02 1.6965225538e+00 1.1000000000e+01 1.0000000000e+01
2.0000000000e+00 8.2000000000e+01 2.0033000000e+04 1.8967680000e+04 1.1200000000e+02 1.2000000000e+01 9.0300000000e+02 2.9947062565e+00 7.5000000000e+02 2.5894437110e+00 1.5000000000e+01 2.7000000000e+01
2.0000000000e+00 8.3000000000e+01 2.0081000000e+04 1.8967680000e+04 1.1900000000e+02 1.2000000000e+01 1.3070000000e+03 2.4806056104e+00 7.4900000000e+02 3.3569699645e+00 1.9000000000e+01 1.9000000000e+01
2.0000000000e+00 8.4000000000e+01 1.6942000000e+04 1.5806400000e+04 1.1300000000e+02 1.0000000000e+01 6.3800000000e+02 2.5333867587e+00 7.7100000000e+02 3.6428243171e+00 1.4000000000e+01 1.5000000000e+01
2.0000000000e+00 8.5000000000e+01 1.8343000000e+04 1.7387040000e+04 1.0300000000e+02 1.1000000000e+01 9.7200000000e+02 3.5050082255e+00 7.7100000000e+02 1.2988253647e+00 2.3000000000e+01 1.1000000000e+01
2.0000000000e+00 8.6000000000e+01 1.8584000000e+04 1.7387040000e+04 1.1700000000e+02 1.1000000000e+01 9.3300000000e+02 3.8548847897e+00 7.7800000000e+02 1.1230743858e+00 3.5000000000e+01 1.5000000000e+01
2.0000000000e+00 8.7000000000e+01 2.0075000000e+04 1.8967680000e+04 1.0700000000e+02 1.2000000000e+01 1.0110000000e+03 3.4960436368e+00 7.7300000000e+02 2.7898062420e+00 2.7000000000e+01 1.1000000000e+01
2.0000000000e+00 8.8000000000e+01 6.7050000000e+03 6.3225600000e+03 4.0000000000e+01 4.0000000000e+00 1.0480000000e+03 3.3622024027e+00 7.8400000000e+02 5.9302321084e+00 1.1000000000e+01 7.0000000000e+00
2.0000000000e+00 8.9000000000e+01 2.6520000000e+04 2.5290240000e+04 1.2900000000e+02 1.6000000000e+01 1.0980000000e+03 3.4155370814e+00 8.0000000000e+02 3.1126906003e+00 3.9000000000e+01 3.1000000000e+01
2.0000000000e+00 9.0000000000e+01 1.1623000000e+04 1.1064480000e+04 5.7000000000e+01 7.0000000000e+00 2.2900000000e+02 2.1391336698e+00 8.2600000000e+02 2.7393113241e+00 1.1000000000e+01 1.1000000000e+01
2.0000000000e+00 9.1000000000e+01 9.9430000000e+03 9.4838400000e+03 4.8000000000e+01 6.0000000000e+00 2.9400000000e+02 2.6111333176e+00 8.3000000000e+02 1.5601708534e+00 9.0000000000e+00 1.1000000000e+01
2.0000000000e+00 9.2000000000e+01 8.3140000000e+03 7.9032000000e+03 3.9000000000e+01 5.0000000000e+00 1.0550000000e+03 6.2024925737e+00 8.3900000000e+02 5.4467327369e+00 1.5000000000e+01 1.5000000000e+01
2.0000000000e+00 9.3000000000e+01 1.4962000000e+04 1.4225760000e+04 8.4000000000e+01 9.0000000000e+00 1.5720000000e+03 5.7821158745e+00 8.5400000000e+02 4.0048961180e+00 1.1000000000e+01 1.5000000000e+01
2.0000000000e+00 9.4000000000e+01 1.1597000000e+04 1.1064480000e+04 6.3000000000e+01 7.0000000000e+00 1.0350000000e+03 2.7867308601e+00 8.6500000000e+02 2.3144458796e+00 1.5000000000e+01 1.9000000000e+01
2.0000000000e+00 9.5000000000e+01 2.5357000000e+04 2.3709600000e+04 1.5800000000e+02 1.5000000000e+01 8.8800000000e+02 9.6245810900e-01 8.6800000000e+02 1.2598751876e+00 1.9000000000e+01 1.5000000000e+01
2.0000000000e+00 9.6000000000e+01 1.3306000000e+04 1.2645120000e+04 6.9000000000e+01 8.0000000000e+00 3.0600000000e+02 2.5365409108e+00 8.7200000000e+02 2.4103744199e+00 1.5000000000e+01 1.4000000000e+01
2.0000000000e+00 9.7000000000e+01 2.1857000000e+04 2.0548320000e+04 1.3100000000e+02 1.3000000000e+01 1.0900000000e+03 1.5223191588e+00 8.7400000000e+02 1.6441216788e+00 1.5000000000e+01 1.5000000000e+01
2.0000000000e+00 9.8000000000e+01 9.8460000000e+03 9.4838400000e+03 4.4000000000e+01 6.0000000000e+00 1.0190000000e+03 6.6485602324e+00 8.9800000000e+02 5.2971210688e+00 7.0000000000e+00 1.9000000000e+01
2.0000000000e+00 9.9000000000e+01 2.0183000000e+04 1.8967680000e+04 1.2700000000e+02 1.2000000000e+01 8.0900000000e+02 9.4767355138e-01 9.0100000000e+02 2.0849464654e+00 1.1000000000e+01 1.8000000000e+01
2.0000000000e+00 1.0000000000e+02 1.3285000000e+04 1.2645120000e+04 7.6000000000e+01 8.0000000000e+00 3.5400000000e+02 7.9822024251e-01 9.0500000000e+02 1.0450305684e+00 1.1000000000e+01 1.1000000000e+01
2.0000000000e+00 1.0100000000e+02 9.5593000000e+04 8.8515840000e+04 6.0400000000e+02 5.6000000000e+01 1.0110000000e+03 1.3052378899e+00 9.3000000000e+02 1.6241306889e+00 4.3000000000e+01 5.1000000000e+01
2.0000000000e+00 1.0200000000e+02 1.8230000000e+04 1.7387040000e+04 9.3000000000e+01 1.1000000000e+01 1.4970000000e+03 2.4690905851e+00 9.6900000000e+02 3.0425076092e+00 2.3000000000e+01 1.1000000000e+01
2.0000000000e+00 1.0300000000e+02 1.5072000000e+04 1.4225760000e+04 7.3000000000e+01 9.0000000000e+00 3.2300000000e+02 2.1219113356e+00 9.8700000000e+02 1.0101720303e+00 1.5000000000e+01 1.9000000000e+01
2.0000000000e+00 1.0400000000e+02 8.3780000000e+03 7.9032000000e+03 5.5000000000e+01 5.0000000000e+00 6.2400000000e+02 3.3631383540e+00 1.0030000000e+03 1.2069756101e+00 1.1000000000e+01 7.0000000000e+00
2.0000000000e+00 1.0500000000e+02 1.3510000000e+04 1.2645120000e+04 7.9000000000e+01 8.0000000000e+00 7.2500000000e+02 2.7041862499e+00 1.0460000000e+03 3.0175358627e+00 1.5000000000e+01 1.5000000000e+01
2.0000000000e+00 1.0600000000e+02 1.3268000000e+04 1.2645120000e+04 6.7000000000e+01 8.0000000000e+00 2.2700000000e+02 1.7623368116e+00 1.0520000000e+03 5.4962212581e+00 7.0000000000e+00 1.7000000000e+01
2.0000000000e+00 1.0700000000e+02 2.3438000000e+04 2.2128960000e+04 1.4900000000e+02 1.4000000000e+01 7.7900000000e+02 1.8186975288e+00 1.0600000000e+03 1.6795671901e+00 1.5000000000e+01 1.5000000000e+01
2.0000000000e+00 1.0800000000e+02 6.5960000000e+03 6.3225600000e+03 3.5000000000e+01 4.0000000000e+00 2.2900000000e+02 2.9233281976e+00 1.0790000000e+03 6.5619881577e+00 1.1000000000e+01 7.0000000000e+00
2.0000000000e+00 1.0900000000e+02 9.9450000000e+03 9.4838400000e+03 4.2000000000e+01 6.0000000000e+00 1.6300000000e+03 6.5542172100e+00 1.1470000000e+03 5.6249529048e+00 1.5000000000e+01 1.4000000000e+01
2.0000000000e+00 1.1000000000e+02 3.8905000000e+04 3.6354720000e+04 2.3400000000e+02 2.3000000000e+01 1.5690000000e+03 2.3330868440e+00 1.1610000000e+03 1.3538306707e+00 1.8000000000e+01 3.5000000000e+01
2.0000000000e+00 1.1100000000e+02 8.2670000000e+03 7.9032000000e+03 3.7000000000e+01 5.0000000000e+00 1.6080000000e+03 9.5006497504e+00 1.1490000000e+03 3.9989389025e+00 1.9000000000e+01 3.0000000000e+00
2.0000000000e+00 1.1200000000e+02 1.9833000000e+04 1.8967680000e+04 1.0800000000e+02 1.2000000000e+01 1.5650000000e+03 1.7880290202e+00 1.2110000000e+03 3.3680925633e+00 1.9000000000e+01 2.3000000000e+01
2.0000000000e+00 1.1300000000e+02 3.0046000000e+04 2.8451520000e+04 1.6500000000e+02 1.8000000000e+01 1.5190000000e+03 1.7735414112e+00 1.2340000000e+03 3.4675452009e+00 3.9000000000e+01 1.9000000000e+01
2.0000000000e+00 1.1400000000e+02 9.9310000000e+03 9.4838400000e+03 4.8000000000e+01 6.0000000000e+00 1.4880000000e+03 3.0994530688e+00 1.2690000000e+03 1.9896745686e+00 1.0000000000e+01 1.5000000000e+01
2.0000000000e+00 1.1500000000e+02 1.6759000000e+04 1.5806400000e+04 9.5000000000e+01 1.0000000000e+01 4.5700000000e+02 2.5631454900e+00 1.2960000000e+03 4.6116990601e+00 1.5000000000e+01 1.5000000000e+01
2.0000000000e+00 1.1600000000e+02 8.2460000000e+03 7.9032000000e+03 4.2000000000e+01 5.0000000000e+00 1.5030000000e+03 2.6939904920e+00 1.3170000000e+03 3.5897600416e+00 7.0000000000e+00 1.1000000000e+01
2.0000000000e+00 1.1700000000e+02 8.2770000000e+03 7.9032000000e+03 4.4000000000e+01 5.0000000000e+00 9.1800000000e+02 1.4708268187e+00 1.3190000000e+03 7.7499454804e+00 1.1000000000e+01 7.0000000000e+00
2.0000000000e+00 1.1800000000e+02 4.5509000000e+04 4.2677280000e+04 2.6800000000e+02 2.7000000000e+01 1.5410000000e+03 2.4798306879e+00 1.3400000000e+03 9.5437296558e-01 2.2000000000e+01 3.1000000000e+01
2.0000000000e+00 1.1900000000e+02 1.6595000000e+04 1.5806400000e+04 8.4000000000e+01 1.0000000000e+01 1.5140000000e+03 3.3268723371e+00 1.3400000000e+03 4.6643625636e+00 2.3000000000e+01 1.9000000000e+01
2.0000000000e+00 1.2000000000e+02 1.4983000000e+04 1.4225760000e+04 7.7000000000e+01 9.0000000000e+00 5.0300000000e+02 3.5368313361e+00 1.5960000000e+03 5.3248522277e+00 1.4000000000e+01 1.5000000000e+01
