0.0000000000e+00 0.0000000000e+00 9.8250000000e+03 9.4838400000e+03 4.3000000000e+01 6.0000000000e+00 1.2870000000e+03 7.1740983458e+00 3.2700000000e+02 1.6776846695e+00 1.4000000000e+01 1.1000000000e+01
0.0000000000e+00 1.0000000000e+00 2.1344000000e+04 2.0548320000e+04 1.0500000000e+02 1.3000000000e+01 7.6300000000e+02 3.0298685698e+00 3.7400000000e+02 2.5796125460e+00 1.5000000000e+01 1.5000000000e+01
0.0000000000e+00 2.0000000000e+00 6.5040000000e+03 6.3225600000e+03 3.1000000000e+01 4.0000000000e+00 4.1100000000e+02 1.7609971922e+00 4.7500000000e+02 2.9306806187e+00 1.1000000000e+01 7.0000000000e+00
0.0000000000e+00 3.0000000000e+00 1.4932000000e+04 1.4225760000e+04 9.0000000000e+01 9.0000000000e+00 1.1850000000e+03 2.1425938122e+00 4.9100000000e+02 3.2308597525e+00 1.1000000000e+01 1.5000000000e+01
0.0000000000e+00 4.0000000000e+00 1.9836000000e+04 1.8967680000e+04 1.0900000000e+02 1.2000000000e+01 7.1700000000e+02 3.0622961565e+00 5.0300000000e+02 1.5723574518e+00 1.8000000000e+01 1.5000000000e+01
0.0000000000e+00 5.0000000000e+00 9.9080000000e+03 9.4838400000e+03 5.1000000000e+01 6.0000000000e+00 1.6010000000e+03 3.9501898689e+00 5.1000000000e+02 3.3330466543e+00 1.5000000000e+01 7.0000000000e+00
0.0000000000e+00 6.0000000000e+00 6.5350000000e+03 6.3225600000e+03 3.1000000000e+01 4.0000000000e+00 1.6180000000e+03 2.7239676944e+00 5.1100000000e+02 4.7830720022e+00 1.0000000000e+01 7.0000000000e+00
0.0000000000e+00 7.0000000000e+00 1.9664000000e+04 1.8967680000e+04 9.2000000000e+01 1.2000000000e+01 1.4550000000e+03 5.2522874414e+00 5.7900000000e+02 3.5450079366e+00 1.5000000000e+01 2.2000000000e+01
0.0000000000e+00 8.0000000000e+00 1.4949000000e+04 1.4225760000e+04 8.7000000000e+01 9.0000000000e+00 5.6200000000e+02 2.0146166801e+00 6.6500000000e+02 3.0267421758e+00 1.1000000000e+01 1.4000000000e+01
0.0000000000e+00 9.0000000000e+00 1.9728000000e+04 1.8967680000e+04 9.6000000000e+01 1.2000000000e+01 3.5700000000e+02 2.5566382012e+00 6.9100000000e+02 2.2012336003e+00 1.5000000000e+01 2.3000000000e+01
0.0000000000e+00 1.0000000000e+01 1.1425000000e+04 1.1064480000e+04 5.3000000000e+01 7.0000000000e+00 2.6200000000e+02 2.2817451538e+00 6.8500000000e+02 3.2867741960e+00 1.1000000000e+01 1.1000000000e+01
0.0000000000e+00 1.1000000000e+01 1.8012000000e+04 1.7387040000e+04 9.0000000000e+01 1.1000000000e+01 3.2300000000e+02 2.2040522298e+00 6.8600000000e+02 3.3744362264e+00 1.5000000000e+01 1.4000000000e+01
0.0000000000e+00 1.2000000000e+01 9.7630000000e+03 9.4838400000e+03 2.9000000000e+01 6.0000000000e+00 7.2700000000e+02 6.4454144434e+00 6.8500000000e+02 4.0144827100e+00 1.5000000000e+01 1.0000000000e+01
0.0000000000e+00 1.3000000000e+01 3.9404000000e+04 3.7935360000e+04 1.8700000000e+02 2.4000000000e+01 6.8200000000e+02 2.2789167760e+00 6.9400000000e+02 2.4231869293e+00 5.5000000000e+01 2.3000000000e+01
0.0000000000e+00 1.4000000000e+01 6.5110000000e+03 6.3225600000e+03 2.5000000000e+01 4.0000000000e+00 5.9200000000e+02 6.2648434848e+00 7.4600000000e+02 1.7184658856e+00 7.0000000000e+00 1.0000000000e+01
0.0000000000e+00 1.5000000000e+01 1.9916000000e+04 1.8967680000e+04 1.0200000000e+02 1.2000000000e+01 1.2270000000e+03 4.7442689049e+00 7.5300000000e+02 3.7098998010e-01 1.5000000000e+01 1.5000000000e+01
0.0000000000e+00 1.6000000000e+01 8.1620000000e+03 7.9032000000e+03 3.6000000000e+01 5.0000000000e+00 5.8000000000e+02 2.0622951352e+00 7.5400000000e+02 5.4506318675e+00 1.4000000000e+01 7.0000000000e+00
0.0000000000e+00 1.7000000000e+01 2.1387000000e+04 2.0548320000e+04 1.0300000000e+02 1.3000000000e+01 1.0230000000e+03 4.0578406502e+00 7.8500000000e+02 3.7364776057e+00 1.5000000000e+01 2.3000000000e+01
0.0000000000e+00 1.8000000000e+01 6.5430000000e+03 6.3225600000e+03 3.5000000000e+01 4.0000000000e+00 5.1500000000e+02 4.5422849912e+00 7.8700000000e+02 4.9663225692e+00 7.0000000000e+00 7.0000000000e+00
0.0000000000e+00 1.9000000000e+01 9.9140000000e+03 9.4838400000e+03 5.8000000000e+01 6.0000000000e+00 2.4300000000e+02 1.8793232707e+00 8.1700000000e+02 3.9720863524e+00 7.0000000000e+00 1.1000000000e+01
0.0000000000e+00 2.0000000000e+01 1.1537000000e+04 1.1064480000e+04 6.3000000000e+01 7.0000000000e+00 4.3100000000e+02 1.8178642945e+00 8.2400000000e+02 1.2301493526e+00 1.5000000000e+01 1.5000000000e+01
0.0000000000e+00 2.1000000000e+01 2.9622000000e+04 2.8451520000e+04 1.5900000000e+02 1.8000000000e+01 3.9200000000e+02 1.0886627893e+00 8.3800000000e+02 1.5302980787e+00 3.0000000000e+01 1.9000000000e+01
0.0000000000e+00 2.2000000000e+01 2.1383000000e+04 2.0548320000e+04 1.0300000000e+02 1.3000000000e+01 4.8400000000e+02 2.9897942514e+00 8.4500000000e+02 3.5103105122e+00 1.9000000000e+01 1.5000000000e+01
0.0000000000e+00 2.3000000000e+01 6.6140000000e+03 6.3225600000e+03 9.0000000000e+00 4.0000000000e+00 5.7400000000e+02 1.1268734401e+01 8.4600000000e+02 5.2870714956e+00 9.0000000000e+00 1.1000000000e+01
0.0000000000e+00 2.4000000000e+01 2.4835000000e+04 2.3709600000e+04 1.3200000000e+02 1.5000000000e+01 7.8000000000e+02 2.0999582382e+00 9.0500000000e+02 4.6225770556e-01 1.8000000000e+01 1.5000000000e+01
0.0000000000e+00 2.5000000000e+01 2.9754000000e+04 2.8451520000e+04 1.6800000000e+02 1.8000000000e+01 8.0800000000e+02 1.6497739532e+00 9.5300000000e+02 3.2781409644e+00 1.9000000000e+01 1.9000000000e+01
0.0000000000e+00 2.6000000000e+01 1.1487000000e+04 1.1064480000e+04 4.1000000000e+01 7.0000000000e+00 2.5600000000e+02 9.2195444573e-01 9.9000000000e+02 4.8723069485e+00 1.1000000000e+01 1.1000000000e+01
0.0000000000e+00 2.7000000000e+01 8.1540000000e+03 7.9032000000e+03 3.7000000000e+01 5.0000000000e+00 1.6350000000e+03 5.3138387928e+00 1.0020000000e+03 5.3040282851e+00 1.5000000000e+01 1.1000000000e+01
0.0000000000e+00 2.8000000000e+01 2.1420000000e+04 2.0548320000e+04 1.2100000000e+02 1.3000000000e+01 7.6000000000e+02 2.4960941711e+00 1.0040000000e+03 3.9646703660e+00 1.9000000000e+01 1.1000000000e+01
0.0000000000e+00 2.9000000000e+01 2.1297000000e+04 2.0548320000e+04 9.8000000000e+01 1.3000000000e+01 1.6190000000e+03 4.9355932545e+00 1.0160000000e+03 1.7789405864e+00 2.3000000000e+01 1.5000000000e+01
0.0000000000e+00 3.0000000000e+01 2.6126000000e+04 2.5290240000e+04 1.2500000000e+02 1.6000000000e+01 1.7860000000e+03 4.4423846612e+00 1.0590000000e+03 3.4385492912e+00 3.5000000000e+01 2.3000000000e+01
0.0000000000e+00 3.1000000000e+01 1.9601000000e+04 1.8967680000e+04 8.6000000000e+01 1.2000000000e+01 1.8290000000e+03 2.1634907075e+00 1.0670000000e+03 1.7183318538e+00 2.5000000000e+01 1.9000000000e+01
0.0000000000e+00 3.2000000000e+01 1.1448000000e+04 1.1064480000e+04 3.9000000000e+01 7.0000000000e+00 1.8240000000e+03 8.7360494250e+00 1.0830000000e+03 4.2712723295e+00 1.5000000000e+01 1.1000000000e+01
0.0000000000e+00 3.3000000000e+01 2.2820000000e+04 2.2128960000e+04 9.8000000000e+01 1.4000000000e+01 1.8000000000e+03 4.3960701878e+00 1.0990000000e+03 3.7092491245e+00 3.1000000000e+01 1.8000000000e+01
0.0000000000e+00 3.4000000000e+01 1.8068000000e+04 1.7387040000e+04 9.9000000000e+01 1.1000000000e+01 3.1200000000e+02 2.2489064398e+00 1.1880000000e+03 3.5691975539e+00 1.9000000000e+01 1.5000000000e+01
0.0000000000e+00 3.5000000000e+01 2.4776000000e+04 2.3709600000e+04 1.3700000000e+02 1.5000000000e+01 1.0040000000e+03 1.2835463955e+00 1.2070000000e+03 1.5706749811e+00 1.9000000000e+01 1.5000000000e+01
0.0000000000e+00 3.6000000000e+01 1.3121000000e+04 1.2645120000e+04 6.7000000000e+01 8.0000000000e+00 1.5770000000e+03 4.9841806682e+00 1.2400000000e+03 5.1880389737e+00 1.3000000000e+01 1.1000000000e+01
0.0000000000e+00 3.7000000000e+01 1.4929000000e+04 1.4225760000e+04 9.0000000000e+01 9.0000000000e+00 6.7800000000e+02 1.7545007681e+00 1.3340000000e+03 4.8677497888e+00 1.5000000000e+01 1.1000000000e+01
0.0000000000e+00 3.8000000000e+01 6.4790000000e+03 6.3225600000e+03 1.4000000000e+01 4.0000000000e+00 1.3100000000e+03 1.1866865012e+01 1.4610000000e+03 1.1039198582e+01 1.1000000000e+01 1.1000000000e+01
0.0000000000e+00 3.9000000000e+01 1.8036000000e+04 1.7387040000e+04 8.0000000000e+01 1.1000000000e+01 5.4200000000e+02 3.6431734390e+00 1.5970000000e+03 3.2244956530e+00 2.3000000000e+01 1.5000000000e+01
