1.0000000000e+01 0.0000000000e+00 5.2554000000e+04 5.0598253718e+04 2.6000000000e+02 8.0000000000e+00
1.0000000000e+01 1.0000000000e+00 2.6249000000e+04 2.5312740626e+04 1.3000000000e+02 4.0000000000e+00
1.0000000000e+01 2.0000000000e+00 2.6341000000e+04 2.5356788553e+04 1.2700000000e+02 4.0000000000e+00
1.0000000000e+01 3.0000000000e+00 6.5563000000e+04 6.3324654804e+04 3.1800000000e+02 1.0000000000e+01
1.0000000000e+01 4.0000000000e+00 2.6366000000e+04 2.5280372793e+04 1.2500000000e+02 4.0000000000e+00
1.0000000000e+01 5.0000000000e+00 2.6280000000e+04 2.5364721971e+04 1.3800000000e+02 4.0000000000e+00
1.0000000000e+01 6.0000000000e+00 2.6123000000e+04 2.5360386406e+04 1.3200000000e+02 4.0000000000e+00
1.1000000000e+01 0.0000000000e+00 2.6241000000e+04 2.5315351904e+04 1.2400000000e+02 4.0000000000e+00
1.1000000000e+01 1.0000000000e+00 2.6167000000e+04 2.5307806498e+04 1.1000000000e+02 4.0000000000e+00
1.1000000000e+01 2.0000000000e+00 3.3595000000e+04 3.1678416344e+04 2.0200000000e+02 5.0000000000e+00
1.1000000000e+01 3.0000000000e+00 3.9237000000e+04 3.8011277008e+04 1.6800000000e+02 6.0000000000e+00
1.1000000000e+01 4.0000000000e+00 2.6204000000e+04 2.5368994284e+04 1.2500000000e+02 4.0000000000e+00
1.1000000000e+01 5.0000000000e+00 2.6166000000e+04 2.5312723052e+04 1.1200000000e+02 4.0000000000e+00
1.1000000000e+01 6.0000000000e+00 3.2526000000e+04 3.1738428128e+04 1.2600000000e+02 5.0000000000e+00
1.1000000000e+01 7.0000000000e+00 2.6160000000e+04 2.5342958727e+04 1.1600000000e+02 4.0000000000e+00
1.1000000000e+01 8.0000000000e+00 1.0509400000e+05 1.0348103549e+05 4.8800000000e+02 1.6000000000e+01
1.1000000000e+01 9.0000000000e+00 2.6253000000e+04 2.5303494137e+04 1.2300000000e+02 4.0000000000e+00
1.1000000000e+01 1.0000000000e+01 4.6465000000e+04 4.4369082937e+04 2.5800000000e+02 7.0000000000e+00
1.2000000000e+01 0.0000000000e+00 2.6310000000e+04 2.5331529732e+04 1.3100000000e+02 4.0000000000e+00
1.2000000000e+01 1.0000000000e+00 4.5921000000e+04 4.4372632595e+04 2.2300000000e+02 7.0000000000e+00
1.2000000000e+01 2.0000000000e+00 2.6085000000e+04 2.5317506541e+04 1.1300000000e+02 4.0000000000e+00
1.2000000000e+01 3.0000000000e+00 2.6172000000e+04 2.5264220475e+04 1.2400000000e+02 4.0000000000e+00
1.2000000000e+01 4.0000000000e+00 2.6189000000e+04 2.5408749105e+04 1.2200000000e+02 4.0000000000e+00
1.2000000000e+01 5.0000000000e+00 2.6193000000e+04 2.5276182082e+04 1.2400000000e+02 4.0000000000e+00
1.2000000000e+01 6.0000000000e+00 2.6299000000e+04 2.5324417001e+04 1.3400000000e+02 4.0000000000e+00
1.2000000000e+01 7.0000000000e+00 2.6126000000e+04 2.5365990384e+04 1.2500000000e+02 4.0000000000e+00
1.3000000000e+01 0.0000000000e+00 2.6089000000e+04 2.5419818244e+04 1.1300000000e+02 4.0000000000e+00
1.3000000000e+01 1.0000000000e+00 2.6203000000e+04 2.5342666001e+04 1.2500000000e+02 4.0000000000e+00
1.3000000000e+01 2.0000000000e+00 7.3292000000e+04 6.9594771292e+04 4.2900000000e+02 1.1000000000e+01
1.3000000000e+01 3.0000000000e+00 2.6093000000e+04 2.5297246839e+04 1.1100000000e+02 4.0000000000e+00
1.3000000000e+01 4.0000000000e+00 2.6002000000e+04 2.5267144105e+04 1.1000000000e+02 4.0000000000e+00
1.3000000000e+01 5.0000000000e+00 3.2445000000e+04 3.1634461169e+04 1.2700000000e+02 5.0000000000e+00
1.3000000000e+01 6.0000000000e+00 2.6440000000e+04 2.5365970849e+04 1.5300000000e+02 4.0000000000e+00
1.3000000000e+01 7.0000000000e+00 1.7158200000e+05 1.6483792229e+05 8.7800000000e+02 2.6000000000e+01
1.3000000000e+01 8.0000000000e+00 4.6421000000e+04 4.4399142952e+04 2.5200000000e+02 7.0000000000e+00
1.3000000000e+01 9.0000000000e+00 2.6190000000e+04 2.5306215131e+04 1.2000000000e+02 4.0000000000e+00
1.3000000000e+01 1.0000000000e+01 2.6151000000e+04 2.5295818981e+04 1.1600000000e+02 4.0000000000e+00
1.3000000000e+01 1.1000000000e+01 2.6221000000e+04 2.5432250873e+04 1.2400000000e+02 4.0000000000e+00
1.3000000000e+01 1.2000000000e+01 3.2693000000e+04 3.1617985725e+04 1.4200000000e+02 5.0000000000e+00
1.3000000000e+01 1.3000000000e+01 2.6473000000e+04 2.5393316421e+04 1.5200000000e+02 4.0000000000e+00
1.4000000000e+01 0.0000000000e+00 2.6098000000e+04 2.5352594198e+04 1.1400000000e+02 4.0000000000e+00
1.4000000000e+01 1.0000000000e+00 2.6282000000e+04 2.5288461239e+04 1.3200000000e+02 4.0000000000e+00
1.4000000000e+01 2.0000000000e+00 2.6081000000e+04 2.5385678561e+04 1.0600000000e+02 4.0000000000e+00
1.4000000000e+01 3.0000000000e+00 2.6089000000e+04 2.5352085694e+04 1.1400000000e+02 4.0000000000e+00
1.4000000000e+01 4.0000000000e+00 2.6208000000e+04 2.5360647060e+04 1.3200000000e+02 4.0000000000e+00
1.4000000000e+01 5.0000000000e+00 2.6342000000e+04 2.5320970487e+04 1.2700000000e+02 4.0000000000e+00
1.4000000000e+01 6.0000000000e+00 3.9020000000e+04 3.7961173281e+04 1.5200000000e+02 6.0000000000e+00
1.4000000000e+01 7.0000000000e+00 3.4174000000e+04 3.3040836714e+04 1.5600000000e+02 5.0000000000e+00
1.4000000000e+01 8.0000000000e+00 2.6400000000e+04 2.5384063208e+04 1.4400000000e+02 4.0000000000e+00
1.4000000000e+01 9.0000000000e+00 2.6251000000e+04 2.5405708858e+04 1.2000000000e+02 4.0000000000e+00
1.4000000000e+01 1.0000000000e+01 2.6344000000e+04 2.5362887803e+04 1.3700000000e+02 4.0000000000e+00
1.4000000000e+01 1.1000000000e+01 8.5926000000e+04 8.2445427444e+04 4.6500000000e+02 1.3000000000e+01
1.4000000000e+01 1.2000000000e+01 2.6143000000e+04 2.5394438591e+04 1.2300000000e+02 4.0000000000e+00
1.5000000000e+01 0.0000000000e+00 4.5895000000e+04 4.4359653507e+04 2.2100000000e+02 7.0000000000e+00
1.5000000000e+01 1.0000000000e+00 2.6120000000e+04 2.5333796179e+04 1.2100000000e+02 4.0000000000e+00
1.5000000000e+01 2.0000000000e+00 2.6174000000e+04 2.5392421464e+04 1.1500000000e+02 4.0000000000e+00
1.5000000000e+01 3.0000000000e+00 4.0106000000e+04 3.8001008875e+04 2.5000000000e+02 6.0000000000e+00
1.5000000000e+01 4.0000000000e+00 2.6305000000e+04 2.5312307588e+04 1.3200000000e+02 4.0000000000e+00
1.5000000000e+01 5.0000000000e+00 2.6153000000e+04 2.5346714790e+04 1.2400000000e+02 4.0000000000e+00
1.5000000000e+01 6.0000000000e+00 2.6542000000e+04 2.5349337573e+04 1.5000000000e+02 4.0000000000e+00
1.5000000000e+01 7.0000000000e+00 2.6383000000e+04 2.5477764808e+04 1.4700000000e+02 4.0000000000e+00
1.5000000000e+01 8.0000000000e+00 2.6435000000e+04 2.5330489014e+04 1.3700000000e+02 4.0000000000e+00
1.5000000000e+01 9.0000000000e+00 2.6281000000e+04 2.5288648534e+04 1.3300000000e+02 4.0000000000e+00
1.5000000000e+01 1.0000000000e+01 5.2605000000e+04 5.0673834204e+04 2.5700000000e+02 8.0000000000e+00
1.6000000000e+01 0.0000000000e+00 3.2713000000e+04 3.1649230218e+04 1.5200000000e+02 5.0000000000e+00
1.6000000000e+01 1.0000000000e+00 2.6325000000e+04 2.5340807565e+04 1.3700000000e+02 4.0000000000e+00
1.6000000000e+01 2.0000000000e+00 2.6331000000e+04 2.5382773546e+04 1.4000000000e+02 4.0000000000e+00
1.6000000000e+01 3.0000000000e+00 2.6300000000e+04 2.5398809606e+04 1.4100000000e+02 4.0000000000e+00
1.6000000000e+01 4.0000000000e+00 2.6058000000e+04 2.5293229485e+04 1.1800000000e+02 4.0000000000e+00
1.6000000000e+01 5.0000000000e+00 2.6126000000e+04 2.5385733203e+04 1.2400000000e+02 4.0000000000e+00
1.6000000000e+01 6.0000000000e+00 3.9320000000e+04 3.7991080024e+04 1.8800000000e+02 6.0000000000e+00
1.6000000000e+01 7.0000000000e+00 2.6278000000e+04 2.5302388514e+04 1.3500000000e+02 4.0000000000e+00
1.6000000000e+01 8.0000000000e+00 2.6174000000e+04 2.5374215626e+04 1.1900000000e+02 4.0000000000e+00
1.6000000000e+01 9.0000000000e+00 2.6075000000e+04 2.5369841625e+04 1.2800000000e+02 4.0000000000e+00
1.7000000000e+01 0.0000000000e+00 2.6199000000e+04 2.5326423594e+04 1.2700000000e+02 4.0000000000e+00
1.7000000000e+01 1.0000000000e+00 3.2480000000e+04 3.1667467203e+04 1.2500000000e+02 5.0000000000e+00
1.7000000000e+01 2.0000000000e+00 3.3321000000e+04 3.1722841110e+04 2.1100000000e+02 5.0000000000e+00
1.7000000000e+01 3.0000000000e+00 2.6235000000e+04 2.5385569876e+04 1.1900000000e+02 4.0000000000e+00
1.7000000000e+01 4.0000000000e+00 2.6292000000e+04 2.5358962612e+04 1.4100000000e+02 4.0000000000e+00
1.7000000000e+01 5.0000000000e+00 3.2772000000e+04 3.1658039245e+04 1.5600000000e+02 5.0000000000e+00
1.7000000000e+01 6.0000000000e+00 2.6280000000e+04 2.5320323457e+04 1.2900000000e+02 4.0000000000e+00
1.7000000000e+01 7.0000000000e+00 2.6256000000e+04 2.5337479621e+04 1.3700000000e+02 4.0000000000e+00
1.7000000000e+01 8.0000000000e+00 2.6216000000e+04 2.5392668782e+04 1.3200000000e+02 4.0000000000e+00
1.7000000000e+01 9.0000000000e+00 2.6176000000e+04 2.5343338113e+04 1.1900000000e+02 4.0000000000e+00
1.7000000000e+01 1.0000000000e+01 2.6143000000e+04 2.5412810234e+04 1.1900000000e+02 4.0000000000e+00
1.7000000000e+01 1.1000000000e+01 2.6229000000e+04 2.5351591706e+04 1.2600000000e+02 4.0000000000e+00
1.7000000000e+01 1.2000000000e+01 9.8900000000e+04 9.5047058821e+04 5.3900000000e+02 1.5000000000e+01
1.8000000000e+01 0.0000000000e+00 2.6316000000e+04 2.5309530427e+04 1.2800000000e+02 4.0000000000e+00
1.8000000000e+01 1.0000000000e+00 3.2863000000e+04 3.1788587404e+04 1.7300000000e+02 5.0000000000e+00
1.8000000000e+01 2.0000000000e+00 2.6294000000e+04 2.5351174084e+04 1.3300000000e+02 4.0000000000e+00
1.8000000000e+01 3.0000000000e+00 1.1840000000e+05 1.1412151928e+05 6.0300000000e+02 1.8000000000e+01
1.8000000000e+01 4.0000000000e+00 2.6361000000e+04 2.5328139928e+04 1.4600000000e+02 4.0000000000e+00
1.8000000000e+01 5.0000000000e+00 2.6092000000e+04 2.5317405765e+04 1.1700000000e+02 4.0000000000e+00
1.8000000000e+01 6.0000000000e+00 2.6126000000e+04 2.5358312621e+04 1.2500000000e+02 4.0000000000e+00
1.9000000000e+01 0.0000000000e+00 2.5981000000e+04 2.5279366160e+04 9.8000000000e+01 4.0000000000e+00
1.9000000000e+01 1.0000000000e+00 6.0038000000e+04 5.7147016905e+04 3.6000000000e+02 9.0000000000e+00
1.9000000000e+01 2.0000000000e+00 2.6325000000e+04 2.5519750461e+04 1.1900000000e+02 4.0000000000e+00
1.9000000000e+01 3.0000000000e+00 2.6259000000e+04 2.5326401650e+04 1.2200000000e+02 4.0000000000e+00
1.9000000000e+01 4.0000000000e+00 2.6453000000e+04 2.5298640867e+04 1.4800000000e+02 4.0000000000e+00
1.9000000000e+01 5.0000000000e+00 2.6242000000e+04 2.5316850472e+04 1.3700000000e+02 4.0000000000e+00
1.9000000000e+01 6.0000000000e+00 1.5374800000e+05 1.4562651971e+05 8.6300000000e+02 2.3000000000e+01
1.9000000000e+01 7.0000000000e+00 2.6210000000e+04 2.5443685008e+04 1.2500000000e+02 4.0000000000e+00
1.9000000000e+01 8.0000000000e+00 3.2938000000e+04 3.1673458171e+04 1.8900000000e+02 5.0000000000e+00
1.9000000000e+01 9.0000000000e+00 3.9282000000e+04 3.8056868709e+04 1.8700000000e+02 6.0000000000e+00
2.0000000000e+01 0.0000000000e+00 3.2570000000e+04 3.1733975038e+04 1.3900000000e+02 5.0000000000e+00
2.0000000000e+01 1.0000000000e+00 1.5846600000e+05 1.5209675285e+05 8.3100000000e+02 2.4000000000e+01
2.0000000000e+01 2.0000000000e+00 3.2663000000e+04 3.1801385207e+04 1.5200000000e+02 5.0000000000e+00
2.0000000000e+01 3.0000000000e+00 2.6183000000e+04 2.5379034065e+04 1.2800000000e+02 4.0000000000e+00
2.0000000000e+01 4.0000000000e+00 2.6239000000e+04 2.5330292317e+04 1.2800000000e+02 4.0000000000e+00
2.0000000000e+01 5.0000000000e+00 2.6055000000e+04 2.5311999380e+04 1.1600000000e+02 4.0000000000e+00
2.1000000000e+01 0.0000000000e+00 2.6051000000e+04 2.5346065685e+04 1.0500000000e+02 4.0000000000e+00
2.1000000000e+01 1.0000000000e+00 3.9046000000e+04 3.8021068735e+04 1.5000000000e+02 6.0000000000e+00
2.1000000000e+01 2.0000000000e+00 5.9199000000e+04 5.6964934967e+04 2.8100000000e+02 9.0000000000e+00
2.1000000000e+01 3.0000000000e+00 2.6877000000e+04 2.5353605103e+04 1.6500000000e+02 4.0000000000e+00
2.1000000000e+01 4.0000000000e+00 2.6071000000e+04 2.5364303493e+04 1.1500000000e+02 4.0000000000e+00
2.1000000000e+01 5.0000000000e+00 2.6286000000e+04 2.5331507911e+04 1.2900000000e+02 4.0000000000e+00
2.1000000000e+01 6.0000000000e+00 2.6344000000e+04 2.5369467588e+04 1.3800000000e+02 4.0000000000e+00
2.1000000000e+01 7.0000000000e+00 2.6230000000e+04 2.5316408285e+04 1.2300000000e+02 4.0000000000e+00
2.1000000000e+01 8.0000000000e+00 2.6150000000e+04 2.5415626945e+04 1.0700000000e+02 4.0000000000e+00
2.1000000000e+01 9.0000000000e+00 2.6023000000e+04 2.5341875282e+04 9.6000000000e+01 4.0000000000e+00
2.1000000000e+01 1.0000000000e+01 2.6383000000e+04 2.5328928385e+04 1.3100000000e+02 4.0000000000e+00
2.1000000000e+01 1.1000000000e+01 2.6281000000e+04 2.5303369014e+04 1.1900000000e+02 4.0000000000e+00
2.1000000000e+01 1.2000000000e+01 3.2962000000e+04 3.1702473571e+04 1.7400000000e+02 5.0000000000e+00
2.1000000000e+01 1.3000000000e+01 2.6363000000e+04 2.5347753849e+04 1.3800000000e+02 4.0000000000e+00
2.1000000000e+01 1.4000000000e+01 3.2456000000e+04 3.1633876157e+04 1.2800000000e+02 5.0000000000e+00
2.1000000000e+01 1.5000000000e+01 2.6204000000e+04 2.5322635984e+04 1.2600000000e+02 4.0000000000e+00
2.1000000000e+01 1.6000000000e+01 2.6374000000e+04 2.5328616397e+04 1.4200000000e+02 4.0000000000e+00
2.2000000000e+01 0.0000000000e+00 2.6311000000e+04 2.5353122053e+04 1.3300000000e+02 4.0000000000e+00
2.2000000000e+01 1.0000000000e+00 3.9446000000e+04 3.7949407858e+04 2.0400000000e+02 6.0000000000e+00
2.2000000000e+01 2.0000000000e+00 2.6229000000e+04 2.5326443683e+04 1.2500000000e+02 4.0000000000e+00
2.2000000000e+01 3.0000000000e+00 2.6291000000e+04 2.5346427696e+04 1.3300000000e+02 4.0000000000e+00
2.2000000000e+01 4.0000000000e+00 2.6124000000e+04 2.5434776899e+04 1.1500000000e+02 4.0000000000e+00
2.2000000000e+01 5.0000000000e+00 2.6325000000e+04 2.5316525147e+04 1.4500000000e+02 4.0000000000e+00
2.2000000000e+01 6.0000000000e+00 2.6052000000e+04 2.5314563442e+04 1.0700000000e+02 4.0000000000e+00
2.2000000000e+01 7.0000000000e+00 2.6479000000e+04 2.5316494499e+04 1.5000000000e+02 4.0000000000e+00
2.3000000000e+01 0.0000000000e+00 3.2592000000e+04 3.1668071763e+04 1.3500000000e+02 5.0000000000e+00
2.3000000000e+01 1.0000000000e+00 3.2826000000e+04 3.1853472872e+04 1.4400000000e+02 5.0000000000e+00
2.3000000000e+01 2.0000000000e+00 2.6221000000e+04 2.5389959710e+04 1.2900000000e+02 4.0000000000e+00
2.3000000000e+01 3.0000000000e+00 2.6391000000e+04 2.5363843895e+04 1.4100000000e+02 4.0000000000e+00
2.3000000000e+01 4.0000000000e+00 5.8699000000e+04 5.7011100194e+04 2.5500000000e+02 9.0000000000e+00
2.3000000000e+01 5.0000000000e+00 5.9112000000e+04 5.7054364922e+04 3.0500000000e+02 9.0000000000e+00
2.3000000000e+01 6.0000000000e+00 2.6055000000e+04 2.5324674701e+04 1.1200000000e+02 4.0000000000e+00
2.3000000000e+01 7.0000000000e+00 9.9147000000e+04 9.5036911757e+04 5.1900000000e+02 1.5000000000e+01
2.3000000000e+01 8.0000000000e+00 2.6516000000e+04 2.5329620701e+04 1.4800000000e+02 4.0000000000e+00
2.3000000000e+01 9.0000000000e+00 3.9738000000e+04 3.8034143497e+04 2.1300000000e+02 6.0000000000e+00
2.3000000000e+01 1.0000000000e+01 2.6086000000e+04 2.5328688910e+04 1.1500000000e+02 4.0000000000e+00
2.3000000000e+01 1.1000000000e+01 3.2785000000e+04 3.1666826044e+04 1.7300000000e+02 5.0000000000e+00
2.3000000000e+01 1.2000000000e+01 2.6241000000e+04 2.5336247535e+04 1.3400000000e+02 4.0000000000e+00
2.4000000000e+01 0.0000000000e+00 5.3385000000e+04 5.0610508436e+04 3.2800000000e+02 8.0000000000e+00
2.4000000000e+01 1.0000000000e+00 2.6202000000e+04 2.5330524247e+04 1.2600000000e+02 4.0000000000e+00
2.4000000000e+01 2.0000000000e+00 2.6312000000e+04 2.5286440852e+04 1.3700000000e+02 4.0000000000e+00
2.4000000000e+01 3.0000000000e+00 2.6392000000e+04 2.5381939784e+04 1.3000000000e+02 4.0000000000e+00
2.4000000000e+01 4.0000000000e+00 3.2726000000e+04 3.1716246341e+04 1.5400000000e+02 5.0000000000e+00
2.4000000000e+01 5.0000000000e+00 3.2936000000e+04 3.1748597191e+04 1.8500000000e+02 5.0000000000e+00
2.4000000000e+01 6.0000000000e+00 2.6388000000e+04 2.5368086355e+04 1.4600000000e+02 4.0000000000e+00
2.4000000000e+01 7.0000000000e+00 2.6052000000e+04 2.5322024422e+04 1.1600000000e+02 4.0000000000e+00
2.5000000000e+01 0.0000000000e+00 2.6235000000e+04 2.5361443463e+04 1.2600000000e+02 4.0000000000e+00
2.5000000000e+01 1.0000000000e+00 2.6052000000e+04 2.5343415587e+04 1.0700000000e+02 4.0000000000e+00
2.5000000000e+01 2.0000000000e+00 2.6166000000e+04 2.5357013146e+04 1.2100000000e+02 4.0000000000e+00
2.5000000000e+01 3.0000000000e+00 1.5871000000e+05 1.5200391975e+05 8.3200000000e+02 2.4000000000e+01
2.5000000000e+01 4.0000000000e+00 2.6107000000e+04 2.5337149137e+04 1.1500000000e+02 4.0000000000e+00
2.5000000000e+01 5.0000000000e+00 2.6216000000e+04 2.5286165884e+04 1.1600000000e+02 4.0000000000e+00
2.5000000000e+01 6.0000000000e+00 4.6076000000e+04 4.4357155358e+04 2.2100000000e+02 7.0000000000e+00
2.5000000000e+01 7.0000000000e+00 2.6132000000e+04 2.5330994265e+04 1.2200000000e+02 4.0000000000e+00
2.5000000000e+01 8.0000000000e+00 2.6480000000e+04 2.5414629953e+04 1.5000000000e+02 4.0000000000e+00
2.5000000000e+01 9.0000000000e+00 2.6080000000e+04 2.5624350736e+04 8.6000000000e+01 4.0000000000e+00
2.5000000000e+01 1.0000000000e+01 2.6204000000e+04 2.5312435353e+04 1.3000000000e+02 4.0000000000e+00
2.5000000000e+01 1.1000000000e+01 2.6269000000e+04 2.5294324224e+04 1.2200000000e+02 4.0000000000e+00
2.5000000000e+01 1.2000000000e+01 3.2961000000e+04 3.1636560164e+04 1.6600000000e+02 5.0000000000e+00
2.5000000000e+01 1.3000000000e+01 2.6179000000e+04 2.5302310534e+04 1.1900000000e+02 4.0000000000e+00
2.5000000000e+01 1.4000000000e+01 2.6135000000e+04 2.5337386100e+04 1.2000000000e+02 4.0000000000e+00
2.5000000000e+01 1.5000000000e+01 2.6412000000e+04 2.5338113744e+04 1.4800000000e+02 4.0000000000e+00
2.5000000000e+01 1.6000000000e+01 2.5923000000e+04 2.5319263981e+04 1.0300000000e+02 4.0000000000e+00
2.6000000000e+01 0.0000000000e+00 5.9564000000e+04 5.7024104626e+04 2.9000000000e+02 9.0000000000e+00
2.6000000000e+01 1.0000000000e+00 2.6201000000e+04 2.5367168234e+04 1.1000000000e+02 4.0000000000e+00
2.6000000000e+01 2.0000000000e+00 2.6220000000e+04 2.5289276796e+04 1.2200000000e+02 4.0000000000e+00
2.6000000000e+01 3.0000000000e+00 2.6611000000e+04 2.5303641011e+04 1.5100000000e+02 4.0000000000e+00
2.6000000000e+01 4.0000000000e+00 2.6165000000e+04 2.5343645079e+04 1.1500000000e+02 4.0000000000e+00
2.6000000000e+01 5.0000000000e+00 2.6272000000e+04 2.5426281227e+04 1.3300000000e+02 4.0000000000e+00
2.6000000000e+01 6.0000000000e+00 2.6189000000e+04 2.5330320241e+04 1.2200000000e+02 4.0000000000e+00
2.6000000000e+01 7.0000000000e+00 2.5960000000e+04 2.5360901530e+04 1.0300000000e+02 4.0000000000e+00
2.6000000000e+01 8.0000000000e+00 2.6445000000e+04 2.5328103242e+04 1.3800000000e+02 4.0000000000e+00
2.6000000000e+01 9.0000000000e+00 2.6257000000e+04 2.5357582058e+04 1.2700000000e+02 4.0000000000e+00
2.7000000000e+01 0.0000000000e+00 2.6279000000e+04 2.5319290323e+04 1.2000000000e+02 4.0000000000e+00
2.7000000000e+01 1.0000000000e+00 3.9245000000e+04 3.7962877759e+04 1.6600000000e+02 6.0000000000e+00
2.7000000000e+01 2.0000000000e+00 2.6034000000e+04 2.5329659906e+04 1.0700000000e+02 4.0000000000e+00
2.7000000000e+01 3.0000000000e+00 2.6113000000e+04 2.5327272946e+04 1.1700000000e+02 4.0000000000e+00
2.7000000000e+01 4.0000000000e+00 2.6352000000e+04 2.5342725327e+04 1.3600000000e+02 4.0000000000e+00
2.7000000000e+01 5.0000000000e+00 2.6185000000e+04 2.5351049498e+04 1.2800000000e+02 4.0000000000e+00
2.7000000000e+01 6.0000000000e+00 3.2818000000e+04 3.1670911069e+04 1.5200000000e+02 5.0000000000e+00
2.7000000000e+01 7.0000000000e+00 7.8992000000e+04 7.5978296903e+04 4.1100000000e+02 1.2000000000e+01
2.7000000000e+01 8.0000000000e+00 5.2729000000e+04 5.0631706688e+04 2.7900000000e+02 8.0000000000e+00
2.8000000000e+01 0.0000000000e+00 2.6067000000e+04 2.5350455119e+04 1.0600000000e+02 4.0000000000e+00
2.8000000000e+01 1.0000000000e+00 3.2865000000e+04 3.1669454648e+04 1.6200000000e+02 5.0000000000e+00
2.8000000000e+01 2.0000000000e+00 2.6078000000e+04 2.5449372922e+04 1.1300000000e+02 4.0000000000e+00
2.8000000000e+01 3.0000000000e+00 3.2693000000e+04 3.1674007776e+04 1.4900000000e+02 5.0000000000e+00
2.8000000000e+01 4.0000000000e+00 2.6118000000e+04 2.5350571138e+04 1.1900000000e+02 4.0000000000e+00
2.8000000000e+01 5.0000000000e+00 3.2694000000e+04 3.1821022193e+04 1.3600000000e+02 5.0000000000e+00
2.8000000000e+01 6.0000000000e+00 2.6209000000e+04 2.5335472989e+04 1.2600000000e+02 4.0000000000e+00
2.8000000000e+01 7.0000000000e+00 2.6237000000e+04 2.5345001623e+04 1.1400000000e+02 4.0000000000e+00
2.8000000000e+01 8.0000000000e+00 3.3121000000e+04 3.1639884339e+04 1.8600000000e+02 5.0000000000e+00
2.8000000000e+01 9.0000000000e+00 2.6040000000e+04 2.5318715681e+04 1.1400000000e+02 4.0000000000e+00
2.8000000000e+01 1.0000000000e+01 2.6222000000e+04 2.5352599748e+04 1.2600000000e+02 4.0000000000e+00
2.8000000000e+01 1.1000000000e+01 3.2599000000e+04 3.1621651404e+04 1.3800000000e+02 5.0000000000e+00
2.8000000000e+01 1.2000000000e+01 2.6307000000e+04 2.5323443839e+04 1.3200000000e+02 4.0000000000e+00
2.8000000000e+01 1.3000000000e+01 9.4150000000e+04 8.8697743931e+04 5.6700000000e+02 1.4000000000e+01
2.8000000000e+01 1.4000000000e+01 5.2342000000e+04 5.0827650906e+04 2.6100000000e+02 8.0000000000e+00
2.8000000000e+01 1.5000000000e+01 4.5920000000e+04 4.4264759049e+04 2.2100000000e+02 7.0000000000e+00
2.8000000000e+01 1.6000000000e+01 7.8952000000e+04 7.6061243554e+04 3.9000000000e+02 1.2000000000e+01
2.8000000000e+01 1.7000000000e+01 3.9489000000e+04 3.8020092424e+04 2.0600000000e+02 6.0000000000e+00
2.9000000000e+01 0.0000000000e+00 2.6453000000e+04 2.5719088319e+04 1.1700000000e+02 4.0000000000e+00
2.9000000000e+01 1.0000000000e+00 2.6198000000e+04 2.5334467202e+04 1.2200000000e+02 4.0000000000e+00
2.9000000000e+01 2.0000000000e+00 2.6238000000e+04 2.5336220666e+04 1.2200000000e+02 4.0000000000e+00
2.9000000000e+01 3.0000000000e+00 2.6056000000e+04 2.5357796240e+04 1.0500000000e+02 4.0000000000e+00
2.9000000000e+01 4.0000000000e+00 2.6308000000e+04 2.5374803500e+04 1.3900000000e+02 4.0000000000e+00
2.9000000000e+01 5.0000000000e+00 2.6203000000e+04 2.5360444726e+04 1.1500000000e+02 4.0000000000e+00
2.9000000000e+01 6.0000000000e+00 8.5195000000e+04 8.2498552947e+04 4.0700000000e+02 1.3000000000e+01
2.9000000000e+01 7.0000000000e+00 2.1124100000e+05 2.0286557871e+05 1.1640000000e+03 3.2000000000e+01
2.9000000000e+01 8.0000000000e+00 3.2408000000e+04 3.1659108472e+04 1.2300000000e+02 5.0000000000e+00
2.9000000000e+01 9.0000000000e+00 4.5811000000e+04 4.4350750930e+04 2.0900000000e+02 7.0000000000e+00
2.9000000000e+01 1.0000000000e+01 1.8509300000e+05 1.7748232799e+05 1.0280000000e+03 2.8000000000e+01
2.9000000000e+01 1.1000000000e+01 3.3019000000e+04 3.1666950045e+04 1.7300000000e+02 5.0000000000e+00
3.0000000000e+01 0.0000000000e+00 3.2535000000e+04 3.1684524458e+04 1.3500000000e+02 5.0000000000e+00
3.0000000000e+01 1.0000000000e+00 1.1860000000e+05 1.1393184786e+05 5.9000000000e+02 1.8000000000e+01
3.0000000000e+01 2.0000000000e+00 6.5671000000e+04 6.3306731296e+04 3.0600000000e+02 1.0000000000e+01
3.0000000000e+01 3.0000000000e+00 2.6108000000e+04 2.5337127804e+04 1.1400000000e+02 4.0000000000e+00
3.0000000000e+01 4.0000000000e+00 2.6214000000e+04 2.5312669868e+04 1.2400000000e+02 4.0000000000e+00
3.0000000000e+01 5.0000000000e+00 2.6347000000e+04 2.5340694211e+04 1.3300000000e+02 4.0000000000e+00
3.0000000000e+01 6.0000000000e+00 2.6448000000e+04 2.5364622026e+04 1.4900000000e+02 4.0000000000e+00
3.0000000000e+01 7.0000000000e+00 2.6228000000e+04 2.5292682396e+04 1.2800000000e+02 4.0000000000e+00
3.0000000000e+01 8.0000000000e+00 2.6263000000e+04 2.5352545302e+04 1.2200000000e+02 4.0000000000e+00
3.0000000000e+01 9.0000000000e+00 8.7569000000e+04 8.2363750344e+04 5.7100000000e+02 1.3000000000e+01
3.1000000000e+01 0.0000000000e+00 2.6086000000e+04 2.5346670157e+04 1.0300000000e+02 4.0000000000e+00
3.1000000000e+01 1.0000000000e+00 9.8380000000e+04 9.4997921888e+04 4.5500000000e+02 1.5000000000e+01
3.1000000000e+01 2.0000000000e+00 2.6245000000e+04 2.5347908581e+04 1.2800000000e+02 4.0000000000e+00
3.1000000000e+01 3.0000000000e+00 2.6335000000e+04 2.5336622734e+04 1.2300000000e+02 4.0000000000e+00
3.1000000000e+01 4.0000000000e+00 2.6247000000e+04 2.5302564269e+04 1.2500000000e+02 4.0000000000e+00
3.1000000000e+01 5.0000000000e+00 2.6073000000e+04 2.5352595208e+04 1.1100000000e+02 4.0000000000e+00
3.1000000000e+01 6.0000000000e+00 2.6341000000e+04 2.5344339417e+04 1.3800000000e+02 4.0000000000e+00
3.1000000000e+01 7.0000000000e+00 2.6279000000e+04 2.5360239221e+04 1.2800000000e+02 4.0000000000e+00
3.1000000000e+01 8.0000000000e+00 3.2686000000e+04 3.1661586302e+04 1.5000000000e+02 5.0000000000e+00
3.2000000000e+01 0.0000000000e+00 3.9079000000e+04 3.7974058733e+04 1.7500000000e+02 6.0000000000e+00
3.2000000000e+01 1.0000000000e+00 2.6016000000e+04 2.5352818499e+04 1.0100000000e+02 4.0000000000e+00
3.2000000000e+01 2.0000000000e+00 7.2775000000e+04 6.9646821521e+04 3.8700000000e+02 1.1000000000e+01
3.2000000000e+01 3.0000000000e+00 2.6222000000e+04 2.5309696045e+04 1.2000000000e+02 4.0000000000e+00
3.2000000000e+01 4.0000000000e+00 5.8714000000e+04 5.7017705249e+04 2.4700000000e+02 9.0000000000e+00
3.2000000000e+01 5.0000000000e+00 3.9746000000e+04 3.7962175176e+04 2.1100000000e+02 6.0000000000e+00
3.2000000000e+01 6.0000000000e+00 3.9373000000e+04 3.8084310866e+04 1.8800000000e+02 6.0000000000e+00
3.2000000000e+01 7.0000000000e+00 2.6009000000e+04 2.5315743649e+04 1.0200000000e+02 4.0000000000e+00
3.2000000000e+01 8.0000000000e+00 2.6160000000e+04 2.5355946789e+04 1.1600000000e+02 4.0000000000e+00
3.2000000000e+01 9.0000000000e+00 2.6399000000e+04 2.5326060828e+04 1.3500000000e+02 4.0000000000e+00
3.2000000000e+01 1.0000000000e+01 7.9864000000e+04 7.5985894899e+04 4.4600000000e+02 1.2000000000e+01
3.2000000000e+01 1.1000000000e+01 9.1853000000e+04 8.8676121634e+04 4.5700000000e+02 1.4000000000e+01
3.2000000000e+01 1.2000000000e+01 2.6306000000e+04 2.5323464789e+04 1.2900000000e+02 4.0000000000e+00
3.2000000000e+01 1.3000000000e+01 2.6100000000e+04 2.5341877054e+04 1.2300000000e+02 4.0000000000e+00
3.2000000000e+01 1.4000000000e+01 6.6059000000e+04 6.3381934883e+04 3.4500000000e+02 1.0000000000e+01
3.3000000000e+01 0.0000000000e+00 2.6043000000e+04 2.5304825956e+04 1.0600000000e+02 4.0000000000e+00
3.3000000000e+01 1.0000000000e+00 4.5672000000e+04 4.4323567137e+04 1.8400000000e+02 7.0000000000e+00
3.3000000000e+01 2.0000000000e+00 2.6204000000e+04 2.5347030563e+04 1.2300000000e+02 4.0000000000e+00
3.3000000000e+01 3.0000000000e+00 2.6027000000e+04 2.5318242995e+04 1.0800000000e+02 4.0000000000e+00
3.3000000000e+01 4.0000000000e+00 3.3014000000e+04 3.1663664231e+04 1.8200000000e+02 5.0000000000e+00
3.3000000000e+01 5.0000000000e+00 2.6182000000e+04 2.5363910850e+04 1.2700000000e+02 4.0000000000e+00
3.3000000000e+01 6.0000000000e+00 2.6479000000e+04 2.5328134603e+04 1.5300000000e+02 4.0000000000e+00
3.3000000000e+01 7.0000000000e+00 3.2836000000e+04 3.1671597155e+04 1.5500000000e+02 5.0000000000e+00
3.3000000000e+01 8.0000000000e+00 2.6134000000e+04 2.5469551371e+04 1.1900000000e+02 4.0000000000e+00
3.3000000000e+01 9.0000000000e+00 2.6342000000e+04 2.5415283291e+04 1.3600000000e+02 4.0000000000e+00
3.4000000000e+01 0.0000000000e+00 2.6098000000e+04 2.5338402033e+04 1.1700000000e+02 4.0000000000e+00
3.4000000000e+01 1.0000000000e+00 1.5178800000e+05 1.4597708018e+05 7.8700000000e+02 2.3000000000e+01
3.4000000000e+01 2.0000000000e+00 2.6385000000e+04 2.5329785357e+04 1.4000000000e+02 4.0000000000e+00
3.4000000000e+01 3.0000000000e+00 2.6240000000e+04 2.5315310187e+04 1.2000000000e+02 4.0000000000e+00
3.5000000000e+01 0.0000000000e+00 2.6126000000e+04 2.5273388137e+04 1.1900000000e+02 4.0000000000e+00
3.5000000000e+01 1.0000000000e+00 2.6241000000e+04 2.5321201708e+04 1.3100000000e+02 4.0000000000e+00
3.5000000000e+01 2.0000000000e+00 2.6264000000e+04 2.5340332494e+04 1.2800000000e+02 4.0000000000e+00
3.5000000000e+01 3.0000000000e+00 2.6339000000e+04 2.5322010938e+04 1.4400000000e+02 4.0000000000e+00
3.5000000000e+01 4.0000000000e+00 3.2851000000e+04 3.1722328993e+04 1.6600000000e+02 5.0000000000e+00
3.5000000000e+01 5.0000000000e+00 2.6136000000e+04 2.5374283491e+04 1.1700000000e+02 4.0000000000e+00
3.5000000000e+01 6.0000000000e+00 2.6298000000e+04 2.5383638238e+04 1.3400000000e+02 4.0000000000e+00
3.5000000000e+01 7.0000000000e+00 2.6391000000e+04 2.5493224493e+04 1.3900000000e+02 4.0000000000e+00
3.5000000000e+01 8.0000000000e+00 3.2733000000e+04 3.1691623557e+04 1.5900000000e+02 5.0000000000e+00
3.6000000000e+01 0.0000000000e+00 9.8954000000e+04 9.4980354360e+04 4.7900000000e+02 1.5000000000e+01
3.6000000000e+01 1.0000000000e+00 2.6252000000e+04 2.5339224472e+04 1.2800000000e+02 4.0000000000e+00
3.6000000000e+01 2.0000000000e+00 4.6423000000e+04 4.4341050552e+04 2.4800000000e+02 7.0000000000e+00
3.6000000000e+01 3.0000000000e+00 2.6249000000e+04 2.5329624874e+04 1.2600000000e+02 4.0000000000e+00
3.6000000000e+01 4.0000000000e+00 3.2520000000e+04 3.1701335456e+04 1.3600000000e+02 5.0000000000e+00
3.6000000000e+01 5.0000000000e+00 2.6250000000e+04 2.5340319722e+04 1.3000000000e+02 4.0000000000e+00
3.6000000000e+01 6.0000000000e+00 2.6118000000e+04 2.5314807006e+04 1.1300000000e+02 4.0000000000e+00
3.6000000000e+01 7.0000000000e+00 5.3689000000e+04 5.0717017327e+04 3.2300000000e+02 8.0000000000e+00
3.6000000000e+01 8.0000000000e+00 2.6485000000e+04 2.5404986772e+04 1.3600000000e+02 4.0000000000e+00
3.6000000000e+01 9.0000000000e+00 2.6123000000e+04 2.5333389084e+04 1.1300000000e+02 4.0000000000e+00
3.6000000000e+01 1.0000000000e+01 5.2909000000e+04 5.0683942432e+04 2.8200000000e+02 8.0000000000e+00
3.7000000000e+01 0.0000000000e+00 2.6153000000e+04 2.5336572436e+04 1.1200000000e+02 4.0000000000e+00
3.7000000000e+01 1.0000000000e+00 2.6334000000e+04 2.5333977128e+04 1.3700000000e+02 4.0000000000e+00
3.7000000000e+01 2.0000000000e+00 2.6139000000e+04 2.5345927421e+04 1.1400000000e+02 4.0000000000e+00
3.7000000000e+01 3.0000000000e+00 2.6169000000e+04 2.5376221781e+04 1.2600000000e+02 4.0000000000e+00
3.7000000000e+01 4.0000000000e+00 4.5957000000e+04 4.4400288655e+04 2.3100000000e+02 7.0000000000e+00
3.7000000000e+01 5.0000000000e+00 2.6189000000e+04 2.5358971008e+04 1.1700000000e+02 4.0000000000e+00
3.8000000000e+01 0.0000000000e+00 2.6264000000e+04 2.5319184062e+04 1.2800000000e+02 4.0000000000e+00
3.8000000000e+01 1.0000000000e+00 2.6446000000e+04 2.5385593210e+04 1.5800000000e+02 4.0000000000e+00
3.8000000000e+01 2.0000000000e+00 2.6203000000e+04 2.5344609849e+04 1.2800000000e+02 4.0000000000e+00
3.8000000000e+01 3.0000000000e+00 3.8884000000e+04 3.8030918367e+04 1.4900000000e+02 6.0000000000e+00
3.8000000000e+01 4.0000000000e+00 1.1163100000e+05 1.0779135435e+05 5.6500000000e+02 1.7000000000e+01
3.8000000000e+01 5.0000000000e+00 3.2763000000e+04 3.1643426663e+04 1.4400000000e+02 5.0000000000e+00
3.9000000000e+01 0.0000000000e+00 2.6301000000e+04 2.5304900617e+04 1.3500000000e+02 4.0000000000e+00
3.9000000000e+01 1.0000000000e+00 3.3016000000e+04 3.1678434169e+04 1.8600000000e+02 5.0000000000e+00
3.9000000000e+01 2.0000000000e+00 2.6072000000e+04 2.5346060087e+04 1.1500000000e+02 4.0000000000e+00
3.9000000000e+01 3.0000000000e+00 2.6284000000e+04 2.5336214164e+04 1.2200000000e+02 4.0000000000e+00
4.0000000000e+01 0.0000000000e+00 2.6409000000e+04 2.5308547522e+04 1.3700000000e+02 4.0000000000e+00
4.0000000000e+01 1.0000000000e+00 2.6121000000e+04 2.5379538232e+04 1.1500000000e+02 4.0000000000e+00
4.1000000000e+01 0.0000000000e+00 2.5973000000e+04 2.5344391131e+04 1.0200000000e+02 4.0000000000e+00
4.1000000000e+01 1.0000000000e+00 2.6122000000e+04 2.5311685926e+04 1.2200000000e+02 4.0000000000e+00
4.1000000000e+01 2.0000000000e+00 5.8935000000e+04 5.7080588715e+04 2.7600000000e+02 9.0000000000e+00
4.1000000000e+01 3.0000000000e+00 3.2879000000e+04 3.1657229485e+04 1.6800000000e+02 5.0000000000e+00
4.1000000000e+01 4.0000000000e+00 1.3191000000e+05 1.2662898351e+05 6.9000000000e+02 2.0000000000e+01
4.1000000000e+01 5.0000000000e+00 2.6372000000e+04 2.5340886556e+04 1.3300000000e+02 4.0000000000e+00
4.1000000000e+01 6.0000000000e+00 2.6260000000e+04 2.5368438253e+04 1.1600000000e+02 4.0000000000e+00
4.2000000000e+01 0.0000000000e+00 2.6095000000e+04 2.5327888365e+04 1.1300000000e+02 4.0000000000e+00
4.2000000000e+01 1.0000000000e+00 3.2774000000e+04 3.1684709233e+04 1.5500000000e+02 5.0000000000e+00
4.2000000000e+01 2.0000000000e+00 9.2801000000e+04 8.8747174760e+04 5.0300000000e+02 1.4000000000e+01
4.2000000000e+01 3.0000000000e+00 2.6067000000e+04 2.5365075837e+04 1.1500000000e+02 4.0000000000e+00
4.2000000000e+01 4.0000000000e+00 5.2237000000e+04 5.0783447364e+04 2.5500000000e+02 8.0000000000e+00
4.2000000000e+01 5.0000000000e+00 2.6195000000e+04 2.5340956589e+04 1.3600000000e+02 4.0000000000e+00
4.3000000000e+01 0.0000000000e+00 2.6134000000e+04 2.5345015344e+04 1.2000000000e+02 4.0000000000e+00
4.3000000000e+01 1.0000000000e+00 3.2505000000e+04 3.1702245041e+04 1.2100000000e+02 5.0000000000e+00
4.3000000000e+01 2.0000000000e+00 2.6448000000e+04 2.5357276642e+04 1.3700000000e+02 4.0000000000e+00
4.3000000000e+01 3.0000000000e+00 3.9717000000e+04 3.8038302759e+04 2.1600000000e+02 6.0000000000e+00
4.3000000000e+01 4.0000000000e+00 2.6186000000e+04 2.5338558574e+04 1.2900000000e+02 4.0000000000e+00
4.3000000000e+01 5.0000000000e+00 2.6065000000e+04 2.5346155380e+04 1.0800000000e+02 4.0000000000e+00
4.3000000000e+01 6.0000000000e+00 3.3851000000e+04 3.3006752399e+04 1.2600000000e+02 5.0000000000e+00
4.3000000000e+01 7.0000000000e+00 5.2876000000e+04 5.0629742905e+04 2.9200000000e+02 8.0000000000e+00
4.3000000000e+01 8.0000000000e+00 2.6320000000e+04 2.5361920700e+04 1.2100000000e+02 4.0000000000e+00
4.3000000000e+01 9.0000000000e+00 2.6153000000e+04 2.5324991765e+04 1.1800000000e+02 4.0000000000e+00
4.3000000000e+01 1.0000000000e+01 3.2661000000e+04 3.1667670259e+04 1.4600000000e+02 5.0000000000e+00
4.3000000000e+01 1.1000000000e+01 3.9443000000e+04 3.8038477011e+04 1.9500000000e+02 6.0000000000e+00
4.3000000000e+01 1.2000000000e+01 8.5732000000e+04 8.2243022302e+04 4.6200000000e+02 1.3000000000e+01
4.3000000000e+01 1.3000000000e+01 5.2839000000e+04 5.0640922259e+04 2.7800000000e+02 8.0000000000e+00
4.4000000000e+01 0.0000000000e+00 2.6158000000e+04 2.5341842288e+04 1.2000000000e+02 4.0000000000e+00
4.4000000000e+01 1.0000000000e+00 2.6231000000e+04 2.5323812365e+04 1.2100000000e+02 4.0000000000e+00
4.4000000000e+01 2.0000000000e+00 2.6279000000e+04 2.5340021374e+04 1.2100000000e+02 4.0000000000e+00
4.4000000000e+01 3.0000000000e+00 2.6232000000e+04 2.5342608312e+04 1.2200000000e+02 4.0000000000e+00
4.4000000000e+01 4.0000000000e+00 2.6264000000e+04 2.5446363870e+04 1.1500000000e+02 4.0000000000e+00
4.4000000000e+01 5.0000000000e+00 3.9241000000e+04 3.7965928587e+04 1.7400000000e+02 6.0000000000e+00
4.4000000000e+01 6.0000000000e+00 2.6395000000e+04 2.5359253074e+04 1.3200000000e+02 4.0000000000e+00
4.4000000000e+01 7.0000000000e+00 3.9498000000e+04 3.7954008564e+04 1.9800000000e+02 6.0000000000e+00
4.4000000000e+01 8.0000000000e+00 2.6547000000e+04 2.5339648353e+04 1.4900000000e+02 4.0000000000e+00
4.4000000000e+01 9.0000000000e+00 5.8851000000e+04 5.7000997855e+04 2.8300000000e+02 9.0000000000e+00
4.4000000000e+01 1.0000000000e+01 4.5549000000e+04 4.4410163455e+04 1.8600000000e+02 7.0000000000e+00
4.4000000000e+01 1.1000000000e+01 2.6292000000e+04 2.5273517508e+04 1.3000000000e+02 4.0000000000e+00
4.4000000000e+01 1.2000000000e+01 1.6390000000e+05 1.5839124338e+05 8.1600000000e+02 2.5000000000e+01
4.4000000000e+01 1.3000000000e+01 4.6099000000e+04 4.4392083452e+04 2.4600000000e+02 7.0000000000e+00
4.4000000000e+01 1.4000000000e+01 2.6202000000e+04 2.5320000249e+04 1.2700000000e+02 4.0000000000e+00
4.4000000000e+01 1.5000000000e+01 2.6322000000e+04 2.5303534427e+04 1.3600000000e+02 4.0000000000e+00
4.4000000000e+01 1.6000000000e+01 3.9381000000e+04 3.7977792998e+04 1.8900000000e+02 6.0000000000e+00
4.5000000000e+01 0.0000000000e+00 9.2054000000e+04 8.8698889231e+04 4.4400000000e+02 1.4000000000e+01
4.5000000000e+01 1.0000000000e+00 5.8870000000e+04 5.6946043977e+04 2.7300000000e+02 9.0000000000e+00
4.5000000000e+01 2.0000000000e+00 9.9012000000e+04 9.5072942554e+04 5.0200000000e+02 1.5000000000e+01
4.5000000000e+01 3.0000000000e+00 2.6436000000e+04 2.5328276344e+04 1.4500000000e+02 4.0000000000e+00
4.5000000000e+01 4.0000000000e+00 3.2625000000e+04 3.1676298153e+04 1.4900000000e+02 5.0000000000e+00
4.5000000000e+01 5.0000000000e+00 2.6331000000e+04 2.5336866022e+04 1.3300000000e+02 4.0000000000e+00
4.5000000000e+01 6.0000000000e+00 1.1376800000e+05 1.0768458403e+05 6.3900000000e+02 1.7000000000e+01
4.5000000000e+01 7.0000000000e+00 1.1360900000e+05 1.0778107181e+05 6.0300000000e+02 1.7000000000e+01
4.5000000000e+01 8.0000000000e+00 2.6122000000e+04 2.5344467693e+04 1.1000000000e+02 4.0000000000e+00
4.5000000000e+01 9.0000000000e+00 2.6004000000e+04 2.5324271518e+04 1.0300000000e+02 4.0000000000e+00
4.5000000000e+01 1.0000000000e+01 3.9378000000e+04 3.8099654514e+04 2.0200000000e+02 6.0000000000e+00
4.5000000000e+01 1.1000000000e+01 2.6325000000e+04 2.5333524455e+04 1.4100000000e+02 4.0000000000e+00
4.5000000000e+01 1.2000000000e+01 2.6327000000e+04 2.5339546022e+04 1.2200000000e+02 4.0000000000e+00
4.5000000000e+01 1.3000000000e+01 2.6382000000e+04 2.5311774947e+04 1.3500000000e+02 4.0000000000e+00
4.5000000000e+01 1.4000000000e+01 2.6272000000e+04 2.5323421334e+04 1.4200000000e+02 4.0000000000e+00
4.5000000000e+01 1.5000000000e+01 3.2725000000e+04 3.1658335243e+04 1.5000000000e+02 5.0000000000e+00
4.5000000000e+01 1.6000000000e+01 3.2568000000e+04 3.1653641235e+04 1.3600000000e+02 5.0000000000e+00
4.5000000000e+01 1.7000000000e+01 2.6258000000e+04 2.5317464677e+04 1.2600000000e+02 4.0000000000e+00
4.5000000000e+01 1.8000000000e+01 4.5918000000e+04 4.4376889667e+04 2.2800000000e+02 7.0000000000e+00
4.5000000000e+01 1.9000000000e+01 3.3089000000e+04 3.1642899794e+04 1.7300000000e+02 5.0000000000e+00
4.5000000000e+01 2.0000000000e+01 3.8899000000e+04 3.8014583058e+04 1.5200000000e+02 6.0000000000e+00
4.6000000000e+01 0.0000000000e+00 4.5861000000e+04 4.4328842354e+04 1.8300000000e+02 7.0000000000e+00
4.6000000000e+01 1.0000000000e+00 2.6484000000e+04 2.5351077508e+04 1.3800000000e+02 4.0000000000e+00
4.6000000000e+01 2.0000000000e+00 2.6332000000e+04 2.5418760900e+04 1.3700000000e+02 4.0000000000e+00
4.6000000000e+01 3.0000000000e+00 2.6209000000e+04 2.5342231806e+04 1.2700000000e+02 4.0000000000e+00
4.6000000000e+01 4.0000000000e+00 3.9475000000e+04 3.8037452039e+04 2.0200000000e+02 6.0000000000e+00
4.6000000000e+01 5.0000000000e+00 3.9176000000e+04 3.8065635127e+04 1.7200000000e+02 6.0000000000e+00
4.6000000000e+01 6.0000000000e+00 2.6332000000e+04 2.5380773368e+04 1.4800000000e+02 4.0000000000e+00
4.7000000000e+01 0.0000000000e+00 2.6394000000e+04 2.5392178949e+04 1.4000000000e+02 4.0000000000e+00
4.7000000000e+01 1.0000000000e+00 2.6373000000e+04 2.5419968725e+04 1.2900000000e+02 4.0000000000e+00
4.7000000000e+01 2.0000000000e+00 2.6080000000e+04 2.5346294403e+04 1.1200000000e+02 4.0000000000e+00
4.7000000000e+01 3.0000000000e+00 3.3118000000e+04 3.1730906096e+04 1.9200000000e+02 5.0000000000e+00
4.7000000000e+01 4.0000000000e+00 2.6114000000e+04 2.5326763670e+04 1.1600000000e+02 4.0000000000e+00
4.7000000000e+01 5.0000000000e+00 2.6330000000e+04 2.5319774350e+04 1.2900000000e+02 4.0000000000e+00
4.7000000000e+01 6.0000000000e+00 2.6488000000e+04 2.5371165953e+04 1.3800000000e+02 4.0000000000e+00
4.8000000000e+01 0.0000000000e+00 2.6096000000e+04 2.5351525179e+04 1.1800000000e+02 4.0000000000e+00
4.8000000000e+01 1.0000000000e+00 2.6272000000e+04 2.5308991216e+04 1.3600000000e+02 4.0000000000e+00
4.8000000000e+01 2.0000000000e+00 1.1892100000e+05 1.1435124286e+05 5.7900000000e+02 1.8000000000e+01
4.8000000000e+01 3.0000000000e+00 3.3107000000e+04 3.1697933238e+04 1.7700000000e+02 5.0000000000e+00
4.8000000000e+01 4.0000000000e+00 3.9787000000e+04 3.8012027072e+04 2.0800000000e+02 6.0000000000e+00
4.8000000000e+01 5.0000000000e+00 6.5559000000e+04 6.3329217028e+04 3.1500000000e+02 1.0000000000e+01
4.8000000000e+01 6.0000000000e+00 2.6175000000e+04 2.5314901331e+04 1.2600000000e+02 4.0000000000e+00
4.8000000000e+01 7.0000000000e+00 6.5397000000e+04 6.3287345843e+04 3.1100000000e+02 1.0000000000e+01
4.8000000000e+01 8.0000000000e+00 2.6110000000e+04 2.5396889447e+04 1.1400000000e+02 4.0000000000e+00
4.8000000000e+01 9.0000000000e+00 8.0561000000e+04 7.6072441687e+04 4.8600000000e+02 1.2000000000e+01
4.9000000000e+01 0.0000000000e+00 2.6058000000e+04 2.5314770536e+04 1.0300000000e+02 4.0000000000e+00
4.9000000000e+01 1.0000000000e+00 2.6279000000e+04 2.5290034126e+04 1.2500000000e+02 4.0000000000e+00
4.9000000000e+01 2.0000000000e+00 2.6224000000e+04 2.5310059779e+04 1.2800000000e+02 4.0000000000e+00
4.9000000000e+01 3.0000000000e+00 2.6302000000e+04 2.5313450204e+04 1.3000000000e+02 4.0000000000e+00
4.9000000000e+01 4.0000000000e+00 4.5843000000e+04 4.4404139333e+04 2.0600000000e+02 7.0000000000e+00
4.9000000000e+01 5.0000000000e+00 2.6332000000e+04 2.5387084935e+04 1.4300000000e+02 4.0000000000e+00
4.9000000000e+01 6.0000000000e+00 2.6125000000e+04 2.5314805769e+04 1.2400000000e+02 4.0000000000e+00
4.9000000000e+01 7.0000000000e+00 2.6235000000e+04 2.5335824980e+04 1.2300000000e+02 4.0000000000e+00
4.9000000000e+01 8.0000000000e+00 3.9441000000e+04 3.7994782497e+04 1.8600000000e+02 6.0000000000e+00
4.9000000000e+01 9.0000000000e+00 3.9940000000e+04 3.8015124830e+04 2.3200000000e+02 6.0000000000e+00
4.9000000000e+01 1.0000000000e+01 2.6572000000e+04 2.5338728030e+04 1.4600000000e+02 4.0000000000e+00
4.9000000000e+01 1.1000000000e+01 2.6139000000e+04 2.5426435992e+04 1.2800000000e+02 4.0000000000e+00
4.9000000000e+01 1.2000000000e+01 3.3257000000e+04 3.1601672494e+04 1.9300000000e+02 5.0000000000e+00
5.0000000000e+01 0.0000000000e+00 6.5591000000e+04 6.3305125156e+04 3.1500000000e+02 1.0000000000e+01
5.0000000000e+01 1.0000000000e+00 2.6220000000e+04 2.5324691222e+04 1.2600000000e+02 4.0000000000e+00
5.0000000000e+01 2.0000000000e+00 1.8391400000e+05 1.7743248531e+05 9.0600000000e+02 2.8000000000e+01
5.0000000000e+01 3.0000000000e+00 3.2565000000e+04 3.1625393143e+04 1.4200000000e+02 5.0000000000e+00
5.0000000000e+01 4.0000000000e+00 3.3152000000e+04 3.1700114225e+04 1.8400000000e+02 5.0000000000e+00
5.0000000000e+01 5.0000000000e+00 5.8786000000e+04 5.6942848840e+04 2.6200000000e+02 9.0000000000e+00
5.1000000000e+01 0.0000000000e+00 3.2700000000e+04 3.1650318570e+04 1.5200000000e+02 5.0000000000e+00
5.1000000000e+01 1.0000000000e+00 2.6076000000e+04 2.5361902010e+04 1.2700000000e+02 4.0000000000e+00
5.1000000000e+01 2.0000000000e+00 2.6189000000e+04 2.5392297971e+04 1.2200000000e+02 4.0000000000e+00
5.1000000000e+01 3.0000000000e+00 2.6265000000e+04 2.5311655781e+04 1.4500000000e+02 4.0000000000e+00
5.1000000000e+01 4.0000000000e+00 2.6338000000e+04 2.5367535115e+04 1.4400000000e+02 4.0000000000e+00
5.1000000000e+01 5.0000000000e+00 3.2637000000e+04 3.1652129651e+04 1.4000000000e+02 5.0000000000e+00
5.1000000000e+01 6.0000000000e+00 2.6366000000e+04 2.5524081821e+04 1.2600000000e+02 4.0000000000e+00
5.1000000000e+01 7.0000000000e+00 2.6457000000e+04 2.5347045422e+04 1.5700000000e+02 4.0000000000e+00
5.1000000000e+01 8.0000000000e+00 2.6339000000e+04 2.5319177738e+04 1.2300000000e+02 4.0000000000e+00
5.1000000000e+01 9.0000000000e+00 2.6268000000e+04 2.5363688623e+04 1.3500000000e+02 4.0000000000e+00
5.1000000000e+01 1.0000000000e+01 7.9070000000e+04 7.6011978932e+04 3.9500000000e+02 1.2000000000e+01
5.1000000000e+01 1.1000000000e+01 2.0485000000e+05 1.9636330562e+05 1.1170000000e+03 3.1000000000e+01
5.1000000000e+01 1.2000000000e+01 4.5587000000e+04 4.4368605188e+04 1.9700000000e+02 7.0000000000e+00
5.1000000000e+01 1.3000000000e+01 3.9229000000e+04 3.8008915183e+04 1.7900000000e+02 6.0000000000e+00
5.2000000000e+01 0.0000000000e+00 4.6057000000e+04 4.4379666732e+04 2.2700000000e+02 7.0000000000e+00
5.2000000000e+01 1.0000000000e+00 4.5850000000e+04 4.4307212977e+04 2.1700000000e+02 7.0000000000e+00
5.2000000000e+01 2.0000000000e+00 2.6238000000e+04 2.5433311809e+04 1.3000000000e+02 4.0000000000e+00
5.2000000000e+01 3.0000000000e+00 2.6111000000e+04 2.5346318324e+04 1.1400000000e+02 4.0000000000e+00
5.2000000000e+01 4.0000000000e+00 2.6017000000e+04 2.5377737016e+04 9.7000000000e+01 4.0000000000e+00
5.2000000000e+01 5.0000000000e+00 2.5984000000e+04 2.5343079339e+04 1.0600000000e+02 4.0000000000e+00
5.2000000000e+01 6.0000000000e+00 3.9705000000e+04 3.8032639578e+04 2.1100000000e+02 6.0000000000e+00
5.2000000000e+01 7.0000000000e+00 2.6329000000e+04 2.5318846047e+04 1.3900000000e+02 4.0000000000e+00
5.2000000000e+01 8.0000000000e+00 2.6233000000e+04 2.5363529975e+04 1.2200000000e+02 4.0000000000e+00
5.2000000000e+01 9.0000000000e+00 2.6248000000e+04 2.5301329466e+04 1.2300000000e+02 4.0000000000e+00
5.2000000000e+01 1.0000000000e+01 3.9306000000e+04 3.8022720328e+04 1.7700000000e+02 6.0000000000e+00
5.2000000000e+01 1.1000000000e+01 2.6434000000e+04 2.5343501846e+04 1.4100000000e+02 4.0000000000e+00
5.2000000000e+01 1.2000000000e+01 2.6328000000e+04 2.5364451612e+04 1.3000000000e+02 4.0000000000e+00
5.3000000000e+01 0.0000000000e+00 2.6062000000e+04 2.5361615187e+04 1.1100000000e+02 4.0000000000e+00
5.3000000000e+01 1.0000000000e+00 2.6160000000e+04 2.5319995486e+04 1.2300000000e+02 4.0000000000e+00
5.3000000000e+01 2.0000000000e+00 2.6278000000e+04 2.5302745349e+04 1.4300000000e+02 4.0000000000e+00
5.3000000000e+01 3.0000000000e+00 2.6124000000e+04 2.5341362431e+04 1.2600000000e+02 4.0000000000e+00
5.3000000000e+01 4.0000000000e+00 2.6066000000e+04 2.5369315013e+04 1.0900000000e+02 4.0000000000e+00
5.3000000000e+01 5.0000000000e+00 2.6093000000e+04 2.5302043907e+04 1.0700000000e+02 4.0000000000e+00
5.4000000000e+01 0.0000000000e+00 2.6180000000e+04 2.5363687720e+04 1.2400000000e+02 4.0000000000e+00
5.4000000000e+01 1.0000000000e+00 2.6152000000e+04 2.5327882983e+04 1.2700000000e+02 4.0000000000e+00
5.4000000000e+01 2.0000000000e+00 2.6299000000e+04 2.5359988636e+04 1.4000000000e+02 4.0000000000e+00
5.4000000000e+01 3.0000000000e+00 2.6479000000e+04 2.5398813230e+04 1.5000000000e+02 4.0000000000e+00
5.4000000000e+01 4.0000000000e+00 3.2853000000e+04 3.1673535561e+04 1.5500000000e+02 5.0000000000e+00
5.4000000000e+01 5.0000000000e+00 2.6183000000e+04 2.5363436247e+04 1.1100000000e+02 4.0000000000e+00
5.5000000000e+01 0.0000000000e+00 2.6163000000e+04 2.5337753034e+04 1.2400000000e+02 4.0000000000e+00
5.5000000000e+01 1.0000000000e+00 2.6211000000e+04 2.5329163068e+04 1.2500000000e+02 4.0000000000e+00
5.5000000000e+01 2.0000000000e+00 2.6071000000e+04 2.5323874263e+04 1.0900000000e+02 4.0000000000e+00
5.5000000000e+01 3.0000000000e+00 2.6069000000e+04 2.5361707006e+04 1.0800000000e+02 4.0000000000e+00
5.5000000000e+01 4.0000000000e+00 2.6523000000e+04 2.5379847332e+04 1.5500000000e+02 4.0000000000e+00
5.5000000000e+01 5.0000000000e+00 4.6468000000e+04 4.4375711591e+04 2.5700000000e+02 7.0000000000e+00
5.5000000000e+01 6.0000000000e+00 2.6375000000e+04 2.5413305442e+04 1.3700000000e+02 4.0000000000e+00
5.5000000000e+01 7.0000000000e+00 2.6117000000e+04 2.5311549392e+04 1.2300000000e+02 4.0000000000e+00
5.5000000000e+01 8.0000000000e+00 5.8832000000e+04 5.6978631504e+04 2.6000000000e+02 9.0000000000e+00
5.6000000000e+01 0.0000000000e+00 1.9716400000e+05 1.9009553047e+05 9.6700000000e+02 3.0000000000e+01
5.6000000000e+01 1.0000000000e+00 2.6061000000e+04 2.5346104364e+04 1.1300000000e+02 4.0000000000e+00
5.6000000000e+01 2.0000000000e+00 3.0459500000e+05 2.9128732173e+05 1.6610000000e+03 4.6000000000e+01
5.6000000000e+01 3.0000000000e+00 2.6258000000e+04 2.5307716781e+04 1.3600000000e+02 4.0000000000e+00
5.6000000000e+01 4.0000000000e+00 2.6113000000e+04 2.5290820490e+04 1.1700000000e+02 4.0000000000e+00
5.7000000000e+01 0.0000000000e+00 4.6243000000e+04 4.4325080635e+04 2.2600000000e+02 7.0000000000e+00
5.7000000000e+01 1.0000000000e+00 2.6184000000e+04 2.5362489272e+04 1.2500000000e+02 4.0000000000e+00
5.7000000000e+01 2.0000000000e+00 2.6462000000e+04 2.5303057985e+04 1.4300000000e+02 4.0000000000e+00
5.7000000000e+01 3.0000000000e+00 2.6267000000e+04 2.5341080931e+04 1.2200000000e+02 4.0000000000e+00
5.7000000000e+01 4.0000000000e+00 3.2817000000e+04 3.1693369126e+04 1.6200000000e+02 5.0000000000e+00
5.7000000000e+01 5.0000000000e+00 2.6228000000e+04 2.5358651405e+04 1.1900000000e+02 4.0000000000e+00
5.7000000000e+01 6.0000000000e+00 3.2619000000e+04 3.1674210393e+04 1.4200000000e+02 5.0000000000e+00
5.7000000000e+01 7.0000000000e+00 2.6134000000e+04 2.5334898967e+04 1.2000000000e+02 4.0000000000e+00
5.7000000000e+01 8.0000000000e+00 2.6118000000e+04 2.5337888845e+04 1.1400000000e+02 4.0000000000e+00
5.7000000000e+01 9.0000000000e+00 2.6122000000e+04 2.5362692593e+04 1.0900000000e+02 4.0000000000e+00
5.8000000000e+01 0.0000000000e+00 2.6243000000e+04 2.5296006686e+04 1.2800000000e+02 4.0000000000e+00
5.8000000000e+01 1.0000000000e+00 3.9552000000e+04 3.8026072253e+04 2.1500000000e+02 6.0000000000e+00
5.8000000000e+01 2.0000000000e+00 2.6238000000e+04 2.5289969736e+04 1.2000000000e+02 4.0000000000e+00
5.8000000000e+01 3.0000000000e+00 2.6207000000e+04 2.5366195805e+04 1.4000000000e+02 4.0000000000e+00
5.8000000000e+01 4.0000000000e+00 5.3173000000e+04 5.0638001681e+04 3.1600000000e+02 8.0000000000e+00
5.8000000000e+01 5.0000000000e+00 3.2671000000e+04 3.1611023034e+04 1.4700000000e+02 5.0000000000e+00
5.8000000000e+01 6.0000000000e+00 2.6241000000e+04 2.5303116021e+04 1.3100000000e+02 4.0000000000e+00
5.8000000000e+01 7.0000000000e+00 4.0485000000e+04 3.8020507963e+04 2.4600000000e+02 6.0000000000e+00
5.8000000000e+01 8.0000000000e+00 4.6691000000e+04 4.4321739189e+04 2.7000000000e+02 7.0000000000e+00
5.8000000000e+01 9.0000000000e+00 5.2478000000e+04 5.0695974475e+04 2.5400000000e+02 8.0000000000e+00
5.8000000000e+01 1.0000000000e+01 2.6005000000e+04 2.5345118233e+04 1.1200000000e+02 4.0000000000e+00
5.9000000000e+01 0.0000000000e+00 3.3058000000e+04 3.1666382651e+04 1.7500000000e+02 5.0000000000e+00
5.9000000000e+01 1.0000000000e+00 2.6209000000e+04 2.5307044616e+04 1.0600000000e+02 4.0000000000e+00
5.9000000000e+01 2.0000000000e+00 7.9843000000e+04 7.6024415923e+04 4.2900000000e+02 1.2000000000e+01
5.9000000000e+01 3.0000000000e+00 2.6243000000e+04 2.5356648201e+04 1.2700000000e+02 4.0000000000e+00
5.9000000000e+01 4.0000000000e+00 2.6075000000e+04 2.5306721001e+04 1.1800000000e+02 4.0000000000e+00
5.9000000000e+01 5.0000000000e+00 3.2904000000e+04 3.1986594831e+04 1.4800000000e+02 5.0000000000e+00
5.9000000000e+01 6.0000000000e+00 2.6142000000e+04 2.5304651331e+04 1.2600000000e+02 4.0000000000e+00
5.9000000000e+01 7.0000000000e+00 2.6293000000e+04 2.5289011306e+04 1.4100000000e+02 4.0000000000e+00
5.9000000000e+01 8.0000000000e+00 2.6448000000e+04 2.5371584483e+04 1.4700000000e+02 4.0000000000e+00
5.9000000000e+01 9.0000000000e+00 3.9223000000e+04 3.7995266815e+04 1.8700000000e+02 6.0000000000e+00
5.9000000000e+01 1.0000000000e+01 2.6037000000e+04 2.5306478145e+04 9.4000000000e+01 4.0000000000e+00
5.9000000000e+01 1.1000000000e+01 9.1885000000e+04 8.8616266665e+04 4.7200000000e+02 1.4000000000e+01
6.0000000000e+01 0.0000000000e+00 2.6325000000e+04 2.5296876450e+04 1.2400000000e+02 4.0000000000e+00
6.0000000000e+01 1.0000000000e+00 3.2573000000e+04 3.1704319905e+04 1.5000000000e+02 5.0000000000e+00
6.0000000000e+01 2.0000000000e+00 2.6224000000e+04 2.5286799302e+04 1.2700000000e+02 4.0000000000e+00
6.0000000000e+01 3.0000000000e+00 1.5756900000e+05 1.5210164011e+05 7.6100000000e+02 2.4000000000e+01
6.0000000000e+01 4.0000000000e+00 3.3022000000e+04 3.2078335348e+04 1.5400000000e+02 5.0000000000e+00
6.0000000000e+01 5.0000000000e+00 2.6159000000e+04 2.5358455624e+04 1.2600000000e+02 4.0000000000e+00
6.0000000000e+01 6.0000000000e+00 2.6459000000e+04 2.5329577287e+04 1.4300000000e+02 4.0000000000e+00
6.0000000000e+01 7.0000000000e+00 3.2499000000e+04 3.1721789147e+04 1.3100000000e+02 5.0000000000e+00
6.1000000000e+01 0.0000000000e+00 2.6129000000e+04 2.5347512570e+04 1.1800000000e+02 4.0000000000e+00
6.1000000000e+01 1.0000000000e+00 2.6141000000e+04 2.5339119675e+04 1.2300000000e+02 4.0000000000e+00
6.1000000000e+01 2.0000000000e+00 2.6300000000e+04 2.5302039748e+04 1.2600000000e+02 4.0000000000e+00
6.1000000000e+01 3.0000000000e+00 1.6553700000e+05 1.5820473101e+05 8.6800000000e+02 2.5000000000e+01
6.1000000000e+01 4.0000000000e+00 2.6255000000e+04 2.5286356360e+04 1.2900000000e+02 4.0000000000e+00
6.1000000000e+01 5.0000000000e+00 3.9336000000e+04 3.7989779973e+04 1.7600000000e+02 6.0000000000e+00
6.1000000000e+01 6.0000000000e+00 2.6162000000e+04 2.5341406942e+04 1.0800000000e+02 4.0000000000e+00
6.1000000000e+01 7.0000000000e+00 2.6226000000e+04 2.5292546801e+04 1.2000000000e+02 4.0000000000e+00
6.1000000000e+01 8.0000000000e+00 3.2751000000e+04 3.1695106204e+04 1.5400000000e+02 5.0000000000e+00
6.1000000000e+01 9.0000000000e+00 2.6312000000e+04 2.5355693749e+04 1.3300000000e+02 4.0000000000e+00
6.1000000000e+01 1.0000000000e+01 2.6414000000e+04 2.5389833114e+04 1.4500000000e+02 4.0000000000e+00
6.1000000000e+01 1.1000000000e+01 1.0549000000e+05 1.0134360666e+05 5.4100000000e+02 1.6000000000e+01
6.1000000000e+01 1.2000000000e+01 2.6076000000e+04 2.5349573131e+04 1.1300000000e+02 4.0000000000e+00
6.2000000000e+01 0.0000000000e+00 1.4482100000e+05 1.3925069076e+05 7.1400000000e+02 2.2000000000e+01
6.2000000000e+01 1.0000000000e+00 2.6272000000e+04 2.5387478530e+04 1.2800000000e+02 4.0000000000e+00
6.2000000000e+01 2.0000000000e+00 9.1259000000e+04 8.8595462188e+04 3.8900000000e+02 1.4000000000e+01
6.2000000000e+01 3.0000000000e+00 9.8970000000e+04 9.5041781128e+04 5.2400000000e+02 1.5000000000e+01
6.2000000000e+01 4.0000000000e+00 3.2665000000e+04 3.1720793032e+04 1.5300000000e+02 5.0000000000e+00
6.2000000000e+01 5.0000000000e+00 8.5288000000e+04 8.2358069297e+04 3.7500000000e+02 1.3000000000e+01
6.2000000000e+01 6.0000000000e+00 3.2654000000e+04 3.1679108490e+04 1.4300000000e+02 5.0000000000e+00
6.2000000000e+01 7.0000000000e+00 6.5114000000e+04 6.3404159656e+04 2.7900000000e+02 1.0000000000e+01
6.2000000000e+01 8.0000000000e+00 3.2820000000e+04 3.1674771119e+04 1.5800000000e+02 5.0000000000e+00
6.2000000000e+01 9.0000000000e+00 2.6222000000e+04 2.5367295590e+04 1.3600000000e+02 4.0000000000e+00
6.3000000000e+01 0.0000000000e+00 1.1225900000e+05 1.0765227659e+05 5.8500000000e+02 1.7000000000e+01
6.3000000000e+01 1.0000000000e+00 2.6028000000e+04 2.5392143775e+04 1.1300000000e+02 4.0000000000e+00
6.3000000000e+01 2.0000000000e+00 3.2495000000e+04 3.1660196979e+04 1.4300000000e+02 5.0000000000e+00
6.3000000000e+01 3.0000000000e+00 2.6185000000e+04 2.5308787502e+04 1.2500000000e+02 4.0000000000e+00
6.3000000000e+01 4.0000000000e+00 2.6358000000e+04 2.5338920666e+04 1.3600000000e+02 4.0000000000e+00
6.3000000000e+01 5.0000000000e+00 2.6313000000e+04 2.5337217241e+04 1.3300000000e+02 4.0000000000e+00
6.3000000000e+01 6.0000000000e+00 2.6086000000e+04 2.5317890249e+04 1.1300000000e+02 4.0000000000e+00
6.3000000000e+01 7.0000000000e+00 3.2896000000e+04 3.1700540019e+04 1.7100000000e+02 5.0000000000e+00
6.3000000000e+01 8.0000000000e+00 3.2833000000e+04 3.1771061494e+04 1.6400000000e+02 5.0000000000e+00
6.3000000000e+01 9.0000000000e+00 8.5592000000e+04 8.2354914427e+04 4.0600000000e+02 1.3000000000e+01
6.3000000000e+01 1.0000000000e+01 2.6246000000e+04 2.5363995889e+04 1.1700000000e+02 4.0000000000e+00
6.4000000000e+01 0.0000000000e+00 2.6133000000e+04 2.5307921152e+04 1.2000000000e+02 4.0000000000e+00
6.4000000000e+01 1.0000000000e+00 2.6234000000e+04 2.5362413650e+04 1.1700000000e+02 4.0000000000e+00
6.4000000000e+01 2.0000000000e+00 2.6323000000e+04 2.5367644144e+04 1.3800000000e+02 4.0000000000e+00
6.4000000000e+01 3.0000000000e+00 2.6326000000e+04 2.5352081813e+04 1.3600000000e+02 4.0000000000e+00
6.4000000000e+01 4.0000000000e+00 2.6262000000e+04 2.5404288869e+04 1.3300000000e+02 4.0000000000e+00
6.4000000000e+01 5.0000000000e+00 2.6194000000e+04 2.5307675308e+04 1.4200000000e+02 4.0000000000e+00
6.5000000000e+01 0.0000000000e+00 2.6304000000e+04 2.5345060842e+04 1.2900000000e+02 4.0000000000e+00
6.5000000000e+01 1.0000000000e+00 2.5980000000e+04 2.5345214451e+04 1.0600000000e+02 4.0000000000e+00
6.5000000000e+01 2.0000000000e+00 2.6307000000e+04 2.5368329098e+04 1.2500000000e+02 4.0000000000e+00
6.5000000000e+01 3.0000000000e+00 2.6301000000e+04 2.5328640286e+04 1.4000000000e+02 4.0000000000e+00
6.5000000000e+01 4.0000000000e+00 6.5374000000e+04 6.3388145751e+04 3.0900000000e+02 1.0000000000e+01
6.5000000000e+01 5.0000000000e+00 4.5647000000e+04 4.4404590906e+04 1.9900000000e+02 7.0000000000e+00
6.5000000000e+01 6.0000000000e+00 2.6122000000e+04 2.5333070960e+04 1.3000000000e+02 4.0000000000e+00
6.5000000000e+01 7.0000000000e+00 2.6158000000e+04 2.5323766842e+04 1.2200000000e+02 4.0000000000e+00
6.6000000000e+01 0.0000000000e+00 3.3011000000e+04 3.1661069735e+04 1.6700000000e+02 5.0000000000e+00
6.6000000000e+01 1.0000000000e+00 2.6211000000e+04 2.5355503476e+04 1.2000000000e+02 4.0000000000e+00
6.6000000000e+01 2.0000000000e+00 2.5961000000e+04 2.5322086529e+04 9.5000000000e+01 4.0000000000e+00
6.6000000000e+01 3.0000000000e+00 4.0258000000e+04 3.7993628584e+04 2.4800000000e+02 6.0000000000e+00
6.6000000000e+01 4.0000000000e+00 2.6187000000e+04 2.5332427652e+04 1.1600000000e+02 4.0000000000e+00
6.6000000000e+01 5.0000000000e+00 3.2923000000e+04 3.2053705433e+04 1.4300000000e+02 5.0000000000e+00
6.6000000000e+01 6.0000000000e+00 2.6476000000e+04 2.5379780045e+04 1.4800000000e+02 4.0000000000e+00
6.6000000000e+01 7.0000000000e+00 4.6504000000e+04 4.4398620110e+04 2.4900000000e+02 7.0000000000e+00
6.7000000000e+01 0.0000000000e+00 2.6084000000e+04 2.5300709300e+04 1.1400000000e+02 4.0000000000e+00
6.7000000000e+01 1.0000000000e+00 2.6122000000e+04 2.5327502286e+04 1.2200000000e+02 4.0000000000e+00
6.7000000000e+01 2.0000000000e+00 2.6253000000e+04 2.5277740660e+04 1.1600000000e+02 4.0000000000e+00
6.7000000000e+01 3.0000000000e+00 8.5801000000e+04 8.2311715453e+04 4.5300000000e+02 1.3000000000e+01
6.7000000000e+01 4.0000000000e+00 2.6215000000e+04 2.5325636666e+04 1.3400000000e+02 4.0000000000e+00
6.7000000000e+01 5.0000000000e+00 2.6300000000e+04 2.5337059463e+04 1.2300000000e+02 4.0000000000e+00
6.7000000000e+01 6.0000000000e+00 2.6149000000e+04 2.5353964159e+04 1.1600000000e+02 4.0000000000e+00
6.7000000000e+01 7.0000000000e+00 2.6380000000e+04 2.5401846490e+04 1.3400000000e+02 4.0000000000e+00
6.7000000000e+01 8.0000000000e+00 2.6355000000e+04 2.5378443557e+04 1.3700000000e+02 4.0000000000e+00
6.7000000000e+01 9.0000000000e+00 2.6051000000e+04 2.5326272709e+04 1.0900000000e+02 4.0000000000e+00
6.8000000000e+01 0.0000000000e+00 5.1935000000e+04 5.0655530601e+04 1.9700000000e+02 8.0000000000e+00
6.8000000000e+01 1.0000000000e+00 3.9825000000e+04 3.7907993029e+04 2.2100000000e+02 6.0000000000e+00
6.8000000000e+01 2.0000000000e+00 2.6111000000e+04 2.5303142046e+04 1.0900000000e+02 4.0000000000e+00
6.8000000000e+01 3.0000000000e+00 2.6861000000e+04 2.5332724313e+04 1.5800000000e+02 4.0000000000e+00
6.8000000000e+01 4.0000000000e+00 3.9343000000e+04 3.8057804217e+04 1.7600000000e+02 6.0000000000e+00
6.8000000000e+01 5.0000000000e+00 2.6234000000e+04 2.5316423449e+04 1.2500000000e+02 4.0000000000e+00
6.8000000000e+01 6.0000000000e+00 2.6222000000e+04 2.5330178799e+04 1.2600000000e+02 4.0000000000e+00
6.8000000000e+01 7.0000000000e+00 2.6304000000e+04 2.5352638043e+04 1.2900000000e+02 4.0000000000e+00
6.8000000000e+01 8.0000000000e+00 2.6316000000e+04 2.5348946685e+04 1.3500000000e+02 4.0000000000e+00
6.8000000000e+01 9.0000000000e+00 2.6117000000e+04 2.5381236463e+04 1.2300000000e+02 4.0000000000e+00
6.9000000000e+01 0.0000000000e+00 2.6156000000e+04 2.5341241341e+04 1.1400000000e+02 4.0000000000e+00
6.9000000000e+01 1.0000000000e+00 2.6218000000e+04 2.5348021063e+04 1.1800000000e+02 4.0000000000e+00
6.9000000000e+01 2.0000000000e+00 2.6125000000e+04 2.5445653976e+04 1.2800000000e+02 4.0000000000e+00
6.9000000000e+01 3.0000000000e+00 3.2659000000e+04 3.1784482604e+04 1.4700000000e+02 5.0000000000e+00
6.9000000000e+01 4.0000000000e+00 2.6183000000e+04 2.5341430519e+04 1.1500000000e+02 4.0000000000e+00
6.9000000000e+01 5.0000000000e+00 3.2782000000e+04 3.1719421515e+04 1.5600000000e+02 5.0000000000e+00
6.9000000000e+01 6.0000000000e+00 2.6068000000e+04 2.5307210815e+04 1.1200000000e+02 4.0000000000e+00
6.9000000000e+01 7.0000000000e+00 2.6223000000e+04 2.5326946376e+04 1.3100000000e+02 4.0000000000e+00
7.0000000000e+01 0.0000000000e+00 3.2892000000e+04 3.1860256109e+04 1.7000000000e+02 5.0000000000e+00
7.0000000000e+01 1.0000000000e+00 6.7065000000e+04 6.3316780055e+04 3.7200000000e+02 1.0000000000e+01
7.0000000000e+01 2.0000000000e+00 2.6247000000e+04 2.5331461154e+04 1.3300000000e+02 4.0000000000e+00
7.0000000000e+01 3.0000000000e+00 2.6210000000e+04 2.5317310391e+04 1.2400000000e+02 4.0000000000e+00
7.0000000000e+01 4.0000000000e+00 2.6207000000e+04 2.5303546510e+04 1.1400000000e+02 4.0000000000e+00
7.0000000000e+01 5.0000000000e+00 2.6330000000e+04 2.5353826619e+04 1.3300000000e+02 4.0000000000e+00
7.0000000000e+01 6.0000000000e+00 2.6167000000e+04 2.5304229358e+04 1.2200000000e+02 4.0000000000e+00
7.0000000000e+01 7.0000000000e+00 3.9009000000e+04 3.7934095646e+04 1.5500000000e+02 6.0000000000e+00
7.0000000000e+01 8.0000000000e+00 3.2670000000e+04 3.1751767288e+04 1.4500000000e+02 5.0000000000e+00
7.0000000000e+01 9.0000000000e+00 5.2581000000e+04 5.0746340559e+04 2.6300000000e+02 8.0000000000e+00
7.1000000000e+01 0.0000000000e+00 7.2421000000e+04 6.9570042158e+04 3.5600000000e+02 1.1000000000e+01
7.1000000000e+01 1.0000000000e+00 2.6211000000e+04 2.5331092097e+04 1.1200000000e+02 4.0000000000e+00
7.1000000000e+01 2.0000000000e+00 2.5993000000e+04 2.5319107805e+04 9.7000000000e+01 4.0000000000e+00
7.1000000000e+01 3.0000000000e+00 2.6037000000e+04 2.5324878226e+04 1.1300000000e+02 4.0000000000e+00
7.1000000000e+01 4.0000000000e+00 2.6253000000e+04 2.5306410775e+04 1.3000000000e+02 4.0000000000e+00
7.2000000000e+01 0.0000000000e+00 2.6362000000e+04 2.5308609054e+04 1.2400000000e+02 4.0000000000e+00
7.2000000000e+01 1.0000000000e+00 2.6374000000e+04 2.5355325006e+04 1.3600000000e+02 4.0000000000e+00
7.2000000000e+01 2.0000000000e+00 3.9938000000e+04 3.7993687357e+04 2.2200000000e+02 6.0000000000e+00
7.2000000000e+01 3.0000000000e+00 1.3884600000e+05 1.3311981766e+05 7.4500000000e+02 2.1000000000e+01
7.2000000000e+01 4.0000000000e+00 2.6043000000e+04 2.5385276984e+04 1.1400000000e+02 4.0000000000e+00
7.2000000000e+01 5.0000000000e+00 2.6236000000e+04 2.5314259127e+04 1.2400000000e+02 4.0000000000e+00
7.2000000000e+01 6.0000000000e+00 2.6239000000e+04 2.5340322388e+04 1.3000000000e+02 4.0000000000e+00
7.2000000000e+01 7.0000000000e+00 2.6266000000e+04 2.5301188101e+04 1.2400000000e+02 4.0000000000e+00
7.2000000000e+01 8.0000000000e+00 2.6201000000e+04 2.5370365633e+04 1.2000000000e+02 4.0000000000e+00
7.2000000000e+01 9.0000000000e+00 2.6230000000e+04 2.5339862276e+04 1.1200000000e+02 4.0000000000e+00
7.2000000000e+01 1.0000000000e+01 2.6403000000e+04 2.5346293500e+04 1.3900000000e+02 4.0000000000e+00
7.2000000000e+01 1.1000000000e+01 4.5949000000e+04 4.4345690792e+04 2.2600000000e+02 7.0000000000e+00
7.3000000000e+01 0.0000000000e+00 2.6057000000e+04 2.5337290884e+04 1.1300000000e+02 4.0000000000e+00
7.3000000000e+01 1.0000000000e+00 2.6171000000e+04 2.5330611339e+04 1.1400000000e+02 4.0000000000e+00
7.3000000000e+01 2.0000000000e+00 2.6176000000e+04 2.5280310654e+04 1.1600000000e+02 4.0000000000e+00
7.3000000000e+01 3.0000000000e+00 2.6053000000e+04 2.5326246887e+04 1.0800000000e+02 4.0000000000e+00
7.3000000000e+01 4.0000000000e+00 3.2708000000e+04 3.1723900262e+04 1.4000000000e+02 5.0000000000e+00
7.3000000000e+01 5.0000000000e+00 2.6325000000e+04 2.5289865554e+04 1.4200000000e+02 4.0000000000e+00
7.3000000000e+01 6.0000000000e+00 2.6276000000e+04 2.5331900959e+04 1.2800000000e+02 4.0000000000e+00
7.3000000000e+01 7.0000000000e+00 3.2561000000e+04 3.1674282123e+04 1.4700000000e+02 5.0000000000e+00
7.3000000000e+01 8.0000000000e+00 2.6268000000e+04 2.5331769263e+04 1.2900000000e+02 4.0000000000e+00
7.3000000000e+01 9.0000000000e+00 2.6426000000e+04 2.5373007390e+04 1.2900000000e+02 4.0000000000e+00
7.3000000000e+01 1.0000000000e+01 2.6312000000e+04 2.5326302133e+04 1.3500000000e+02 4.0000000000e+00
7.4000000000e+01 0.0000000000e+00 2.6029000000e+04 2.5351269569e+04 1.0000000000e+02 4.0000000000e+00
7.4000000000e+01 1.0000000000e+00 3.2673000000e+04 3.1648119393e+04 1.4600000000e+02 5.0000000000e+00
7.4000000000e+01 2.0000000000e+00 2.2054700000e+05 2.0900615847e+05 1.3020000000e+03 3.3000000000e+01
7.4000000000e+01 3.0000000000e+00 4.5731000000e+04 4.4372042097e+04 1.9600000000e+02 7.0000000000e+00
7.4000000000e+01 4.0000000000e+00 2.6010000000e+04 2.5297826856e+04 1.0500000000e+02 4.0000000000e+00
7.4000000000e+01 5.0000000000e+00 3.2856000000e+04 3.1894321416e+04 1.4800000000e+02 5.0000000000e+00
7.4000000000e+01 6.0000000000e+00 3.2674000000e+04 3.1705439658e+04 1.4900000000e+02 5.0000000000e+00
7.4000000000e+01 7.0000000000e+00 2.6246000000e+04 2.5356201953e+04 1.2400000000e+02 4.0000000000e+00
7.4000000000e+01 8.0000000000e+00 4.5683000000e+04 4.4256109898e+04 2.0900000000e+02 7.0000000000e+00
7.4000000000e+01 9.0000000000e+00 2.6195000000e+04 2.5323381817e+04 1.2400000000e+02 4.0000000000e+00
7.4000000000e+01 1.0000000000e+01 2.6250000000e+04 2.5348823689e+04 1.3100000000e+02 4.0000000000e+00
7.4000000000e+01 1.1000000000e+01 2.6297000000e+04 2.5355588625e+04 1.3300000000e+02 4.0000000000e+00
7.5000000000e+01 0.0000000000e+00 2.6140000000e+04 2.5347733025e+04 1.2000000000e+02 4.0000000000e+00
7.5000000000e+01 1.0000000000e+00 2.6104000000e+04 2.5342661740e+04 1.1600000000e+02 4.0000000000e+00
7.5000000000e+01 2.0000000000e+00 3.9294000000e+04 3.8053608491e+04 1.8700000000e+02 6.0000000000e+00
7.5000000000e+01 3.0000000000e+00 2.6688000000e+04 2.5515430598e+04 1.4000000000e+02 4.0000000000e+00
7.5000000000e+01 4.0000000000e+00 2.6221000000e+04 2.5323307025e+04 1.1500000000e+02 4.0000000000e+00
7.5000000000e+01 5.0000000000e+00 3.9269000000e+04 3.7998955856e+04 1.8400000000e+02 6.0000000000e+00
7.5000000000e+01 6.0000000000e+00 8.6396000000e+04 8.2415663681e+04 4.8600000000e+02 1.3000000000e+01
7.5000000000e+01 7.0000000000e+00 4.6605000000e+04 4.4338258848e+04 2.7500000000e+02 7.0000000000e+00
7.5000000000e+01 8.0000000000e+00 2.6024000000e+04 2.5295784768e+04 1.1000000000e+02 4.0000000000e+00
7.5000000000e+01 9.0000000000e+00 5.9600000000e+04 5.7024864156e+04 3.3100000000e+02 9.0000000000e+00
7.5000000000e+01 1.0000000000e+01 4.6335000000e+04 4.4321381379e+04 2.5400000000e+02 7.0000000000e+00
7.5000000000e+01 1.1000000000e+01 2.6196000000e+04 2.5334073565e+04 1.2200000000e+02 4.0000000000e+00
7.6000000000e+01 0.0000000000e+00 2.6279000000e+04 2.5302272495e+04 1.3700000000e+02 4.0000000000e+00
7.6000000000e+01 1.0000000000e+00 3.2663000000e+04 3.1667417828e+04 1.3600000000e+02 5.0000000000e+00
7.6000000000e+01 2.0000000000e+00 7.9806000000e+04 7.6030341898e+04 4.6500000000e+02 1.2000000000e+01
7.6000000000e+01 3.0000000000e+00 2.6548000000e+04 2.5331504865e+04 1.5700000000e+02 4.0000000000e+00
7.6000000000e+01 4.0000000000e+00 3.2833000000e+04 3.1699070993e+04 1.5300000000e+02 5.0000000000e+00
7.6000000000e+01 5.0000000000e+00 2.6662000000e+04 2.5341270871e+04 1.5400000000e+02 4.0000000000e+00
7.6000000000e+01 6.0000000000e+00 3.9844000000e+04 3.7960712383e+04 2.2700000000e+02 6.0000000000e+00
7.6000000000e+01 7.0000000000e+00 2.6084000000e+04 2.5339924067e+04 1.2700000000e+02 4.0000000000e+00
7.6000000000e+01 8.0000000000e+00 2.6170000000e+04 2.5372826178e+04 1.2400000000e+02 4.0000000000e+00
7.7000000000e+01 0.0000000000e+00 2.6287000000e+04 2.5308532749e+04 1.3100000000e+02 4.0000000000e+00
7.7000000000e+01 1.0000000000e+00 3.2853000000e+04 3.1965949476e+04 1.3400000000e+02 5.0000000000e+00
7.7000000000e+01 2.0000000000e+00 2.6292000000e+04 2.5364536180e+04 1.2200000000e+02 4.0000000000e+00
7.7000000000e+01 3.0000000000e+00 2.6032000000e+04 2.5378988781e+04 1.1500000000e+02 4.0000000000e+00
7.7000000000e+01 4.0000000000e+00 3.9414000000e+04 3.8023116969e+04 1.8400000000e+02 6.0000000000e+00
7.7000000000e+01 5.0000000000e+00 2.6296000000e+04 2.5322368204e+04 1.2800000000e+02 4.0000000000e+00
7.7000000000e+01 6.0000000000e+00 3.2780000000e+04 3.1692737572e+04 1.5500000000e+02 5.0000000000e+00
7.7000000000e+01 7.0000000000e+00 2.6108000000e+04 2.5333513600e+04 1.1800000000e+02 4.0000000000e+00
7.7000000000e+01 8.0000000000e+00 2.6189000000e+04 2.5352797406e+04 1.3100000000e+02 4.0000000000e+00
7.8000000000e+01 0.0000000000e+00 2.6128000000e+04 2.5354170601e+04 1.2000000000e+02 4.0000000000e+00
7.8000000000e+01 1.0000000000e+00 2.6999000000e+04 2.5311483739e+04 1.7500000000e+02 4.0000000000e+00
7.8000000000e+01 2.0000000000e+00 2.6193000000e+04 2.5335671362e+04 1.2100000000e+02 4.0000000000e+00
7.8000000000e+01 3.0000000000e+00 2.6193000000e+04 2.5386689278e+04 1.2700000000e+02 4.0000000000e+00
7.8000000000e+01 4.0000000000e+00 2.6375000000e+04 2.5333413870e+04 1.4200000000e+02 4.0000000000e+00
7.8000000000e+01 5.0000000000e+00 2.6398000000e+04 2.5321417991e+04 1.4300000000e+02 4.0000000000e+00
7.8000000000e+01 6.0000000000e+00 2.6211000000e+04 2.5355182246e+04 1.2300000000e+02 4.0000000000e+00
7.8000000000e+01 7.0000000000e+00 2.6145000000e+04 2.5312249160e+04 1.2200000000e+02 4.0000000000e+00
7.9000000000e+01 0.0000000000e+00 2.6329000000e+04 2.5323716092e+04 1.2500000000e+02 4.0000000000e+00
7.9000000000e+01 1.0000000000e+00 3.2895000000e+04 3.1656568865e+04 1.5100000000e+02 5.0000000000e+00
7.9000000000e+01 2.0000000000e+00 2.6234000000e+04 2.5340766507e+04 1.2300000000e+02 4.0000000000e+00
8.0000000000e+01 0.0000000000e+00 2.6155000000e+04 2.5420660779e+04 1.1600000000e+02 4.0000000000e+00
8.0000000000e+01 1.0000000000e+00 2.6257000000e+04 2.5325993430e+04 1.1900000000e+02 4.0000000000e+00
8.0000000000e+01 2.0000000000e+00 2.6482000000e+04 2.5315908026e+04 1.3100000000e+02 4.0000000000e+00
8.0000000000e+01 3.0000000000e+00 2.6158000000e+04 2.5244998910e+04 1.2300000000e+02 4.0000000000e+00
8.0000000000e+01 4.0000000000e+00 2.6259000000e+04 2.5309307978e+04 1.3300000000e+02 4.0000000000e+00
8.0000000000e+01 5.0000000000e+00 2.6103000000e+04 2.5319622624e+04 1.1800000000e+02 4.0000000000e+00
8.0000000000e+01 6.0000000000e+00 2.6133000000e+04 2.5327667723e+04 1.2500000000e+02 4.0000000000e+00
8.0000000000e+01 7.0000000000e+00 2.6251000000e+04 2.5346198351e+04 1.1600000000e+02 4.0000000000e+00
8.1000000000e+01 0.0000000000e+00 2.6048000000e+04 2.5313522678e+04 1.0000000000e+02 4.0000000000e+00
8.1000000000e+01 1.0000000000e+00 2.6255000000e+04 2.5314826820e+04 1.2800000000e+02 4.0000000000e+00
8.1000000000e+01 2.0000000000e+00 2.6189000000e+04 2.5329453101e+04 1.2500000000e+02 4.0000000000e+00
8.1000000000e+01 3.0000000000e+00 5.9664000000e+04 5.6987386951e+04 3.3700000000e+02 9.0000000000e+00
8.1000000000e+01 4.0000000000e+00 2.6289000000e+04 2.5284949209e+04 1.3800000000e+02 4.0000000000e+00
8.1000000000e+01 5.0000000000e+00 2.6630000000e+04 2.5343849505e+04 1.5200000000e+02 4.0000000000e+00
8.1000000000e+01 6.0000000000e+00 2.6313000000e+04 2.5321225432e+04 1.3100000000e+02 4.0000000000e+00
8.1000000000e+01 7.0000000000e+00 2.6192000000e+04 2.5311334446e+04 1.1400000000e+02 4.0000000000e+00
8.1000000000e+01 8.0000000000e+00 2.6300000000e+04 2.5421455750e+04 1.3300000000e+02 4.0000000000e+00
8.1000000000e+01 9.0000000000e+00 2.6276000000e+04 2.5340595934e+04 1.3100000000e+02 4.0000000000e+00
8.1000000000e+01 1.0000000000e+01 5.2966000000e+04 5.0669978347e+04 2.7800000000e+02 8.0000000000e+00
8.1000000000e+01 1.1000000000e+01 1.1796300000e+05 1.1408945140e+05 5.8600000000e+02 1.8000000000e+01
8.1000000000e+01 1.2000000000e+01 3.2906000000e+04 3.1639757121e+04 1.5400000000e+02 5.0000000000e+00
8.1000000000e+01 1.3000000000e+01 2.6174000000e+04 2.5368543581e+04 1.2800000000e+02 4.0000000000e+00
8.1000000000e+01 1.4000000000e+01 2.6206000000e+04 2.5320213046e+04 1.3000000000e+02 4.0000000000e+00
8.1000000000e+01 1.5000000000e+01 2.6037000000e+04 2.5336751379e+04 1.1400000000e+02 4.0000000000e+00
8.2000000000e+01 0.0000000000e+00 3.2639000000e+04 3.1749441846e+04 1.3700000000e+02 5.0000000000e+00
8.2000000000e+01 1.0000000000e+00 2.6280000000e+04 2.5283560445e+04 1.4000000000e+02 4.0000000000e+00
8.2000000000e+01 2.0000000000e+00 2.6359000000e+04 2.5350871111e+04 1.3600000000e+02 4.0000000000e+00
8.2000000000e+01 3.0000000000e+00 2.6347000000e+04 2.5390433208e+04 1.4000000000e+02 4.0000000000e+00
8.2000000000e+01 4.0000000000e+00 2.6293000000e+04 2.5337615011e+04 1.3500000000e+02 4.0000000000e+00
8.3000000000e+01 0.0000000000e+00 2.6114000000e+04 2.5335519442e+04 1.1800000000e+02 4.0000000000e+00
8.3000000000e+01 1.0000000000e+00 3.3127000000e+04 3.1621063762e+04 1.7900000000e+02 5.0000000000e+00
8.3000000000e+01 2.0000000000e+00 3.9527000000e+04 3.7952389722e+04 1.8300000000e+02 6.0000000000e+00
8.3000000000e+01 3.0000000000e+00 2.6304000000e+04 2.5446870466e+04 1.3800000000e+02 4.0000000000e+00
8.3000000000e+01 4.0000000000e+00 3.2564000000e+04 3.1653468803e+04 1.3900000000e+02 5.0000000000e+00
8.3000000000e+01 5.0000000000e+00 2.6303000000e+04 2.5366853137e+04 1.3700000000e+02 4.0000000000e+00
8.3000000000e+01 6.0000000000e+00 2.6235000000e+04 2.5347736383e+04 1.2300000000e+02 4.0000000000e+00
8.3000000000e+01 7.0000000000e+00 4.6428000000e+04 4.4354680443e+04 2.6300000000e+02 7.0000000000e+00
8.3000000000e+01 8.0000000000e+00 3.9110000000e+04 3.7984736686e+04 1.6500000000e+02 6.0000000000e+00
8.3000000000e+01 9.0000000000e+00 3.2416000000e+04 3.1634585273e+04 1.1400000000e+02 5.0000000000e+00
8.3000000000e+01 1.0000000000e+01 2.6246000000e+04 2.5429466457e+04 1.2500000000e+02 4.0000000000e+00
8.4000000000e+01 0.0000000000e+00 2.6080000000e+04 2.5315189113e+04 1.1600000000e+02 4.0000000000e+00
8.4000000000e+01 1.0000000000e+00 7.2562000000e+04 6.9642692177e+04 3.8900000000e+02 1.1000000000e+01
8.4000000000e+01 2.0000000000e+00 2.6287000000e+04 2.5344306245e+04 1.3000000000e+02 4.0000000000e+00
8.4000000000e+01 3.0000000000e+00 2.6340000000e+04 2.5369770712e+04 1.4700000000e+02 4.0000000000e+00
8.4000000000e+01 4.0000000000e+00 2.6338000000e+04 2.5311451857e+04 1.3500000000e+02 4.0000000000e+00
8.4000000000e+01 5.0000000000e+00 2.6044000000e+04 2.5299058401e+04 1.0900000000e+02 4.0000000000e+00
8.4000000000e+01 6.0000000000e+00 2.6113000000e+04 2.5367812103e+04 1.1500000000e+02 4.0000000000e+00
8.4000000000e+01 7.0000000000e+00 3.2652000000e+04 3.1682164727e+04 1.4500000000e+02 5.0000000000e+00
8.4000000000e+01 8.0000000000e+00 4.5450000000e+04 4.4408001339e+04 1.9100000000e+02 7.0000000000e+00
8.5000000000e+01 0.0000000000e+00 2.6252000000e+04 2.5310665050e+04 1.3000000000e+02 4.0000000000e+00
8.5000000000e+01 1.0000000000e+00 6.6752000000e+04 6.3268770764e+04 3.8500000000e+02 1.0000000000e+01
8.5000000000e+01 2.0000000000e+00 2.6391000000e+04 2.5342719961e+04 1.4100000000e+02 4.0000000000e+00
8.5000000000e+01 3.0000000000e+00 6.7852000000e+04 6.3306516767e+04 4.3400000000e+02 1.0000000000e+01
8.6000000000e+01 0.0000000000e+00 3.2824000000e+04 3.1718291862e+04 1.5300000000e+02 5.0000000000e+00
8.6000000000e+01 1.0000000000e+00 2.6328000000e+04 2.5326593879e+04 1.3800000000e+02 4.0000000000e+00
8.6000000000e+01 2.0000000000e+00 2.6172000000e+04 2.5333061424e+04 1.1900000000e+02 4.0000000000e+00
8.6000000000e+01 3.0000000000e+00 3.2939000000e+04 3.1667691731e+04 1.6600000000e+02 5.0000000000e+00
8.6000000000e+01 4.0000000000e+00 1.3786300000e+05 1.3303572210e+05 6.8000000000e+02 2.1000000000e+01
8.6000000000e+01 5.0000000000e+00 2.6301000000e+04 2.5331150748e+04 1.2700000000e+02 4.0000000000e+00
8.6000000000e+01 6.0000000000e+00 2.6096000000e+04 2.5337546012e+04 1.1100000000e+02 4.0000000000e+00
8.6000000000e+01 7.0000000000e+00 2.6343000000e+04 2.5379672504e+04 1.3400000000e+02 4.0000000000e+00
8.6000000000e+01 8.0000000000e+00 1.7681800000e+05 1.7099644961e+05 8.4800000000e+02 2.7000000000e+01
8.7000000000e+01 0.0000000000e+00 3.2423000000e+04 3.1641521118e+04 1.1600000000e+02 5.0000000000e+00
8.7000000000e+01 1.0000000000e+00 2.5985000000e+04 2.5321835886e+04 9.0000000000e+01 4.0000000000e+00
8.7000000000e+01 2.0000000000e+00 2.6267000000e+04 2.5371526047e+04 1.2600000000e+02 4.0000000000e+00
8.7000000000e+01 3.0000000000e+00 2.6111000000e+04 2.5361255550e+04 1.1400000000e+02 4.0000000000e+00
8.7000000000e+01 4.0000000000e+00 2.6398000000e+04 2.5374884927e+04 1.4400000000e+02 4.0000000000e+00
8.7000000000e+01 5.0000000000e+00 2.6229000000e+04 2.5343650553e+04 1.2500000000e+02 4.0000000000e+00
8.7000000000e+01 6.0000000000e+00 2.6243000000e+04 2.5330341564e+04 1.3200000000e+02 4.0000000000e+00
8.7000000000e+01 7.0000000000e+00 2.6261000000e+04 2.5333412371e+04 1.2900000000e+02 4.0000000000e+00
8.7000000000e+01 8.0000000000e+00 2.6329000000e+04 2.5350619788e+04 1.3900000000e+02 4.0000000000e+00
8.8000000000e+01 0.0000000000e+00 5.9432000000e+04 5.7022575905e+04 3.0400000000e+02 9.0000000000e+00
8.8000000000e+01 1.0000000000e+00 5.2195000000e+04 5.0664440747e+04 2.2500000000e+02 8.0000000000e+00
8.8000000000e+01 2.0000000000e+00 7.3223000000e+04 6.9539031501e+04 4.3400000000e+02 1.1000000000e+01
8.8000000000e+01 3.0000000000e+00 2.6227000000e+04 2.5323208595e+04 1.1700000000e+02 4.0000000000e+00
8.8000000000e+01 4.0000000000e+00 3.9173000000e+04 3.8009123822e+04 1.7200000000e+02 6.0000000000e+00
8.8000000000e+01 5.0000000000e+00 2.6024000000e+04 2.5378165764e+04 1.0600000000e+02 4.0000000000e+00
8.8000000000e+01 6.0000000000e+00 2.6201000000e+04 2.5359387371e+04 1.2600000000e+02 4.0000000000e+00
8.8000000000e+01 7.0000000000e+00 3.2804000000e+04 3.1780479933e+04 1.6400000000e+02 5.0000000000e+00
8.8000000000e+01 8.0000000000e+00 3.2898000000e+04 3.1740620741e+04 1.6900000000e+02 5.0000000000e+00
8.9000000000e+01 0.0000000000e+00 3.2736000000e+04 3.1665418835e+04 1.4400000000e+02 5.0000000000e+00
8.9000000000e+01 1.0000000000e+00 2.6229000000e+04 2.5296615127e+04 1.2900000000e+02 4.0000000000e+00
8.9000000000e+01 2.0000000000e+00 3.2739000000e+04 3.1693724554e+04 1.5500000000e+02 5.0000000000e+00
8.9000000000e+01 3.0000000000e+00 2.6425000000e+04 2.5404695831e+04 1.4000000000e+02 4.0000000000e+00
8.9000000000e+01 4.0000000000e+00 3.9137000000e+04 3.7986991642e+04 1.6700000000e+02 6.0000000000e+00
8.9000000000e+01 5.0000000000e+00 2.6116000000e+04 2.5296163969e+04 1.1700000000e+02 4.0000000000e+00
9.0000000000e+01 0.0000000000e+00 7.8500000000e+04 7.5907066922e+04 3.5400000000e+02 1.2000000000e+01
9.0000000000e+01 1.0000000000e+00 3.9296000000e+04 3.8055433705e+04 1.7000000000e+02 6.0000000000e+00
9.0000000000e+01 2.0000000000e+00 2.5992000000e+04 2.5334931854e+04 9.3000000000e+01 4.0000000000e+00
9.0000000000e+01 3.0000000000e+00 5.1958000000e+04 5.0643077942e+04 2.1800000000e+02 8.0000000000e+00
9.0000000000e+01 4.0000000000e+00 2.6136000000e+04 2.5335563793e+04 1.1200000000e+02 4.0000000000e+00
9.0000000000e+01 5.0000000000e+00 2.6209000000e+04 2.5314632241e+04 1.3100000000e+02 4.0000000000e+00
9.0000000000e+01 6.0000000000e+00 4.5832000000e+04 4.4395137527e+04 2.0900000000e+02 7.0000000000e+00
9.0000000000e+01 7.0000000000e+00 2.6220000000e+04 2.5334798727e+04 1.3100000000e+02 4.0000000000e+00
9.0000000000e+01 8.0000000000e+00 2.6309000000e+04 2.5322631395e+04 1.3000000000e+02 4.0000000000e+00
9.0000000000e+01 9.0000000000e+00 2.6210000000e+04 2.5351235201e+04 1.3300000000e+02 4.0000000000e+00
9.0000000000e+01 1.0000000000e+01 2.6376000000e+04 2.5345045581e+04 1.3200000000e+02 4.0000000000e+00
9.0000000000e+01 1.1000000000e+01 2.6307000000e+04 2.5314084773e+04 1.3600000000e+02 4.0000000000e+00
9.0000000000e+01 1.2000000000e+01 2.6178000000e+04 2.5335039557e+04 1.2300000000e+02 4.0000000000e+00
9.0000000000e+01 1.3000000000e+01 2.5955000000e+04 2.5328187363e+04 1.0100000000e+02 4.0000000000e+00
9.0000000000e+01 1.4000000000e+01 2.6870000000e+04 2.5341754662e+04 1.6400000000e+02 4.0000000000e+00
9.1000000000e+01 0.0000000000e+00 3.9433000000e+04 3.8071212235e+04 1.9600000000e+02 6.0000000000e+00
9.1000000000e+01 1.0000000000e+00 2.6067000000e+04 2.5298784409e+04 1.0800000000e+02 4.0000000000e+00
9.1000000000e+01 2.0000000000e+00 2.6216000000e+04 2.5393846109e+04 1.1100000000e+02 4.0000000000e+00
9.1000000000e+01 3.0000000000e+00 2.6266000000e+04 2.5305900194e+04 1.3800000000e+02 4.0000000000e+00
9.1000000000e+01 4.0000000000e+00 2.6269000000e+04 2.5384971400e+04 1.2600000000e+02 4.0000000000e+00
9.1000000000e+01 5.0000000000e+00 2.6340000000e+04 2.5286766399e+04 1.2400000000e+02 4.0000000000e+00
9.1000000000e+01 6.0000000000e+00 2.6299000000e+04 2.5331120530e+04 1.2600000000e+02 4.0000000000e+00
9.1000000000e+01 7.0000000000e+00 3.2657000000e+04 3.1725894411e+04 1.4200000000e+02 5.0000000000e+00
9.1000000000e+01 8.0000000000e+00 2.6266000000e+04 2.5289256486e+04 1.3000000000e+02 4.0000000000e+00
9.1000000000e+01 9.0000000000e+00 3.2656000000e+04 3.1656625719e+04 1.4200000000e+02 5.0000000000e+00
9.2000000000e+01 0.0000000000e+00 3.2780000000e+04 3.1650240081e+04 1.6500000000e+02 5.0000000000e+00
9.2000000000e+01 1.0000000000e+00 2.5939000000e+04 2.5393098915e+04 1.0000000000e+02 4.0000000000e+00
9.2000000000e+01 2.0000000000e+00 3.9229000000e+04 3.7959374028e+04 1.8400000000e+02 6.0000000000e+00
9.2000000000e+01 3.0000000000e+00 2.6358000000e+04 2.5322701447e+04 1.2400000000e+02 4.0000000000e+00
9.2000000000e+01 4.0000000000e+00 2.6301000000e+04 2.5355991769e+04 1.2700000000e+02 4.0000000000e+00
9.2000000000e+01 5.0000000000e+00 2.6251000000e+04 2.5406121730e+04 1.3000000000e+02 4.0000000000e+00
9.2000000000e+01 6.0000000000e+00 2.6194000000e+04 2.5345967701e+04 1.2800000000e+02 4.0000000000e+00
9.2000000000e+01 7.0000000000e+00 4.6303000000e+04 4.4275093513e+04 2.5500000000e+02 7.0000000000e+00
9.2000000000e+01 8.0000000000e+00 4.5747000000e+04 4.4298727716e+04 2.0500000000e+02 7.0000000000e+00
9.2000000000e+01 9.0000000000e+00 2.6404000000e+04 2.5335592658e+04 1.5700000000e+02 4.0000000000e+00
9.3000000000e+01 0.0000000000e+00 1.7263200000e+05 1.6464074574e+05 9.4400000000e+02 2.6000000000e+01
9.3000000000e+01 1.0000000000e+00 2.6031000000e+04 2.5301597972e+04 1.0500000000e+02 4.0000000000e+00
9.3000000000e+01 2.0000000000e+00 3.2823000000e+04 3.1855093688e+04 1.3400000000e+02 5.0000000000e+00
9.3000000000e+01 3.0000000000e+00 4.6256000000e+04 4.4440965836e+04 2.5500000000e+02 7.0000000000e+00
9.3000000000e+01 4.0000000000e+00 2.6035000000e+04 2.5329274540e+04 1.0800000000e+02 4.0000000000e+00
9.3000000000e+01 5.0000000000e+00 2.6286000000e+04 2.5363346578e+04 1.3700000000e+02 4.0000000000e+00
9.4000000000e+01 0.0000000000e+00 2.6371000000e+04 2.5371110613e+04 1.4200000000e+02 4.0000000000e+00
9.4000000000e+01 1.0000000000e+00 3.2791000000e+04 3.1719596571e+04 1.6700000000e+02 5.0000000000e+00
9.4000000000e+01 2.0000000000e+00 3.3097000000e+04 3.1837054965e+04 1.8000000000e+02 5.0000000000e+00
9.4000000000e+01 3.0000000000e+00 2.6241000000e+04 2.5348060590e+04 1.2800000000e+02 4.0000000000e+00
9.4000000000e+01 4.0000000000e+00 2.6319000000e+04 2.5350104348e+04 1.4300000000e+02 4.0000000000e+00
9.4000000000e+01 5.0000000000e+00 2.6337000000e+04 2.5276489891e+04 1.3800000000e+02 4.0000000000e+00
9.4000000000e+01 6.0000000000e+00 2.6232000000e+04 2.5390440513e+04 1.3200000000e+02 4.0000000000e+00
9.4000000000e+01 7.0000000000e+00 2.6267000000e+04 2.5344167735e+04 1.3400000000e+02 4.0000000000e+00
9.4000000000e+01 8.0000000000e+00 2.6334000000e+04 2.5315651093e+04 1.3200000000e+02 4.0000000000e+00
9.5000000000e+01 0.0000000000e+00 5.2886000000e+04 5.0632089639e+04 2.7500000000e+02 8.0000000000e+00
9.5000000000e+01 1.0000000000e+00 3.9263000000e+04 3.8017818329e+04 2.0300000000e+02 6.0000000000e+00
9.5000000000e+01 2.0000000000e+00 3.2952000000e+04 3.1701283138e+04 1.5900000000e+02 5.0000000000e+00
9.5000000000e+01 3.0000000000e+00 2.6071000000e+04 2.5381374838e+04 1.0700000000e+02 4.0000000000e+00
9.5000000000e+01 4.0000000000e+00 2.6344000000e+04 2.5289532822e+04 1.3600000000e+02 4.0000000000e+00
9.5000000000e+01 5.0000000000e+00 5.2693000000e+04 5.0779569665e+04 2.6200000000e+02 8.0000000000e+00
9.5000000000e+01 6.0000000000e+00 3.9203000000e+04 3.7942704207e+04 1.8000000000e+02 6.0000000000e+00
9.5000000000e+01 7.0000000000e+00 2.5906000000e+04 2.5321966643e+04 9.9000000000e+01 4.0000000000e+00
9.5000000000e+01 8.0000000000e+00 2.6293000000e+04 2.5347598353e+04 1.2900000000e+02 4.0000000000e+00
9.5000000000e+01 9.0000000000e+00 6.5323000000e+04 6.3316016466e+04 2.7500000000e+02 1.0000000000e+01
9.5000000000e+01 1.0000000000e+01 2.6118000000e+04 2.5292343403e+04 1.2100000000e+02 4.0000000000e+00
9.5000000000e+01 1.1000000000e+01 9.9766000000e+04 9.4844786054e+04 5.6100000000e+02 1.5000000000e+01
9.5000000000e+01 1.2000000000e+01 1.1336900000e+05 1.0768808548e+05 6.4200000000e+02 1.7000000000e+01
9.5000000000e+01 1.3000000000e+01 9.1861000000e+04 8.8667578128e+04 4.6400000000e+02 1.4000000000e+01
9.5000000000e+01 1.4000000000e+01 2.6490000000e+04 2.5323488110e+04 1.4600000000e+02 4.0000000000e+00
9.5000000000e+01 1.5000000000e+01 2.6365000000e+04 2.5381314348e+04 1.3900000000e+02 4.0000000000e+00
9.5000000000e+01 1.6000000000e+01 2.6138000000e+04 2.5312211195e+04 1.0900000000e+02 4.0000000000e+00
9.5000000000e+01 1.7000000000e+01 1.0180900000e+05 9.4997381165e+04 6.8300000000e+02 1.5000000000e+01
9.5000000000e+01 1.8000000000e+01 2.6267000000e+04 2.5314398405e+04 1.3300000000e+02 4.0000000000e+00
9.5000000000e+01 1.9000000000e+01 2.6290000000e+04 2.5339814743e+04 1.4000000000e+02 4.0000000000e+00
9.6000000000e+01 0.0000000000e+00 2.6173000000e+04 2.5334986032e+04 1.2300000000e+02 4.0000000000e+00
9.6000000000e+01 1.0000000000e+00 2.6252000000e+04 2.5419014001e+04 1.3100000000e+02 4.0000000000e+00
9.6000000000e+01 2.0000000000e+00 2.6478000000e+04 2.5346332500e+04 1.5100000000e+02 4.0000000000e+00
9.6000000000e+01 3.0000000000e+00 2.6273000000e+04 2.5305663804e+04 1.2800000000e+02 4.0000000000e+00
9.6000000000e+01 4.0000000000e+00 2.6031000000e+04 2.5301841965e+04 1.1600000000e+02 4.0000000000e+00
9.6000000000e+01 5.0000000000e+00 1.1288600000e+05 1.0772405824e+05 6.3400000000e+02 1.7000000000e+01
9.6000000000e+01 6.0000000000e+00 2.6187000000e+04 2.5421856791e+04 1.3000000000e+02 4.0000000000e+00
9.6000000000e+01 7.0000000000e+00 2.6216000000e+04 2.5373057054e+04 1.3400000000e+02 4.0000000000e+00
9.6000000000e+01 8.0000000000e+00 2.6155000000e+04 2.5325017731e+04 1.1700000000e+02 4.0000000000e+00
9.7000000000e+01 0.0000000000e+00 2.6075000000e+04 2.5316510003e+04 1.1900000000e+02 4.0000000000e+00
9.7000000000e+01 1.0000000000e+00 2.6147000000e+04 2.5306321342e+04 1.1900000000e+02 4.0000000000e+00
9.7000000000e+01 2.0000000000e+00 2.5992000000e+04 2.5364050210e+04 1.0600000000e+02 4.0000000000e+00
9.7000000000e+01 3.0000000000e+00 2.6163000000e+04 2.5318248925e+04 1.2800000000e+02 4.0000000000e+00
9.7000000000e+01 4.0000000000e+00 7.3128000000e+04 6.9591630453e+04 4.2500000000e+02 1.1000000000e+01
9.7000000000e+01 5.0000000000e+00 2.6167000000e+04 2.5373508867e+04 1.1600000000e+02 4.0000000000e+00
9.7000000000e+01 6.0000000000e+00 5.2484000000e+04 5.0606347461e+04 2.6600000000e+02 8.0000000000e+00
9.7000000000e+01 7.0000000000e+00 9.2050000000e+04 8.8600850561e+04 4.3900000000e+02 1.4000000000e+01
9.7000000000e+01 8.0000000000e+00 3.2640000000e+04 3.1651270269e+04 1.5200000000e+02 5.0000000000e+00
9.7000000000e+01 9.0000000000e+00 2.6176000000e+04 2.5321137587e+04 1.1800000000e+02 4.0000000000e+00
9.7000000000e+01 1.0000000000e+01 3.2679000000e+04 3.1694498568e+04 1.5200000000e+02 5.0000000000e+00
9.7000000000e+01 1.1000000000e+01 2.6196000000e+04 2.5291246595e+04 1.2600000000e+02 4.0000000000e+00
9.7000000000e+01 1.2000000000e+01 2.6110000000e+04 2.5336864435e+04 1.1900000000e+02 4.0000000000e+00
9.7000000000e+01 1.3000000000e+01 2.6237000000e+04 2.5314939603e+04 1.3100000000e+02 4.0000000000e+00
9.8000000000e+01 0.0000000000e+00 2.6247000000e+04 2.5285275814e+04 1.1800000000e+02 4.0000000000e+00
9.8000000000e+01 1.0000000000e+00 4.5704000000e+04 4.4320897994e+04 1.9000000000e+02 7.0000000000e+00
9.8000000000e+01 2.0000000000e+00 2.6394000000e+04 2.5344487547e+04 1.3300000000e+02 4.0000000000e+00
9.8000000000e+01 3.0000000000e+00 2.6247000000e+04 2.5349957906e+04 1.2500000000e+02 4.0000000000e+00
9.8000000000e+01 4.0000000000e+00 2.6030000000e+04 2.5329149849e+04 1.0500000000e+02 4.0000000000e+00
9.8000000000e+01 5.0000000000e+00 2.6102000000e+04 2.5307630606e+04 1.1200000000e+02 4.0000000000e+00
9.8000000000e+01 6.0000000000e+00 2.6162000000e+04 2.5378720910e+04 1.3000000000e+02 4.0000000000e+00
9.8000000000e+01 7.0000000000e+00 2.6259000000e+04 2.5318725548e+04 1.2900000000e+02 4.0000000000e+00
9.8000000000e+01 8.0000000000e+00 2.6292000000e+04 2.5345850996e+04 1.3200000000e+02 4.0000000000e+00
9.8000000000e+01 9.0000000000e+00 2.6190000000e+04 2.5336719546e+04 1.2100000000e+02 4.0000000000e+00
9.8000000000e+01 1.0000000000e+01 3.3200000000e+04 3.1682010794e+04 1.8500000000e+02 5.0000000000e+00
9.8000000000e+01 1.1000000000e+01 1.4407400000e+05 1.3303462690e+05 9.4100000000e+02 2.1000000000e+01
9.9000000000e+01 0.0000000000e+00 3.2729000000e+04 3.1676248730e+04 1.4500000000e+02 5.0000000000e+00
9.9000000000e+01 1.0000000000e+00 2.6473000000e+04 2.5426551503e+04 1.4800000000e+02 4.0000000000e+00
9.9000000000e+01 2.0000000000e+00 2.6247000000e+04 2.5323426983e+04 1.2800000000e+02 4.0000000000e+00
9.9000000000e+01 3.0000000000e+00 2.6378000000e+04 2.5394562353e+04 1.3500000000e+02 4.0000000000e+00
9.9000000000e+01 4.0000000000e+00 2.6334000000e+04 2.5330716626e+04 1.3800000000e+02 4.0000000000e+00
9.9000000000e+01 5.0000000000e+00 2.6139000000e+04 2.5326344482e+04 1.1900000000e+02 4.0000000000e+00
9.9000000000e+01 6.0000000000e+00 3.9058000000e+04 3.8002800822e+04 1.7300000000e+02 6.0000000000e+00
9.9000000000e+01 7.0000000000e+00 2.6368000000e+04 2.5336499186e+04 1.3100000000e+02 4.0000000000e+00
9.9000000000e+01 8.0000000000e+00 2.6161000000e+04 2.5319885837e+04 1.1800000000e+02 4.0000000000e+00
9.9000000000e+01 9.0000000000e+00 2.6160000000e+04 2.5337446355e+04 1.2300000000e+02 4.0000000000e+00
9.9000000000e+01 1.0000000000e+01 2.8505300000e+05 2.5959400847e+05 1.9130000000e+03 4.1000000000e+01
