1.0000000000e+00 0.0000000000e+00 8.8820000000e+03 7.9407100000e+03 4.8000000000e+01 5.0000000000e+00 1.3250000000e+03 4.2556095646e+01 1.0730000000e+03 2.7135593333e+01 1.1000000000e+01 1.0000000000e+01
1.0000000000e+00 1.0000000000e+00 6.9390000000e+03 6.3555800000e+03 3.6000000000e+01 4.0000000000e+00 1.0550000000e+03 8.0231807017e+00 1.4410000000e+03 1.8338094620e+01 7.0000000000e+00 1.0000000000e+01
2.0000000000e+00 2.0000000000e+00 1.3945000000e+04 1.2720600000e+04 7.6000000000e+01 8.0000000000e+00 9.0300000000e+02 3.2271762683e+01 7.7200000000e+02 3.0015107307e+01 1.9000000000e+01 1.9000000000e+01
3.0000000000e+00 3.0000000000e+00 1.0696000000e+04 9.5364200000e+03 7.1000000000e+01 6.0000000000e+00 7.4200000000e+02 3.6108764271e+01 8.7600000000e+02 4.2043175087e+01 1.1000000000e+01 1.5000000000e+01
4.0000000000e+00 4.0000000000e+00 7.0510000000e+03 6.3716800000e+03 3.7000000000e+01 4.0000000000e+00 6.5500000000e+02 1.0691377627e+01 1.4800000000e+03 5.3722796734e+01 7.0000000000e+00 1.1000000000e+01
5.0000000000e+00 5.0000000000e+00 8.6880000000e+03 7.9377000000e+03 4.4000000000e+01 5.0000000000e+00 1.5130000000e+03 4.2102587889e+01 5.1900000000e+02 7.2753166638e+00 1.1000000000e+01 7.0000000000e+00
5.0000000000e+00 6.0000000000e+00 8.6640000000e+03 7.9311200000e+03 5.1000000000e+01 5.0000000000e+00 6.3800000000e+02 1.9136352840e+01 7.9100000000e+02 1.0014988767e+01 1.1000000000e+01 7.0000000000e+00
5.0000000000e+00 7.0000000000e+00 6.9110000000e+03 6.3547300000e+03 3.8000000000e+01 4.0000000000e+00 4.1200000000e+02 2.3377050423e+01 1.4590000000e+03 3.3297999291e+01 1.1000000000e+01 7.0000000000e+00
7.0000000000e+00 8.0000000000e+00 8.6720000000e+03 7.9306300000e+03 4.2000000000e+01 5.0000000000e+00 1.1740000000e+03 4.1572739661e+01 4.8000000000e+02 9.8451424199e+00 1.1000000000e+01 7.0000000000e+00
7.0000000000e+00 9.0000000000e+00 7.1310000000e+03 6.3570300000e+03 3.9000000000e+01 4.0000000000e+00 6.6200000000e+02 3.1313356827e+01 6.2900000000e+02 2.7717085743e+01 7.0000000000e+00 1.0000000000e+01
7.0000000000e+00 1.0000000000e+01 9.0340000000e+03 7.9823600000e+03 5.2000000000e+01 5.0000000000e+00 5.5200000000e+02 2.9227639350e+01 6.8700000000e+02 5.6931331186e+00 1.1000000000e+01 7.0000000000e+00
8.0000000000e+00 1.1000000000e+01 6.8240000000e+03 6.3327700000e+03 3.7000000000e+01 4.0000000000e+00 8.4200000000e+02 3.8141185089e+01 1.2170000000e+03 2.7433252329e+01 7.0000000000e+00 1.1000000000e+01
8.0000000000e+00 1.2000000000e+01 1.2146000000e+04 1.1108380000e+04 6.5000000000e+01 7.0000000000e+00 1.3280000000e+03 1.7981327120e+01 1.6570000000e+03 3.3457295542e+01 1.9000000000e+01 1.9000000000e+01
9.0000000000e+00 1.3000000000e+01 7.0670000000e+03 6.3510100000e+03 4.5000000000e+01 4.0000000000e+00 1.0590000000e+03 2.8698669592e+01 7.1700000000e+02 1.3079303568e+01 7.0000000000e+00 1.1000000000e+01
9.0000000000e+00 1.4000000000e+01 1.0633000000e+04 9.5504100000e+03 6.5000000000e+01 6.0000000000e+00 1.0510000000e+03 4.0687067970e+01 7.3500000000e+02 2.3588265091e+01 1.5000000000e+01 7.0000000000e+00
9.0000000000e+00 1.5000000000e+01 1.0671000000e+04 9.5453700000e+03 5.4000000000e+01 6.0000000000e+00 7.6700000000e+02 3.5878200666e+01 9.6200000000e+02 4.0025463593e+01 1.4000000000e+01 7.0000000000e+00
9.0000000000e+00 1.6000000000e+01 7.0820000000e+03 6.3564800000e+03 4.3000000000e+01 4.0000000000e+00 1.2500000000e+03 3.8750422425e+01 1.1440000000e+03 4.6128960018e+01 1.1000000000e+01 6.0000000000e+00
1.0000000000e+01 1.7000000000e+01 8.7600000000e+03 7.9338900000e+03 4.9000000000e+01 5.0000000000e+00 1.0440000000e+03 2.8994611568e+01 1.1830000000e+03 2.4417377692e+01 1.5000000000e+01 7.0000000000e+00
1.1000000000e+01 1.8000000000e+01 6.9510000000e+03 6.3495800000e+03 3.6000000000e+01 4.0000000000e+00 4.7400000000e+02 1.4233762679e+01 1.2580000000e+03 2.9634921485e+01 1.1000000000e+01 1.1000000000e+01
1.3000000000e+01 1.9000000000e+01 1.7779000000e+04 1.5878490000e+04 1.0400000000e+02 1.0000000000e+01 9.7500000000e+02 2.6481171182e+01 7.5700000000e+02 3.4183542284e+01 2.3000000000e+01 1.1000000000e+01
1.3000000000e+01 2.0000000000e+01 1.2334000000e+04 1.1128060000e+04 7.4000000000e+01 7.0000000000e+00 4.3600000000e+02 5.9851414192e+00 1.1380000000e+03 1.9495696750e+01 1.9000000000e+01 1.1000000000e+01
1.3000000000e+01 2.1000000000e+01 1.2596000000e+04 1.1132510000e+04 7.8000000000e+01 7.0000000000e+00 4.3200000000e+02 2.2681590452e+01 1.1550000000e+03 4.6276273689e+01 1.1000000000e+01 1.4000000000e+01
1.6000000000e+01 2.2000000000e+01 8.6690000000e+03 7.9553100000e+03 4.0000000000e+01 5.0000000000e+00 8.2000000000e+02 3.7945304767e+01 1.5760000000e+03 4.8501916431e+01 1.1000000000e+01 1.1000000000e+01
2.1000000000e+01 2.3000000000e+01 8.8930000000e+03 7.9545400000e+03 5.3000000000e+01 5.0000000000e+00 7.4400000000e+02 2.6386185197e+01 3.2700000000e+02 2.1406325449e+01 1.1000000000e+01 7.0000000000e+00
2.1000000000e+01 2.4000000000e+01 1.6231000000e+04 1.4307880000e+04 1.0200000000e+02 9.0000000000e+00 1.0750000000e+03 4.4639258129e+01 1.1570000000e+03 4.4763072652e+01 1.5000000000e+01 1.1000000000e+01
2.1000000000e+01 2.5000000000e+01 1.7566000000e+04 1.5884980000e+04 9.9000000000e+01 1.0000000000e+01 9.7100000000e+02 3.4078091592e+01 1.3170000000e+03 4.8630426354e+01 1.9000000000e+01 2.7000000000e+01
2.2000000000e+01 2.6000000000e+01 1.0631000000e+04 9.5277600000e+03 6.2000000000e+01 6.0000000000e+00 8.1700000000e+02 1.7423838955e+01 9.3000000000e+02 2.8298757431e+01 1.1000000000e+01 1.1000000000e+01
2.2000000000e+01 2.7000000000e+01 1.4051000000e+04 1.2694920000e+04 8.4000000000e+01 8.0000000000e+00 1.3690000000e+03 4.5665757913e+01 1.5820000000e+03 2.3604165448e+01 1.1000000000e+01 1.8000000000e+01
2.2000000000e+01 2.8000000000e+01 1.2442000000e+04 1.1105080000e+04 6.9000000000e+01 7.0000000000e+00 9.7200000000e+02 2.1589076759e+01 1.5850000000e+03 2.9878430150e+01 1.1000000000e+01 1.1000000000e+01
2.3000000000e+01 2.9000000000e+01 7.1670000000e+03 6.3682400000e+03 4.4000000000e+01 4.0000000000e+00 6.5700000000e+02 3.1907205572e+01 1.3080000000e+03 3.7461608255e+01 1.1000000000e+01 7.0000000000e+00
2.4000000000e+01 3.0000000000e+01 1.6038000000e+04 1.4279480000e+04 9.5000000000e+01 9.0000000000e+00 1.0010000000e+03 4.1913791972e+01 1.0640000000e+03 2.9404189888e+01 1.1000000000e+01 1.9000000000e+01
2.6000000000e+01 3.1000000000e+01 8.7360000000e+03 7.9527800000e+03 4.9000000000e+01 5.0000000000e+00 1.1500000000e+03 4.1003302713e+01 1.4900000000e+03 8.4347989504e+00 7.0000000000e+00 1.1000000000e+01
2.8000000000e+01 3.2000000000e+01 1.2664000000e+04 1.1119110000e+04 6.7000000000e+01 7.0000000000e+00 9.8400000000e+02 1.1397766926e+01 1.0260000000e+03 3.8750171065e+01 1.3000000000e+01 1.1000000000e+01
2.9000000000e+01 3.3000000000e+01 8.7180000000e+03 7.9383000000e+03 4.3000000000e+01 5.0000000000e+00 1.1670000000e+03 4.7211277910e+01 7.6800000000e+02 3.6389428083e+01 7.0000000000e+00 1.1000000000e+01
3.0000000000e+01 3.4000000000e+01 8.6580000000e+03 7.9476800000e+03 5.1000000000e+01 5.0000000000e+00 2.8000000000e+02 1.7967748885e+01 8.8300000000e+02 2.0697825973e+01 1.1000000000e+01 7.0000000000e+00
3.1000000000e+01 3.5000000000e+01 8.6760000000e+03 7.9546700000e+03 4.9000000000e+01 5.0000000000e+00 5.6400000000e+02 5.2934708211e+00 8.2800000000e+02 3.9146626079e+01 7.0000000000e+00 1.1000000000e+01
3.2000000000e+01 3.6000000000e+01 1.5817000000e+04 1.4295550000e+04 9.0000000000e+01 9.0000000000e+00 1.3600000000e+03 3.8034431474e+01 4.6300000000e+02 2.9706239650e+01 1.1000000000e+01 1.9000000000e+01
3.2000000000e+01 3.7000000000e+01 6.9350000000e+03 6.3539700000e+03 3.7000000000e+01 4.0000000000e+00 7.5600000000e+02 2.3443193753e+01 1.3150000000e+03 3.2314427462e+01 7.0000000000e+00 1.5000000000e+01
3.3000000000e+01 3.8000000000e+01 2.0229000000e+04 1.7495070000e+04 1.1300000000e+02 1.1000000000e+01 7.9300000000e+02 3.0798307004e+01 6.1400000000e+02 1.3168550197e+01 1.4000000000e+01 1.9000000000e+01
3.3000000000e+01 3.9000000000e+01 8.8740000000e+03 7.9538900000e+03 4.2000000000e+01 5.0000000000e+00 9.9200000000e+02 4.1851071613e+01 7.3500000000e+02 3.0610057330e+01 1.1000000000e+01 7.0000000000e+00
3.5000000000e+01 4.0000000000e+01 1.5907000000e+04 1.4305760000e+04 8.6000000000e+01 9.0000000000e+00 1.0880000000e+03 3.3400422681e+01 8.6600000000e+02 3.0760937796e+01 1.5000000000e+01 1.1000000000e+01
3.5000000000e+01 4.1000000000e+01 1.0443000000e+04 9.5449100000e+03 5.8000000000e+01 6.0000000000e+00 1.3630000000e+03 4.0975602497e+01 1.4490000000e+03 3.9843773865e+01 7.0000000000e+00 1.1000000000e+01
3.6000000000e+01 4.2000000000e+01 1.6073000000e+04 1.4348180000e+04 9.4000000000e+01 9.0000000000e+00 1.1220000000e+03 1.2476213928e+01 8.5000000000e+02 3.7780776815e+01 1.5000000000e+01 1.5000000000e+01
3.6000000000e+01 4.3000000000e+01 7.1010000000e+03 6.3727300000e+03 4.1000000000e+01 4.0000000000e+00 1.0100000000e+03 3.2625526816e+01 1.5810000000e+03 2.0071746312e+01 7.0000000000e+00 1.1000000000e+01
3.7000000000e+01 4.4000000000e+01 8.7560000000e+03 7.9470500000e+03 5.1000000000e+01 5.0000000000e+00 1.1640000000e+03 2.7479446865e+01 8.6600000000e+02 3.8668074687e+01 1.1000000000e+01 7.0000000000e+00
3.7000000000e+01 4.5000000000e+01 1.2845000000e+04 1.1104980000e+04 7.2000000000e+01 7.0000000000e+00 1.1470000000e+03 4.4905534651e+01 1.0100000000e+03 3.5904607574e+01 1.5000000000e+01 1.1000000000e+01
3.7000000000e+01 4.6000000000e+01 6.9670000000e+03 6.3635000000e+03 3.8000000000e+01 4.0000000000e+00 1.1380000000e+03 3.9357337308e+01 1.3660000000e+03 4.0367902690e+01 1.1000000000e+01 7.0000000000e+00
3.7000000000e+01 4.7000000000e+01 1.0377000000e+04 9.5214600000e+03 5.8000000000e+01 6.0000000000e+00 1.1970000000e+03 4.3310385287e+01 1.6510000000e+03 4.3784359941e+01 1.9000000000e+01 7.0000000000e+00
3.8000000000e+01 4.8000000000e+01 6.9600000000e+03 6.3779100000e+03 3.7000000000e+01 4.0000000000e+00 8.7500000000e+02 1.7233687940e+01 4.3100000000e+02 2.2018931249e+01 7.0000000000e+00 7.0000000000e+00
3.8000000000e+01 4.9000000000e+01 1.4314000000e+04 1.2712680000e+04 8.5000000000e+01 8.0000000000e+00 1.1010000000e+03 2.0265205931e+01 1.5550000000e+03 1.4593295917e+01 1.5000000000e+01 1.9000000000e+01
3.9000000000e+01 5.0000000000e+01 1.7300000000e+04 1.5870530000e+04 9.3000000000e+01 1.0000000000e+01 5.9200000000e+02 2.3798748597e+01 3.2100000000e+02 1.2862567869e+01 1.4000000000e+01 1.8000000000e+01
4.0000000000e+01 5.1000000000e+01 8.7670000000e+03 7.9270300000e+03 5.1000000000e+01 5.0000000000e+00 1.2980000000e+03 4.7302642632e+01 1.3460000000e+03 4.0326666116e+01 7.0000000000e+00 1.1000000000e+01
4.1000000000e+01 5.2000000000e+01 8.8220000000e+03 7.9323100000e+03 5.1000000000e+01 5.0000000000e+00 1.0300000000e+03 2.5860394429e+01 5.7900000000e+02 1.4596574941e+01 1.1000000000e+01 7.0000000000e+00
4.1000000000e+01 5.3000000000e+01 8.6800000000e+03 7.9633700000e+03 4.2000000000e+01 5.0000000000e+00 5.5100000000e+02 2.2900101182e+01 9.2600000000e+02 2.0255080663e+01 1.4000000000e+01 7.0000000000e+00
4.1000000000e+01 5.4000000000e+01 2.2933000000e+04 2.0658650000e+04 1.2500000000e+02 1.3000000000e+01 8.9400000000e+02 1.6274609157e+01 1.4360000000e+03 5.2268228800e+01 1.8000000000e+01 2.6000000000e+01
4.2000000000e+01 5.5000000000e+01 6.9720000000e+03 6.3543100000e+03 3.3000000000e+01 4.0000000000e+00 7.9900000000e+02 1.7442763543e+01 3.5900000000e+02 2.0791374413e+01 7.0000000000e+00 7.0000000000e+00
4.5000000000e+01 5.6000000000e+01 1.0593000000e+04 9.5273200000e+03 6.6000000000e+01 6.0000000000e+00 1.3140000000e+03 3.8261448764e+01 7.1500000000e+02 3.6525228373e+01 1.1000000000e+01 1.4000000000e+01
4.5000000000e+01 5.7000000000e+01 7.0650000000e+03 6.3688800000e+03 3.7000000000e+01 4.0000000000e+00 1.3270000000e+03 3.6518640598e+01 7.5300000000e+02 3.1803214373e+01 7.0000000000e+00 1.1000000000e+01
4.5000000000e+01 5.8000000000e+01 1.0725000000e+04 9.4884700000e+03 6.8000000000e+01 6.0000000000e+00 7.6700000000e+02 2.9580146630e+01 1.0450000000e+03 2.8092863066e+01 7.0000000000e+00 1.1000000000e+01
4.6000000000e+01 5.9000000000e+01 8.7540000000e+03 7.9583400000e+03 5.5000000000e+01 5.0000000000e+00 7.7800000000e+02 3.2791993151e+01 6.8700000000e+02 1.5307345126e+01 1.1000000000e+01 7.0000000000e+00
4.6000000000e+01 6.0000000000e+01 1.2283000000e+04 1.1128990000e+04 6.7000000000e+01 7.0000000000e+00 3.8200000000e+02 2.2190975507e+01 7.3500000000e+02 2.7613128191e+01 1.5000000000e+01 7.0000000000e+00
4.8000000000e+01 6.1000000000e+01 8.9390000000e+03 7.9542500000e+03 5.8000000000e+01 5.0000000000e+00 7.7000000000e+02 3.4551766401e+01 6.5600000000e+02 3.4750741504e+01 7.0000000000e+00 1.1000000000e+01
4.9000000000e+01 6.2000000000e+01 7.1480000000e+03 6.3507800000e+03 4.6000000000e+01 4.0000000000e+00 5.9100000000e+02 3.4525031177e+01 8.0800000000e+02 2.6878326667e+01 1.0000000000e+01 7.0000000000e+00
4.9000000000e+01 6.3000000000e+01 7.1600000000e+03 6.3537100000e+03 5.0000000000e+01 4.0000000000e+00 6.7100000000e+02 2.2319571351e+01 1.2450000000e+03 3.7182122103e+01 7.0000000000e+00 1.1000000000e+01
5.0000000000e+01 6.4000000000e+01 8.7090000000e+03 7.9367300000e+03 4.9000000000e+01 5.0000000000e+00 1.5690000000e+03 4.5814844756e+01 8.7600000000e+02 3.3244673759e+01 1.1000000000e+01 1.1000000000e+01
5.0000000000e+01 6.5000000000e+01 6.9610000000e+03 6.3478500000e+03 4.5000000000e+01 4.0000000000e+00 7.7900000000e+02 3.4257381421e+01 1.6790000000e+03 3.5015580947e+01 7.0000000000e+00 7.0000000000e+00
5.1000000000e+01 6.6000000000e+01 6.9230000000e+03 6.3602000000e+03 3.8000000000e+01 4.0000000000e+00 8.3600000000e+02 3.4468160004e+01 7.2300000000e+02 3.3150761273e+01 1.1000000000e+01 7.0000000000e+00
5.1000000000e+01 6.7000000000e+01 6.9990000000e+03 6.3548200000e+03 4.2000000000e+01 4.0000000000e+00 1.1980000000e+03 4.5921459992e+01 1.0010000000e+03 3.0363649641e+00 7.0000000000e+00 1.1000000000e+01
5.1000000000e+01 6.8000000000e+01 1.0468000000e+04 9.5329000000e+03 6.3000000000e+01 6.0000000000e+00 1.3590000000e+03 4.3529189317e+01 1.4980000000e+03 2.4467226269e+01 1.1000000000e+01 1.5000000000e+01
5.1000000000e+01 6.9000000000e+01 8.7790000000e+03 7.9428500000e+03 5.0000000000e+01 5.0000000000e+00 1.4160000000e+03 2.9581088829e+01 1.6490000000e+03 4.0277608100e+01 1.0000000000e+01 1.1000000000e+01
5.2000000000e+01 7.0000000000e+01 6.8940000000e+03 6.3664700000e+03 3.5000000000e+01 4.0000000000e+00 3.0900000000e+02 2.0217930307e+01 8.0600000000e+02 1.0200922680e+01 1.1000000000e+01 1.0000000000e+01
5.5000000000e+01 7.1000000000e+01 6.9480000000e+03 6.3525600000e+03 4.0000000000e+01 4.0000000000e+00 6.6300000000e+02 2.7441312670e+01 8.7900000000e+02 9.7085740589e+00 7.0000000000e+00 7.0000000000e+00
5.5000000000e+01 7.2000000000e+01 7.0610000000e+03 6.3522400000e+03 4.7000000000e+01 4.0000000000e+00 1.0390000000e+03 2.9372791314e+01 1.4190000000e+03 4.2364104986e+01 7.0000000000e+00 7.0000000000e+00
5.7000000000e+01 7.3000000000e+01 7.0370000000e+03 6.3438700000e+03 4.2000000000e+01 4.0000000000e+00 1.1300000000e+03 1.9741623725e+01 1.5410000000e+03 3.9845739130e+01 7.0000000000e+00 1.1000000000e+01
5.8000000000e+01 7.4000000000e+01 6.9110000000e+03 6.3400300000e+03 4.1000000000e+01 4.0000000000e+00 1.1800000000e+03 3.2774227680e+01 1.5240000000e+03 3.2836717254e+01 1.1000000000e+01 1.0000000000e+01
5.9000000000e+01 7.5000000000e+01 1.6328000000e+04 1.4302170000e+04 1.0800000000e+02 9.0000000000e+00 1.4870000000e+03 2.3038772683e+01 1.0650000000e+03 3.7229899551e+01 1.9000000000e+01 1.1000000000e+01
6.0000000000e+01 7.6000000000e+01 8.6080000000e+03 7.9314800000e+03 4.4000000000e+01 5.0000000000e+00 1.7580000000e+03 1.3564659966e+01 6.4400000000e+02 3.1035613452e+01 1.5000000000e+01 7.0000000000e+00
6.2000000000e+01 7.7000000000e+01 1.2521000000e+04 1.1129000000e+04 7.2000000000e+01 7.0000000000e+00 6.1200000000e+02 2.7740243812e+01 1.1500000000e+03 4.7383808966e+01 1.1000000000e+01 1.1000000000e+01
6.2000000000e+01 7.8000000000e+01 1.0440000000e+04 9.5431900000e+03 5.5000000000e+01 6.0000000000e+00 6.2900000000e+02 3.4876767179e+01 1.1670000000e+03 3.7822440919e+01 1.8000000000e+01 7.0000000000e+00
6.2000000000e+01 7.9000000000e+01 1.3783000000e+04 1.2692570000e+04 7.5000000000e+01 8.0000000000e+00 1.2450000000e+03 3.0771388958e+01 1.2660000000e+03 3.8598592608e+01 2.3000000000e+01 1.5000000000e+01
6.4000000000e+01 8.0000000000e+01 6.9500000000e+03 6.3668700000e+03 3.6000000000e+01 4.0000000000e+00 7.7500000000e+02 3.0577769703e+01 1.3950000000e+03 2.6868462660e+01 7.0000000000e+00 7.0000000000e+00
6.4000000000e+01 8.1000000000e+01 1.2174000000e+04 1.1122980000e+04 6.6000000000e+01 7.0000000000e+00 7.6700000000e+02 1.4608743430e+01 1.4300000000e+03 3.5341411752e+01 1.5000000000e+01 1.5000000000e+01
6.5000000000e+01 8.2000000000e+01 2.9746000000e+04 2.6984590000e+04 1.6300000000e+02 1.7000000000e+01 6.2100000000e+02 2.9482679577e+01 7.3800000000e+02 3.3099550555e+01 2.3000000000e+01 1.9000000000e+01
6.5000000000e+01 8.3000000000e+01 8.7710000000e+03 7.9188600000e+03 4.6000000000e+01 5.0000000000e+00 9.5600000000e+02 1.9953835610e+01 1.3900000000e+03 2.7283694764e+01 1.4000000000e+01 7.0000000000e+00
6.6000000000e+01 8.4000000000e+01 1.0534000000e+04 9.5389700000e+03 5.8000000000e+01 6.0000000000e+00 9.8600000000e+02 3.2866289454e+01 1.2510000000e+03 3.5861575977e+01 1.1000000000e+01 1.5000000000e+01
6.6000000000e+01 8.5000000000e+01 1.5597000000e+04 1.4262900000e+04 9.3000000000e+01 9.0000000000e+00 9.9100000000e+02 2.4002490813e+01 1.3110000000e+03 4.5519704286e+01 2.3000000000e+01 1.5000000000e+01
6.7000000000e+01 8.6000000000e+01 6.8430000000e+03 6.3428000000e+03 3.7000000000e+01 4.0000000000e+00 8.2500000000e+02 3.9074359311e+01 1.3780000000e+03 4.0150757569e+01 1.1000000000e+01 7.0000000000e+00
7.0000000000e+01 8.7000000000e+01 8.8130000000e+03 7.9645300000e+03 4.8000000000e+01 5.0000000000e+00 9.1800000000e+02 4.1994680514e+01 6.2800000000e+02 3.1600902223e+01 7.0000000000e+00 1.1000000000e+01
7.1000000000e+01 8.8000000000e+01 1.7469000000e+04 1.5899210000e+04 9.1000000000e+01 1.0000000000e+01 4.9300000000e+02 8.8468450120e+00 8.3600000000e+02 2.4580480060e+01 1.9000000000e+01 1.1000000000e+01
7.1000000000e+01 8.9000000000e+01 2.6916000000e+04 2.3845710000e+04 1.6000000000e+02 1.5000000000e+01 1.0030000000e+03 1.8105213120e+01 1.3990000000e+03 4.1706597219e+01 1.9000000000e+01 2.3000000000e+01
7.1000000000e+01 9.0000000000e+01 1.2453000000e+04 1.1129490000e+04 6.3000000000e+01 7.0000000000e+00 1.0000000000e+03 3.7348187329e+01 1.4400000000e+03 5.2973821898e+01 1.1000000000e+01 1.5000000000e+01
7.2000000000e+01 9.1000000000e+01 6.8920000000e+03 6.3547400000e+03 3.8000000000e+01 4.0000000000e+00 5.7000000000e+02 2.2452351950e+01 6.0200000000e+02 2.2913468245e+01 1.1000000000e+01 7.0000000000e+00
7.4000000000e+01 9.2000000000e+01 8.6970000000e+03 7.9442500000e+03 4.6000000000e+01 5.0000000000e+00 1.4620000000e+03 4.2152369118e+01 6.2100000000e+02 7.5806771905e+00 1.5000000000e+01 6.0000000000e+00
7.4000000000e+01 9.3000000000e+01 1.0950000000e+04 9.5260100000e+03 4.8000000000e+01 6.0000000000e+00 5.9300000000e+02 3.3847907632e+01 8.5200000000e+02 1.8336685703e+01 1.1000000000e+01 1.1000000000e+01
7.4000000000e+01 9.4000000000e+01 8.9360000000e+03 7.9477800000e+03 5.9000000000e+01 5.0000000000e+00 1.1700000000e+03 1.1369196132e+01 1.0910000000e+03 1.5180522911e+01 1.1000000000e+01 7.0000000000e+00
7.4000000000e+01 9.5000000000e+01 1.2156000000e+04 1.1126620000e+04 6.8000000000e+01 7.0000000000e+00 1.7250000000e+03 1.6238428716e+01 1.1380000000e+03 4.5533323864e+01 1.1000000000e+01 1.9000000000e+01
7.4000000000e+01 9.6000000000e+01 1.2112000000e+04 1.1115430000e+04 6.5000000000e+01 7.0000000000e+00 7.4800000000e+02 3.0382200793e+01 1.4320000000e+03 4.1892160663e+01 1.1000000000e+01 1.1000000000e+01
7.4000000000e+01 9.7000000000e+01 1.0579000000e+04 9.5363200000e+03 6.3000000000e+01 6.0000000000e+00 5.8600000000e+02 2.6360405303e+01 1.4800000000e+03 2.7110585958e+01 1.5000000000e+01 1.5000000000e+01
7.5000000000e+01 9.8000000000e+01 1.0927000000e+04 9.5533800000e+03 6.8000000000e+01 6.0000000000e+00 1.2180000000e+03 3.4391078329e+01 1.1350000000e+03 3.3511192160e+01 1.5000000000e+01 7.0000000000e+00
7.6000000000e+01 9.9000000000e+01 8.9640000000e+03 7.9510700000e+03 5.1000000000e+01 5.0000000000e+00 1.1070000000e+03 4.5676908827e+01 7.8100000000e+02 3.5102421569e+01 7.0000000000e+00 1.1000000000e+01
7.6000000000e+01 1.0000000000e+02 3.3764000000e+04 3.0200520000e+04 2.0900000000e+02 1.9000000000e+01 8.6200000000e+02 2.3306280104e+01 1.0950000000e+03 4.3139810723e+01 2.7000000000e+01 1.9000000000e+01
7.7000000000e+01 1.0100000000e+02 7.0330000000e+03 6.3562900000e+03 4.7000000000e+01 4.0000000000e+00 8.6100000000e+02 2.0473206244e+01 7.8700000000e+02 2.6883403641e+01 1.1000000000e+01 7.0000000000e+00
7.7000000000e+01 1.0200000000e+02 6.9190000000e+03 6.3567600000e+03 3.8000000000e+01 4.0000000000e+00 1.2540000000e+03 2.6913274129e+00 1.4060000000e+03 4.3648163331e+01 1.1000000000e+01 7.0000000000e+00
7.7000000000e+01 1.0300000000e+02 1.2673000000e+04 1.1148000000e+04 8.5000000000e+01 7.0000000000e+00 8.2100000000e+02 4.0327528114e+01 1.6480000000e+03 5.4307874550e+01 1.5000000000e+01 1.1000000000e+01
7.8000000000e+01 1.0400000000e+02 8.5670000000e+03 7.9416000000e+03 5.5000000000e+01 5.0000000000e+00 1.4710000000e+03 5.0114313768e+01 9.2800000000e+02 2.1497200507e+01 7.0000000000e+00 1.5000000000e+01
7.8000000000e+01 1.0500000000e+02 1.7625000000e+04 1.5909860000e+04 9.8000000000e+01 1.0000000000e+01 1.4530000000e+03 5.0348271605e+01 9.4400000000e+02 4.1031795567e+01 1.9000000000e+01 1.1000000000e+01
8.1000000000e+01 1.0600000000e+02 8.8950000000e+03 7.9484400000e+03 4.8000000000e+01 5.0000000000e+00 6.8300000000e+02 3.5835320743e+01 4.9600000000e+02 2.6982263678e+01 7.0000000000e+00 1.1000000000e+01
8.1000000000e+01 1.0700000000e+02 7.0890000000e+03 6.3460700000e+03 4.5000000000e+01 4.0000000000e+00 7.3900000000e+02 2.7877573261e+01 6.3100000000e+02 2.7398573287e+01 7.0000000000e+00 7.0000000000e+00
8.2000000000e+01 1.0800000000e+02 1.4035000000e+04 1.2703640000e+04 7.8000000000e+01 8.0000000000e+00 1.3550000000e+03 4.6962543793e+01 1.6860000000e+03 5.6245288403e+01 1.8000000000e+01 1.3000000000e+01
8.3000000000e+01 1.0900000000e+02 8.9390000000e+03 7.9406200000e+03 6.2000000000e+01 5.0000000000e+00 1.5200000000e+03 4.9512210781e+01 1.2230000000e+03 4.3476958284e+01 1.1000000000e+01 7.0000000000e+00
8.4000000000e+01 1.1000000000e+02 6.8890000000e+03 6.3414200000e+03 3.5000000000e+01 4.0000000000e+00 3.8800000000e+02 1.3620918169e+01 9.3100000000e+02 3.0809185032e+01 7.0000000000e+00 1.4000000000e+01
8.4000000000e+01 1.1100000000e+02 6.9940000000e+03 6.3596500000e+03 3.5000000000e+01 4.0000000000e+00 3.5100000000e+02 1.4507604497e+01 1.4110000000e+03 3.5344106756e+01 7.0000000000e+00 7.0000000000e+00
8.5000000000e+01 1.1200000000e+02 1.6173000000e+04 1.4321290000e+04 1.0200000000e+02 9.0000000000e+00 9.9700000000e+02 3.1150544709e+01 1.0270000000e+03 3.1704857984e+01 1.9000000000e+01 1.1000000000e+01
8.5000000000e+01 1.1300000000e+02 7.0010000000e+03 6.3667500000e+03 3.6000000000e+01 4.0000000000e+00 1.0100000000e+03 3.0705978943e+00 1.0420000000e+03 2.9944233883e+01 1.1000000000e+01 7.0000000000e+00
8.7000000000e+01 1.1400000000e+02 6.9040000000e+03 6.3576900000e+03 3.5000000000e+01 4.0000000000e+00 6.7600000000e+02 3.2384636881e+01 8.4200000000e+02 3.0749940220e+01 1.1000000000e+01 7.0000000000e+00
8.9000000000e+01 1.1500000000e+02 8.8320000000e+03 7.9599600000e+03 5.4000000000e+01 5.0000000000e+00 1.3070000000e+03 2.1188729649e+01 1.3680000000e+03 3.5316894242e+01 7.0000000000e+00 1.1000000000e+01
9.0000000000e+01 1.1600000000e+02 7.0490000000e+03 6.3509900000e+03 4.6000000000e+01 4.0000000000e+00 8.1500000000e+02 3.4120700787e+01 1.0510000000e+03 3.6875466099e+01 7.0000000000e+00 7.0000000000e+00
9.1000000000e+01 1.1700000000e+02 8.8330000000e+03 7.9520200000e+03 5.2000000000e+01 5.0000000000e+00 1.0040000000e+03 3.4500923545e+01 3.4600000000e+02 2.2818980747e+01 1.1000000000e+01 7.0000000000e+00
9.1000000000e+01 1.1800000000e+02 1.5692000000e+04 1.4299150000e+04 8.5000000000e+01 9.0000000000e+00 1.1320000000e+03 3.5040622684e+01 7.0600000000e+02 1.4113063857e+01 1.5000000000e+01 1.5000000000e+01
9.1000000000e+01 1.1900000000e+02 8.7690000000e+03 7.9292900000e+03 5.0000000000e+01 5.0000000000e+00 1.1350000000e+03 4.6230125349e+01 9.9800000000e+02 2.4073865922e+01 7.0000000000e+00 1.1000000000e+01
9.1000000000e+01 1.2000000000e+02 1.0775000000e+04 9.5242100000e+03 6.0000000000e+01 6.0000000000e+00 6.6500000000e+02 3.5046216460e+01 1.1440000000e+03 4.5425856894e+01 1.1000000000e+01 1.1000000000e+01
9.3000000000e+01 1.2100000000e+02 1.2249000000e+04 1.1109200000e+04 7.0000000000e+01 7.0000000000e+00 1.5850000000e+03 4.3512283790e+01 1.5650000000e+03 2.5378868307e+01 1.1000000000e+01 1.1000000000e+01
9.4000000000e+01 1.2200000000e+02 6.9180000000e+03 6.3440500000e+03 3.5000000000e+01 4.0000000000e+00 6.0600000000e+02 2.9314722260e+01 1.0010000000e+03 3.3587024806e+01 7.0000000000e+00 1.1000000000e+01
9.4000000000e+01 1.2300000000e+02 8.8770000000e+03 7.9314800000e+03 5.2000000000e+01 5.0000000000e+00 1.3020000000e+03 3.9369043278e+01 1.2560000000e+03 4.5527841084e+01 1.5000000000e+01 7.0000000000e+00
9.5000000000e+01 1.2400000000e+02 8.7150000000e+03 7.9472700000e+03 4.7000000000e+01 5.0000000000e+00 5.7400000000e+02 9.1947527569e+00 4.1600000000e+02 2.5356158672e+01 1.1000000000e+01 1.1000000000e+01
9.5000000000e+01 1.2500000000e+02 1.2330000000e+04 1.1129760000e+04 6.5000000000e+01 7.0000000000e+00 2.9700000000e+02 1.2185416489e+01 8.6400000000e+02 3.1325907808e+01 1.1000000000e+01 1.1000000000e+01
9.5000000000e+01 1.2600000000e+02 7.1830000000e+03 6.3666600000e+03 4.2000000000e+01 4.0000000000e+00 7.8200000000e+02 3.0459088915e+01 1.3490000000e+03 1.8397375210e+01 1.1000000000e+01 1.1000000000e+01
9.5000000000e+01 1.2700000000e+02 6.9270000000e+03 6.3507300000e+03 3.7000000000e+01 4.0000000000e+00 7.6300000000e+02 2.7125736037e+01 1.3510000000e+03 1.9487175270e+01 1.4000000000e+01 7.0000000000e+00
9.7000000000e+01 1.2800000000e+02 6.9190000000e+03 6.3648100000e+03 3.2000000000e+01 4.0000000000e+00 6.1800000000e+02 2.8445760498e+01 3.8700000000e+02 2.1299704678e+01 1.1000000000e+01 7.0000000000e+00
9.7000000000e+01 1.2900000000e+02 1.2371000000e+04 1.1087120000e+04 5.8000000000e+01 7.0000000000e+00 5.9700000000e+02 3.9023160015e+00 8.8100000000e+02 6.0769914071e+00 1.5000000000e+01 1.1000000000e+01
9.7000000000e+01 1.3000000000e+02 7.0640000000e+03 6.3370200000e+03 4.0000000000e+01 4.0000000000e+00 5.9500000000e+02 1.1281934731e+01 1.3690000000e+03 4.0296656348e+01 7.0000000000e+00 1.1000000000e+01
9.9000000000e+01 1.3100000000e+02 7.0710000000e+03 6.3708800000e+03 4.4000000000e+01 4.0000000000e+00 1.3070000000e+03 4.0583247775e+01 2.8700000000e+02 1.4785284954e+01 7.0000000000e+00 7.0000000000e+00
9.9000000000e+01 1.3200000000e+02 6.9790000000e+03 6.3573200000e+03 3.9000000000e+01 4.0000000000e+00 1.3430000000e+03 4.2100443803e+01 1.3910000000e+03 3.3207877949e+01 7.0000000000e+00 7.0000000000e+00
