0.0000000000e+00 0.0000000000e+00 9.6231000000e+04 8.6764791667e+04 6.8800000000e+02 5.5000000000e+01
0.0000000000e+00 1.0000000000e+00 8.1520000000e+03 7.8759600000e+03 2.9000000000e+01 5.0000000000e+00
0.0000000000e+00 2.0000000000e+00 8.2510000000e+03 8.1863850000e+03 4.2000000000e+01 5.0000000000e+00
0.0000000000e+00 3.0000000000e+00 7.6599000000e+04 6.9387535000e+04 5.2700000000e+02 4.4000000000e+01
0.0000000000e+00 4.0000000000e+00 7.6152000000e+04 6.7862368333e+04 5.6800000000e+02 4.3000000000e+01
1.0000000000e+00 5.0000000000e+00 8.1240000000e+03 7.8972783333e+03 3.8000000000e+01 5.0000000000e+00
1.0000000000e+00 6.0000000000e+00 1.0040000000e+05 9.1366993333e+04 6.7100000000e+02 5.8000000000e+01
1.0000000000e+00 7.0000000000e+00 2.1261000000e+04 2.0508583333e+04 9.0000000000e+01 1.3000000000e+01
1.0000000000e+00 8.0000000000e+00 1.1699600000e+05 1.1040787167e+05 6.8700000000e+02 7.0000000000e+01
1.0000000000e+00 9.0000000000e+00 8.7640000000e+04 7.8892385000e+04 5.8600000000e+02 5.0000000000e+01
1.0000000000e+00 1.0000000000e+01 3.4908000000e+04 3.3095773333e+04 2.0200000000e+02 2.1000000000e+01
1.0000000000e+00 1.1000000000e+01 1.4824000000e+04 1.4172363333e+04 7.3000000000e+01 9.0000000000e+00
1.0000000000e+00 1.2000000000e+01 8.6889000000e+04 7.7235703333e+04 5.9200000000e+02 4.9000000000e+01
1.0000000000e+00 1.3000000000e+01 8.5246000000e+04 7.4134676667e+04 6.3000000000e+02 4.7000000000e+01
1.0000000000e+00 1.4000000000e+01 8.2820000000e+03 7.9001650000e+03 5.1000000000e+01 5.0000000000e+00
1.0000000000e+00 1.5000000000e+01 1.8919100000e+05 1.7038952500e+05 1.3520000000e+03 1.0800000000e+02
1.0000000000e+00 1.6000000000e+01 1.2214000000e+05 1.0736665500e+05 8.6700000000e+02 6.8000000000e+01
1.0000000000e+00 1.7000000000e+01 1.4050600000e+05 1.3263224167e+05 8.3400000000e+02 8.4000000000e+01
1.0000000000e+00 1.8000000000e+01 1.0563500000e+05 9.4631651667e+04 7.3900000000e+02 6.0000000000e+01
1.0000000000e+00 1.9000000000e+01 1.1234300000e+05 1.0589405500e+05 7.0700000000e+02 6.7000000000e+01
1.0000000000e+00 2.0000000000e+01 8.5291000000e+04 7.7479635000e+04 5.9200000000e+02 4.9000000000e+01
1.0000000000e+00 2.1000000000e+01 8.3542000000e+04 7.5758026667e+04 5.8600000000e+02 4.8000000000e+01
1.0000000000e+00 2.2000000000e+01 6.1644000000e+04 5.6965285000e+04 4.3900000000e+02 3.6000000000e+01
1.0000000000e+00 2.3000000000e+01 8.4135000000e+04 7.6181830000e+04 6.0400000000e+02 4.8000000000e+01
1.0000000000e+00 2.4000000000e+01 8.9908000000e+04 8.2099593333e+04 6.2900000000e+02 5.2000000000e+01
