0.0000000000e+00 0.0000000000e+00 6.7330000000e+03 6.3318900000e+03 3.2000000000e+01 4.0000000000e+00 1.1930000000e+03 4.7324889448e+01 3.1800000000e+02 9.2212937305e+00 1.0000000000e+01 7.0000000000e+00
0.0000000000e+00 1.0000000000e+00 6.7790000000e+03 6.3400900000e+03 3.7000000000e+01 4.0000000000e+00 1.0670000000e+03 4.6248123085e+01 3.9100000000e+02 2.0440292453e+01 7.0000000000e+00 7.0000000000e+00
0.0000000000e+00 2.0000000000e+00 6.7760000000e+03 6.3632100000e+03 3.4000000000e+01 4.0000000000e+00 4.7200000000e+02 5.8491128568e+00 5.9900000000e+02 1.7176446170e+01 7.0000000000e+00 7.0000000000e+00
0.0000000000e+00 3.0000000000e+00 8.4940000000e+03 7.9265100000e+03 4.4000000000e+01 5.0000000000e+00 1.6540000000e+03 3.7498527103e+01 7.5800000000e+02 2.5961062077e+01 1.5000000000e+01 7.0000000000e+00
0.0000000000e+00 4.0000000000e+00 6.8080000000e+03 6.3364500000e+03 3.9000000000e+01 4.0000000000e+00 4.0300000000e+02 2.2197083734e+01 8.8700000000e+02 1.8188342131e+01 7.0000000000e+00 7.0000000000e+00
0.0000000000e+00 5.0000000000e+00 8.6740000000e+03 7.9072800000e+03 6.2000000000e+01 5.0000000000e+00 6.3400000000e+02 2.3907266198e+01 9.3100000000e+02 3.0342309367e+01 1.1000000000e+01 7.0000000000e+00
0.0000000000e+00 6.0000000000e+00 1.0139000000e+04 9.4913600000e+03 5.6000000000e+01 6.0000000000e+00 5.5700000000e+02 3.1029897606e+01 9.5500000000e+02 2.9547804102e+01 1.1000000000e+01 7.0000000000e+00
0.0000000000e+00 7.0000000000e+00 8.5070000000e+03 7.9130400000e+03 4.8000000000e+01 5.0000000000e+00 1.4310000000e+03 3.6671050673e+01 1.1960000000e+03 3.7856391574e+01 7.0000000000e+00 1.1000000000e+01
1.0000000000e+00 8.0000000000e+00 6.8200000000e+03 6.3336900000e+03 4.0000000000e+01 4.0000000000e+00 9.0500000000e+02 3.3471763837e+01 3.7400000000e+02 1.0879291078e+01 1.0000000000e+01 7.0000000000e+00
1.0000000000e+00 9.0000000000e+00 6.7570000000e+03 6.3353100000e+03 3.8000000000e+01 4.0000000000e+00 3.9900000000e+02 1.5567637950e+01 4.2700000000e+02 2.5975560239e+01 7.0000000000e+00 7.0000000000e+00
1.0000000000e+00 1.0000000000e+01 6.8640000000e+03 6.3261600000e+03 4.8000000000e+01 4.0000000000e+00 1.1500000000e+03 2.1069792837e+01 4.9300000000e+02 2.5691707413e+01 7.0000000000e+00 1.1000000000e+01
1.0000000000e+00 1.1000000000e+01 6.8760000000e+03 6.3288100000e+03 4.4000000000e+01 4.0000000000e+00 1.4110000000e+03 5.1287153294e+01 5.5100000000e+02 2.7829213361e+01 7.0000000000e+00 7.0000000000e+00
1.0000000000e+00 1.2000000000e+01 1.0358000000e+04 9.5184100000e+03 5.9000000000e+01 6.0000000000e+00 1.7160000000e+03 3.5433035433e+01 6.7200000000e+02 3.4885032854e+01 1.4000000000e+01 1.1000000000e+01
1.0000000000e+00 1.3000000000e+01 6.8140000000e+03 6.3489900000e+03 3.5000000000e+01 4.0000000000e+00 3.9100000000e+02 2.4556058316e+01 6.9800000000e+02 3.6323708025e+01 7.0000000000e+00 7.0000000000e+00
1.0000000000e+00 1.4000000000e+01 1.0334000000e+04 9.5067300000e+03 6.5000000000e+01 6.0000000000e+00 1.0670000000e+03 2.8965226997e+01 7.2100000000e+02 3.8117007359e+01 7.0000000000e+00 1.1000000000e+01
1.0000000000e+00 1.5000000000e+01 6.6590000000e+03 6.3296700000e+03 3.1000000000e+01 4.0000000000e+00 1.0920000000e+03 3.8208201563e+01 7.3400000000e+02 2.7291634860e+01 6.0000000000e+00 1.0000000000e+01
1.0000000000e+00 1.6000000000e+01 1.2058000000e+04 1.1097950000e+04 7.3000000000e+01 7.0000000000e+00 6.2400000000e+02 1.8968541208e+01 8.5400000000e+02 2.4047406883e+01 1.4000000000e+01 1.1000000000e+01
1.0000000000e+00 1.7000000000e+01 1.0319000000e+04 9.5101000000e+03 6.1000000000e+01 6.0000000000e+00 8.8900000000e+02 3.0964495798e+01 9.3900000000e+02 2.1771158291e+01 1.1000000000e+01 7.0000000000e+00
1.0000000000e+00 1.8000000000e+01 8.5880000000e+03 7.9401200000e+03 5.0000000000e+01 5.0000000000e+00 5.2600000000e+02 2.6382585475e+01 1.0270000000e+03 4.2516023390e+01 1.1000000000e+01 7.0000000000e+00
1.0000000000e+00 1.9000000000e+01 6.9060000000e+03 6.3462500000e+03 4.5000000000e+01 4.0000000000e+00 1.0030000000e+03 2.7090756558e+01 1.0430000000e+03 3.9011070690e+01 7.0000000000e+00 7.0000000000e+00
1.0000000000e+00 2.0000000000e+01 6.9210000000e+03 6.3490900000e+03 4.4000000000e+01 4.0000000000e+00 9.4400000000e+02 1.3437192398e+01 1.1320000000e+03 4.5969150424e+01 7.0000000000e+00 1.0000000000e+01
1.0000000000e+00 2.1000000000e+01 6.9150000000e+03 6.3365100000e+03 4.7000000000e+01 4.0000000000e+00 1.3020000000e+03 4.7643148146e+01 1.1950000000e+03 4.0838494202e+01 7.0000000000e+00 7.0000000000e+00
1.0000000000e+00 2.2000000000e+01 8.4500000000e+03 7.9071300000e+03 4.7000000000e+01 5.0000000000e+00 1.4960000000e+03 5.4187476493e+01 1.2040000000e+03 2.9010492854e+01 1.0000000000e+01 7.0000000000e+00
1.0000000000e+00 2.3000000000e+01 6.8490000000e+03 6.3307200000e+03 4.1000000000e+01 4.0000000000e+00 4.3900000000e+02 2.7814115122e+01 1.3030000000e+03 3.9606186385e+01 7.0000000000e+00 7.0000000000e+00
1.0000000000e+00 2.4000000000e+01 1.1857000000e+04 1.1081820000e+04 6.0000000000e+01 7.0000000000e+00 3.8800000000e+02 1.0263478117e+01 1.3260000000e+03 9.8221472332e+00 1.5000000000e+01 1.1000000000e+01
1.0000000000e+00 2.5000000000e+01 6.8460000000e+03 6.3373000000e+03 4.4000000000e+01 4.0000000000e+00 1.2150000000e+03 2.7203368464e+01 1.3870000000e+03 4.8248870333e+01 7.0000000000e+00 7.0000000000e+00
1.0000000000e+00 2.6000000000e+01 6.8630000000e+03 6.3488700000e+03 4.3000000000e+01 4.0000000000e+00 1.0420000000e+03 2.7364819264e+01 1.4500000000e+03 2.3662306775e+01 7.0000000000e+00 1.0000000000e+01
1.0000000000e+00 2.7000000000e+01 1.0365000000e+04 9.5478300000e+03 5.7000000000e+01 6.0000000000e+00 1.3150000000e+03 5.1338512417e+01 1.4610000000e+03 5.1176166328e+01 7.0000000000e+00 1.0000000000e+01
1.0000000000e+00 2.8000000000e+01 6.8270000000e+03 6.3389100000e+03 4.0000000000e+01 4.0000000000e+00 1.1830000000e+03 4.3431939092e+01 1.4950000000e+03 4.0180043522e+01 7.0000000000e+00 7.0000000000e+00
1.0000000000e+00 2.9000000000e+01 1.0197000000e+04 9.5120100000e+03 5.3000000000e+01 6.0000000000e+00 5.9500000000e+02 2.0397020899e+01 1.6550000000e+03 2.7929857198e+01 7.0000000000e+00 1.5000000000e+01
1.0000000000e+00 3.0000000000e+01 2.0433000000e+04 1.9052310000e+04 1.1700000000e+02 1.2000000000e+01 6.2100000000e+02 3.4605535734e+01 1.6720000000e+03 1.7215169734e+01 3.4000000000e+01 1.3000000000e+01
2.0000000000e+00 3.1000000000e+01 6.7600000000e+03 6.3361000000e+03 2.9000000000e+01 4.0000000000e+00 3.7700000000e+02 2.3912787972e+01 5.1100000000e+02 2.1896672937e+01 1.0000000000e+01 7.0000000000e+00
2.0000000000e+00 3.2000000000e+01 8.5670000000e+03 7.9133100000e+03 5.2000000000e+01 5.0000000000e+00 9.9600000000e+02 1.4160840786e+01 6.9000000000e+02 9.5249929237e+00 7.0000000000e+00 1.1000000000e+01
2.0000000000e+00 3.3000000000e+01 1.0241000000e+04 9.5100900000e+03 6.1000000000e+01 6.0000000000e+00 5.2100000000e+02 2.3785149428e+01 8.0700000000e+02 2.5506208395e+01 1.1000000000e+01 7.0000000000e+00
2.0000000000e+00 3.4000000000e+01 6.9460000000e+03 6.3428700000e+03 4.2000000000e+01 4.0000000000e+00 9.0700000000e+02 2.4985849654e+01 9.1600000000e+02 2.6807352468e+01 7.0000000000e+00 7.0000000000e+00
2.0000000000e+00 3.5000000000e+01 8.6320000000e+03 7.9201800000e+03 5.5000000000e+01 5.0000000000e+00 1.4070000000e+03 5.0587108591e+01 9.4400000000e+02 3.4091652068e+01 7.0000000000e+00 1.0000000000e+01
2.0000000000e+00 3.6000000000e+01 2.0426000000e+04 1.9012360000e+04 1.1000000000e+02 1.2000000000e+01 1.0350000000e+03 2.5797019954e+01 1.1060000000e+03 2.9078034839e+01 1.5000000000e+01 1.5000000000e+01
2.0000000000e+00 3.7000000000e+01 8.4920000000e+03 7.9263900000e+03 4.8000000000e+01 5.0000000000e+00 1.3930000000e+03 3.6996549580e+01 1.4410000000e+03 1.7689400601e+01 1.1000000000e+01 1.1000000000e+01
2.0000000000e+00 3.8000000000e+01 6.8170000000e+03 6.3460100000e+03 3.5000000000e+01 4.0000000000e+00 4.5700000000e+02 1.3076696831e+01 1.4500000000e+03 2.9274562337e+01 1.1000000000e+01 7.0000000000e+00
2.0000000000e+00 3.9000000000e+01 6.8280000000e+03 6.3450400000e+03 3.7000000000e+01 4.0000000000e+00 8.0900000000e+02 2.4298491037e+01 1.4620000000e+03 4.6000603861e+01 1.1000000000e+01 7.0000000000e+00
2.0000000000e+00 4.0000000000e+01 6.7550000000e+03 6.3291900000e+03 4.0000000000e+01 4.0000000000e+00 1.4980000000e+03 4.9784664511e+01 1.5730000000e+03 3.3625387234e+01 1.5000000000e+01 3.0000000000e+00
2.0000000000e+00 4.1000000000e+01 8.4630000000e+03 7.9288300000e+03 4.3000000000e+01 5.0000000000e+00 1.4630000000e+03 4.8841824388e+01 1.5900000000e+03 3.8054159400e+01 1.4000000000e+01 1.1000000000e+01
2.0000000000e+00 4.2000000000e+01 1.0018000000e+04 9.4912700000e+03 4.6000000000e+01 6.0000000000e+00 1.4480000000e+03 5.2110139768e+01 1.6070000000e+03 4.5575090662e+01 1.1000000000e+01 7.0000000000e+00
2.0000000000e+00 4.3000000000e+01 6.7260000000e+03 6.3312400000e+03 3.6000000000e+01 4.0000000000e+00 1.4670000000e+03 2.2864820139e+01 1.6060000000e+03 4.8888210674e+01 1.5000000000e+01 7.0000000000e+00
3.0000000000e+00 4.4000000000e+01 1.1937000000e+04 1.1106510000e+04 6.6000000000e+01 7.0000000000e+00 1.0510000000e+03 3.7073731111e+01 2.5800000000e+02 8.9054866407e+00 1.5000000000e+01 1.1000000000e+01
3.0000000000e+00 4.5000000000e+01 2.7265000000e+04 2.5377030000e+04 1.4000000000e+02 1.6000000000e+01 1.1060000000e+03 2.2310916127e+01 5.0300000000e+02 2.6558338121e+01 3.4000000000e+01 2.7000000000e+01
3.0000000000e+00 4.6000000000e+01 6.8010000000e+03 6.3241400000e+03 3.4000000000e+01 4.0000000000e+00 7.8300000000e+02 3.2394350424e+01 5.1000000000e+02 3.1065424608e+01 7.0000000000e+00 7.0000000000e+00
3.0000000000e+00 4.7000000000e+01 2.8156000000e+04 2.5371150000e+04 1.9500000000e+02 1.6000000000e+01 1.1580000000e+03 1.9567093142e+01 5.2500000000e+02 2.1492146732e+01 2.3000000000e+01 1.5000000000e+01
3.0000000000e+00 4.8000000000e+01 6.9010000000e+03 6.3441200000e+03 4.5000000000e+01 4.0000000000e+00 8.4700000000e+02 2.6420549853e+01 6.2700000000e+02 2.9335829784e+01 7.0000000000e+00 7.0000000000e+00
3.0000000000e+00 4.9000000000e+01 2.2857000000e+04 2.0612990000e+04 1.4400000000e+02 1.3000000000e+01 1.3420000000e+03 3.7126225816e+01 9.4500000000e+02 3.9037009515e+01 1.1000000000e+01 2.3000000000e+01
3.0000000000e+00 5.0000000000e+01 1.0320000000e+04 9.5258400000e+03 6.5000000000e+01 6.0000000000e+00 5.7900000000e+02 2.7987441380e+01 1.0290000000e+03 4.0222039978e+01 7.0000000000e+00 1.1000000000e+01
3.0000000000e+00 5.1000000000e+01 8.5860000000e+03 7.9140500000e+03 5.2000000000e+01 5.0000000000e+00 5.3400000000e+02 2.4798402858e+01 1.0300000000e+03 4.2215599756e+01 1.0000000000e+01 7.0000000000e+00
3.0000000000e+00 5.2000000000e+01 8.4920000000e+03 7.9217900000e+03 4.8000000000e+01 5.0000000000e+00 4.5800000000e+02 1.8407329715e+01 1.1030000000e+03 4.4451264252e+01 1.1000000000e+01 7.0000000000e+00
3.0000000000e+00 5.3000000000e+01 1.1991000000e+04 1.1100440000e+04 7.0000000000e+01 7.0000000000e+00 1.1460000000e+03 4.5467299923e+01 1.1490000000e+03 2.9004997071e+01 1.1000000000e+01 1.1000000000e+01
3.0000000000e+00 5.4000000000e+01 1.3617000000e+04 1.2679920000e+04 7.9000000000e+01 8.0000000000e+00 6.6700000000e+02 2.5066066550e+01 1.2010000000e+03 3.3880824317e+01 1.5000000000e+01 1.1000000000e+01
3.0000000000e+00 5.5000000000e+01 8.6390000000e+03 7.9201000000e+03 5.5000000000e+01 5.0000000000e+00 7.1400000000e+02 1.6549588783e+01 1.2290000000e+03 4.3268541305e+01 1.1000000000e+01 1.1000000000e+01
3.0000000000e+00 5.6000000000e+01 6.8980000000e+03 6.3331000000e+03 4.5000000000e+01 4.0000000000e+00 1.5390000000e+03 4.0169244228e+01 1.2550000000e+03 3.1236269711e+01 7.0000000000e+00 7.0000000000e+00
3.0000000000e+00 5.7000000000e+01 6.8320000000e+03 6.3437300000e+03 4.3000000000e+01 4.0000000000e+00 1.4590000000e+03 4.2566474624e+01 1.3350000000e+03 3.8301746821e+01 7.0000000000e+00 7.0000000000e+00
3.0000000000e+00 5.8000000000e+01 6.8040000000e+03 6.3527200000e+03 3.7000000000e+01 4.0000000000e+00 4.1100000000e+02 9.8007936187e+00 1.3510000000e+03 3.7824521735e+01 7.0000000000e+00 7.0000000000e+00
3.0000000000e+00 5.9000000000e+01 8.4580000000e+03 7.9441900000e+03 4.7000000000e+01 5.0000000000e+00 7.3500000000e+02 8.2435745729e+00 1.6160000000e+03 4.3673940096e+01 7.0000000000e+00 1.1000000000e+01
