0.0000000000e+00 0.0000000000e+00 6.1376000000e+04 5.0627980000e+04 3.5400000000e+02 2.0000000000e+00 7.6700000000e+02 3.4777479607e+01 6.4700000000e+02 3.1200076269e+01 3.1000000000e+01 1.5000000000e+01 7.5200000000e+02 6.4000000000e+02 7.6800000000e+02 6.4000000000e+02
0.0000000000e+00 1.0000000000e+00 6.3341000000e+04 5.0572840000e+04 3.5700000000e+02 2.0000000000e+00 4.2300000000e+02 2.1469275146e+01 1.2470000000e+03 8.6651179832e+00 1.5000000000e+01 3.1000000000e+01 4.1600000000e+02 1.2320000000e+03 4.1600000000e+02 1.2480000000e+03
1.0000000000e+00 2.0000000000e+00 6.0663000000e+04 5.0653550000e+04 3.6400000000e+02 2.0000000000e+00 8.4700000000e+02 3.4090666666e+01 3.5100000000e+02 1.9599783549e+01 3.1000000000e+01 3.1000000000e+01 8.3200000000e+02 3.3600000000e+02 8.4800000000e+02 3.5200000000e+02
1.0000000000e+00 3.0000000000e+00 6.1741000000e+04 5.0615400000e+04 3.7800000000e+02 2.0000000000e+00 8.5500000000e+02 2.4977921285e+01 6.0700000000e+02 3.2550837611e+01 1.5000000000e+01 3.1000000000e+01 8.4800000000e+02 5.9200000000e+02 8.4800000000e+02 6.0800000000e+02
1.0000000000e+00 4.0000000000e+00 2.1833000000e+05 1.7711341000e+05 1.2630000000e+03 7.0000000000e+00 2.3900000000e+02 2.6244597965e+01 9.4900000000e+02 4.1840217536e+01 9.5000000000e+01 7.9000000000e+01 1.9200000000e+02 9.1200000000e+02 2.7200000000e+02 9.7600000000e+02
1.0000000000e+00 5.0000000000e+00 8.9461400000e+05 7.0909682000e+05 5.3770000000e+03 2.8000000000e+01 4.7200000000e+02 8.9135289804e+01 1.1160000000e+03 7.0287658310e+01 3.1900000000e+02 2.2300000000e+02 3.0400000000e+02 9.9200000000e+02 6.0800000000e+02 1.2000000000e+03
1.0000000000e+00 6.0000000000e+00 6.1080000000e+04 5.0629760000e+04 3.8000000000e+02 2.0000000000e+00 8.7100000000e+02 3.6150812805e+01 1.1360000000e+03 2.0387085260e+01 1.5000000000e+01 3.1000000000e+01 8.6400000000e+02 1.1200000000e+03 8.6400000000e+02 1.1360000000e+03
1.0000000000e+00 7.0000000000e+00 6.0409000000e+04 5.0581590000e+04 3.5700000000e+02 2.0000000000e+00 7.5900000000e+02 1.0253253800e+01 1.3910000000e+03 2.0403995533e+01 1.5000000000e+01 3.1000000000e+01 7.5200000000e+02 1.3760000000e+03 7.5200000000e+02 1.3920000000e+03
2.0000000000e+00 8.0000000000e+00 3.1262300000e+05 2.2774755000e+05 1.9440000000e+03 9.0000000000e+00 1.1820000000e+03 3.3908614433e+01 3.0700000000e+02 2.1543526181e+01 3.1000000000e+01 7.9000000000e+01 1.1680000000e+03 2.7200000000e+02 1.1680000000e+03 3.3600000000e+02
2.0000000000e+00 9.0000000000e+00 6.6533000000e+04 5.0655040000e+04 3.8700000000e+02 2.0000000000e+00 1.0150000000e+03 2.6141801437e+01 7.1900000000e+02 9.1546867863e+00 1.5000000000e+01 3.1000000000e+01 1.0080000000e+03 7.0400000000e+02 1.0080000000e+03 7.2000000000e+02
2.0000000000e+00 1.0000000000e+01 9.3327000000e+04 7.5876280000e+04 5.4600000000e+02 3.0000000000e+00 9.1400000000e+02 3.0875393249e+01 7.8000000000e+02 3.0298242296e+01 3.1000000000e+01 3.1000000000e+01 8.9600000000e+02 7.6800000000e+02 9.1200000000e+02 7.8400000000e+02
2.0000000000e+00 1.1000000000e+01 3.0988600000e+05 2.2792932000e+05 1.8660000000e+03 9.0000000000e+00 9.9100000000e+02 2.9774595573e+01 9.7800000000e+02 2.1512201164e+01 6.3000000000e+01 6.3000000000e+01 1.0080000000e+03 9.4400000000e+02 9.7600000000e+02 9.9200000000e+02
2.0000000000e+00 1.2000000000e+01 2.7148000000e+06 2.1012597200e+06 1.7291000000e+04 8.3000000000e+01 8.1100000000e+02 3.2463214845e+02 1.2360000000e+03 3.2292388895e+01 1.1030000000e+03 4.7000000000e+01 1.2480000000e+03 1.2000000000e+03 1.2320000000e+03 1.2320000000e+03
3.0000000000e+00 1.3000000000e+01 6.0305000000e+04 5.0655770000e+04 3.6000000000e+02 2.0000000000e+00 1.5190000000e+03 4.3317574450e+01 3.9000000000e+02 2.6462039874e+01 3.1000000000e+01 1.5000000000e+01 1.5040000000e+03 3.8400000000e+02 1.5200000000e+03 3.8400000000e+02
3.0000000000e+00 1.4000000000e+01 5.0351400000e+05 4.0494445000e+05 2.8950000000e+03 1.6000000000e+01 2.2900000000e+02 5.3110227529e+01 9.1400000000e+02 2.3077114498e+01 1.7500000000e+02 9.5000000000e+01 2.7200000000e+02 8.8000000000e+02 1.4400000000e+02 9.6000000000e+02
3.0000000000e+00 1.5000000000e+01 2.7478500000e+05 2.0246662000e+05 1.7400000000e+03 8.0000000000e+00 8.4600000000e+02 3.0160429769e+01 1.5270000000e+03 4.5717580670e+01 6.3000000000e+01 4.7000000000e+01 8.4800000000e+02 1.5040000000e+03 8.3200000000e+02 1.5360000000e+03
4.0000000000e+00 1.6000000000e+01 6.1187400000e+05 4.8100027000e+05 3.6640000000e+03 1.9000000000e+01 1.0980000000e+03 7.7355660238e+01 4.2800000000e+02 2.2139914457e+01 2.3900000000e+02 7.9000000000e+01 1.1840000000e+03 3.8400000000e+02 1.0240000000e+03 4.4800000000e+02
4.0000000000e+00 1.7000000000e+01 1.4414590000e+06 1.1642661600e+06 8.4800000000e+03 4.6000000000e+01 6.6300000000e+02 1.7620522055e+02 5.5800000000e+02 5.5297472573e+01 6.2300000000e+02 1.9100000000e+02 9.1200000000e+02 4.6400000000e+02 3.6800000000e+02 6.4000000000e+02
4.0000000000e+00 1.8000000000e+01 6.4536000000e+04 5.0607100000e+04 4.0400000000e+02 2.0000000000e+00 1.2870000000e+03 2.9720492801e+01 5.5900000000e+02 3.2459977265e+01 1.5000000000e+01 3.1000000000e+01 1.2800000000e+03 5.4400000000e+02 1.2800000000e+03 5.6000000000e+02
4.0000000000e+00 1.9000000000e+01 6.2503000000e+04 5.0614620000e+04 3.4000000000e+02 2.0000000000e+00 4.7100000000e+02 2.4677626522e+01 6.5400000000e+02 3.0372175203e+01 1.5000000000e+01 3.1000000000e+01 4.6400000000e+02 6.4000000000e+02 4.6400000000e+02 6.5600000000e+02
4.0000000000e+00 2.0000000000e+01 2.1753100000e+05 1.7712528000e+05 1.2910000000e+03 7.0000000000e+00 2.7300000000e+02 3.0877339223e+01 6.7200000000e+02 2.9127692676e+01 9.5000000000e+01 3.1000000000e+01 2.7200000000e+02 6.5600000000e+02 2.7200000000e+02 6.7200000000e+02
4.0000000000e+00 2.1000000000e+01 6.1145000000e+04 5.0610960000e+04 3.2600000000e+02 2.0000000000e+00 9.1900000000e+02 4.0350388426e+01 8.4700000000e+02 8.9837460064e+00 1.5000000000e+01 3.1000000000e+01 9.1200000000e+02 8.3200000000e+02 9.1200000000e+02 8.4800000000e+02
4.0000000000e+00 2.2000000000e+01 6.0938000000e+04 5.0628390000e+04 3.5600000000e+02 2.0000000000e+00 7.5100000000e+02 2.8333576359e+01 1.2070000000e+03 1.1089266476e+01 3.1000000000e+01 1.5000000000e+01 7.3600000000e+02 1.2000000000e+03 7.5200000000e+02 1.2000000000e+03
4.0000000000e+00 2.3000000000e+01 6.0938000000e+04 5.0629940000e+04 3.7500000000e+02 2.0000000000e+00 7.9900000000e+02 2.4382480341e+01 1.6870000000e+03 3.6459229299e+01 3.1000000000e+01 1.5000000000e+01 7.8400000000e+02 1.6800000000e+03 8.0000000000e+02 1.6800000000e+03
5.0000000000e+00 2.4000000000e+01 6.1316000000e+04 5.0652490000e+04 3.4900000000e+02 2.0000000000e+00 1.2460000000e+03 4.1475515558e+01 5.5100000000e+02 1.2535123069e+01 3.1000000000e+01 1.5000000000e+01 1.2320000000e+03 5.4400000000e+02 1.2480000000e+03 5.4400000000e+02
5.0000000000e+00 2.5000000000e+01 9.1752000000e+04 7.5962120000e+04 5.1300000000e+02 3.0000000000e+00 1.0840000000e+03 2.4697308178e+01 1.1380000000e+03 3.8772725191e+01 3.1000000000e+01 3.1000000000e+01 1.0720000000e+03 1.1200000000e+03 1.0880000000e+03 1.1360000000e+03
5.0000000000e+00 2.6000000000e+01 6.1653000000e+04 5.0637910000e+04 3.7600000000e+02 2.0000000000e+00 1.3420000000e+03 5.0808162074e+01 1.1430000000e+03 3.3537044195e+01 3.1000000000e+01 1.5000000000e+01 1.3280000000e+03 1.1360000000e+03 1.3440000000e+03 1.1360000000e+03
5.0000000000e+00 2.7000000000e+01 1.5355300000e+05 1.2665454000e+05 9.5300000000e+02 5.0000000000e+00 8.8000000000e+02 3.5042381303e+01 1.2870000000e+03 2.4435410488e+01 4.7000000000e+01 4.7000000000e+01 8.6400000000e+02 1.2640000000e+03 8.6400000000e+02 1.2960000000e+03
5.0000000000e+00 2.8000000000e+01 6.1942000000e+04 5.0653550000e+04 3.6700000000e+02 2.0000000000e+00 1.0390000000e+03 4.1847367728e+01 1.3190000000e+03 3.2647354055e+01 3.1000000000e+01 1.5000000000e+01 1.0240000000e+03 1.3120000000e+03 1.0400000000e+03 1.3120000000e+03
5.0000000000e+00 2.9000000000e+01 1.6601100000e+05 1.2658492000e+05 1.0040000000e+03 5.0000000000e+00 6.0800000000e+02 2.9573690849e+01 1.5310000000e+03 2.2613952054e+01 3.1000000000e+01 4.7000000000e+01 6.0800000000e+02 1.5040000000e+03 6.0800000000e+02 1.5360000000e+03
6.0000000000e+00 3.0000000000e+01 1.2918500000e+05 1.0119157000e+05 7.9100000000e+02 4.0000000000e+00 3.0300000000e+02 2.0481637346e+01 5.9100000000e+02 1.1184471604e+01 3.1000000000e+01 3.1000000000e+01 2.8800000000e+02 5.7600000000e+02 3.0400000000e+02 5.9200000000e+02
6.0000000000e+00 3.1000000000e+01 9.3099000000e+04 7.5901890000e+04 5.3800000000e+02 3.0000000000e+00 3.8100000000e+02 1.0396425399e+01 5.8900000000e+02 1.1782084054e+01 3.1000000000e+01 3.1000000000e+01 3.6800000000e+02 5.7600000000e+02 3.6800000000e+02 5.9200000000e+02
6.0000000000e+00 3.2000000000e+01 6.2316000000e+04 5.0649460000e+04 3.7300000000e+02 2.0000000000e+00 8.4700000000e+02 2.8975981897e+01 7.1100000000e+02 2.3318447633e+01 3.1000000000e+01 1.5000000000e+01 8.3200000000e+02 7.0400000000e+02 8.4800000000e+02 7.0400000000e+02
6.0000000000e+00 3.3000000000e+01 6.1698000000e+04 5.0596920000e+04 3.4300000000e+02 2.0000000000e+00 1.6000000000e+02 1.3387281212e+01 8.8800000000e+02 1.1310218947e+01 3.1000000000e+01 1.5000000000e+01 1.4400000000e+02 8.8000000000e+02 1.6000000000e+02 8.8000000000e+02
6.0000000000e+00 3.4000000000e+01 1.2543300000e+05 1.0112924000e+05 6.8400000000e+02 4.0000000000e+00 8.9400000000e+02 3.5695884823e+01 1.0070000000e+03 3.6891197711e+01 3.1000000000e+01 3.1000000000e+01 8.8000000000e+02 9.9200000000e+02 8.9600000000e+02 1.0080000000e+03
6.0000000000e+00 3.5000000000e+01 6.1039000000e+04 5.0638870000e+04 3.3000000000e+02 2.0000000000e+00 1.0870000000e+03 2.7955294315e+01 1.1420000000e+03 4.6701893637e+01 3.1000000000e+01 1.5000000000e+01 1.0720000000e+03 1.1360000000e+03 1.0880000000e+03 1.1360000000e+03
6.0000000000e+00 3.6000000000e+01 1.8396100000e+05 1.5188737000e+05 1.1240000000e+03 6.0000000000e+00 3.5100000000e+02 3.2027759553e+01 1.1750000000e+03 3.8645476328e+01 9.5000000000e+01 1.5000000000e+01 3.0400000000e+02 1.1680000000e+03 3.8400000000e+02 1.1680000000e+03
6.0000000000e+00 3.7000000000e+01 9.3126000000e+04 7.5965540000e+04 5.6700000000e+02 3.0000000000e+00 4.5500000000e+02 1.5616540113e+01 1.1910000000e+03 2.0880063022e+01 4.7000000000e+01 1.5000000000e+01 4.3200000000e+02 1.1840000000e+03 4.6400000000e+02 1.1840000000e+03
