2.0000000000e+00 0.0000000000e+00 6.8530000000e+03 6.3466700000e+03 3.5000000000e+01 4.0000000000e+00 1.0630000000e+03 4.1373122847e+01 1.4540000000e+03 2.2889761390e+01 1.5000000000e+01 1.1000000000e+01
3.0000000000e+00 1.0000000000e+00 6.7830000000e+03 6.3141500000e+03 3.2000000000e+01 4.0000000000e+00 3.4000000000e+02 2.5379061728e+01 5.0600000000e+02 2.2431976025e+01 1.0000000000e+01 1.1000000000e+01
3.0000000000e+00 2.0000000000e+00 1.9564000000e+04 1.7429520000e+04 1.2100000000e+02 1.1000000000e+01 8.4500000000e+02 1.5543755445e+01 6.8300000000e+02 3.6549737801e+01 1.9000000000e+01 1.5000000000e+01
3.0000000000e+00 3.0000000000e+00 6.9130000000e+03 6.3366000000e+03 4.0000000000e+01 4.0000000000e+00 1.7290000000e+03 1.9055923098e+01 1.1350000000e+03 4.4560532152e+01 1.1000000000e+01 7.0000000000e+00
5.0000000000e+00 4.0000000000e+00 8.6090000000e+03 7.9274500000e+03 4.5000000000e+01 5.0000000000e+00 1.1440000000e+03 3.4725874555e+01 1.6110000000e+03 5.6161496030e+01 1.1000000000e+01 7.0000000000e+00
1.1000000000e+01 5.0000000000e+00 6.8300000000e+03 6.3405100000e+03 3.2000000000e+01 4.0000000000e+00 2.4100000000e+02 2.0692058629e+01 1.4460000000e+03 3.7471279324e+01 1.0000000000e+01 7.0000000000e+00
1.3000000000e+01 6.0000000000e+00 7.0660000000e+03 6.3389700000e+03 4.1000000000e+01 4.0000000000e+00 5.8300000000e+02 3.1099437294e+01 6.5100000000e+02 1.9879637824e+01 7.0000000000e+00 7.0000000000e+00
1.4000000000e+01 7.0000000000e+00 1.2229000000e+04 1.1092900000e+04 7.0000000000e+01 7.0000000000e+00 1.2210000000e+03 4.2170461535e+01 1.4530000000e+03 3.2605014285e+01 1.1000000000e+01 1.1000000000e+01
1.4000000000e+01 8.0000000000e+00 1.4354000000e+04 1.2690760000e+04 8.6000000000e+01 8.0000000000e+00 8.5700000000e+02 1.7737630321e+01 1.5630000000e+03 4.0425385152e+01 1.1000000000e+01 1.5000000000e+01
1.5000000000e+01 9.0000000000e+00 6.8260000000e+03 6.3298000000e+03 3.1000000000e+01 4.0000000000e+00 1.5760000000e+03 5.1289050163e+01 1.1960000000e+03 4.1044285026e+01 7.0000000000e+00 1.1000000000e+01
1.6000000000e+01 1.0000000000e+01 8.8180000000e+03 7.9235700000e+03 5.2000000000e+01 5.0000000000e+00 6.1900000000e+02 1.7493976554e+01 7.9800000000e+02 3.6763952933e+01 1.5000000000e+01 7.0000000000e+00
1.6000000000e+01 1.1000000000e+01 8.6260000000e+03 7.9143400000e+03 4.4000000000e+01 5.0000000000e+00 6.2600000000e+02 2.7682586248e+01 8.3300000000e+02 3.3741493329e+01 1.1000000000e+01 1.1000000000e+01
2.0000000000e+01 1.2000000000e+01 8.7160000000e+03 7.9328900000e+03 4.4000000000e+01 5.0000000000e+00 5.3300000000e+02 1.0369902783e+01 8.8500000000e+02 3.9094697196e+01 1.1000000000e+01 9.0000000000e+00
2.4000000000e+01 1.3000000000e+01 1.0455000000e+04 9.5106000000e+03 5.7000000000e+01 6.0000000000e+00 1.1410000000e+03 1.8319583589e+01 1.0150000000e+03 4.0583467781e+01 1.1000000000e+01 1.4000000000e+01
2.5000000000e+01 1.4000000000e+01 8.6660000000e+03 7.9347100000e+03 4.5000000000e+01 5.0000000000e+00 6.7300000000e+02 2.8866857372e+01 7.5700000000e+02 2.3631642885e+01 1.0000000000e+01 1.1000000000e+01
2.5000000000e+01 1.5000000000e+01 6.9460000000e+03 6.3448600000e+03 4.5000000000e+01 4.0000000000e+00 9.5300000000e+02 2.6484129038e+01 9.3100000000e+02 2.3663838926e+01 1.1000000000e+01 1.0000000000e+01
2.5000000000e+01 1.6000000000e+01 6.8640000000e+03 6.3350300000e+03 3.8000000000e+01 4.0000000000e+00 1.0550000000e+03 3.1218064763e+01 1.4990000000e+03 4.2276439033e+01 7.0000000000e+00 7.0000000000e+00
2.6000000000e+01 1.7000000000e+01 1.5822000000e+04 1.4258310000e+04 9.4000000000e+01 9.0000000000e+00 1.2700000000e+03 4.9732402194e+01 4.6300000000e+02 1.4794651751e+01 1.5000000000e+01 1.5000000000e+01
2.7000000000e+01 1.8000000000e+01 1.0433000000e+04 9.5121600000e+03 6.1000000000e+01 6.0000000000e+00 1.2000000000e+03 3.0443116354e+01 7.7400000000e+02 3.2684603919e+01 1.1000000000e+01 1.1000000000e+01
2.7000000000e+01 1.9000000000e+01 8.6190000000e+03 7.9179000000e+03 4.9000000000e+01 5.0000000000e+00 5.9700000000e+02 6.0535802079e+00 1.3370000000e+03 4.1628565913e+01 1.1000000000e+01 1.0000000000e+01
2.8000000000e+01 2.0000000000e+01 1.3974000000e+04 1.2674870000e+04 7.9000000000e+01 8.0000000000e+00 9.8800000000e+02 4.0684054711e+01 4.0300000000e+02 1.2975321744e+01 1.1000000000e+01 1.5000000000e+01
3.0000000000e+01 2.1000000000e+01 1.2126000000e+04 1.1110750000e+04 7.6000000000e+01 7.0000000000e+00 7.3900000000e+02 2.7278563012e+01 1.2930000000e+03 4.7072426465e+01 1.5000000000e+01 1.1000000000e+01
3.0000000000e+01 2.2000000000e+01 1.0493000000e+04 9.5294400000e+03 5.8000000000e+01 6.0000000000e+00 5.2200000000e+02 2.3543911941e+01 1.4480000000e+03 5.2055132716e+01 7.0000000000e+00 1.5000000000e+01
3.0000000000e+01 2.3000000000e+01 6.9050000000e+03 6.3374800000e+03 3.8000000000e+01 4.0000000000e+00 5.1300000000e+02 2.1947726595e+01 1.4670000000e+03 2.6811151371e+01 1.1000000000e+01 7.0000000000e+00
3.2000000000e+01 2.4000000000e+01 8.7330000000e+03 7.9203300000e+03 5.2000000000e+01 5.0000000000e+00 8.9600000000e+02 4.2376695408e+01 5.9200000000e+02 3.4404172114e+01 7.0000000000e+00 1.5000000000e+01
3.3000000000e+01 2.5000000000e+01 1.2114000000e+04 1.1106150000e+04 6.5000000000e+01 7.0000000000e+00 1.4640000000e+03 1.4411367041e+01 4.8100000000e+02 2.4212922686e+01 1.5000000000e+01 1.9000000000e+01
3.3000000000e+01 2.6000000000e+01 6.8410000000e+03 6.3418700000e+03 3.3000000000e+01 4.0000000000e+00 1.1830000000e+03 3.9480612331e+01 9.3500000000e+02 3.2500961524e+01 7.0000000000e+00 7.0000000000e+00
3.3000000000e+01 2.7000000000e+01 8.8480000000e+03 7.9198100000e+03 5.4000000000e+01 5.0000000000e+00 1.1610000000e+03 3.2564594734e+01 9.4900000000e+02 6.7586422662e+00 1.1000000000e+01 1.1000000000e+01
3.3000000000e+01 2.8000000000e+01 2.6402000000e+04 2.3765890000e+04 1.5300000000e+02 1.5000000000e+01 1.2850000000e+03 2.4866485583e+01 1.3300000000e+03 4.2124658362e+01 1.1000000000e+01 3.5000000000e+01
3.3000000000e+01 2.9000000000e+01 8.6430000000e+03 7.9175300000e+03 4.7000000000e+01 5.0000000000e+00 1.5020000000e+03 2.4317197350e+01 1.3890000000e+03 4.9469358105e+01 7.0000000000e+00 1.9000000000e+01
3.5000000000e+01 3.0000000000e+01 6.9950000000e+03 6.3302400000e+03 4.3000000000e+01 4.0000000000e+00 4.3100000000e+02 2.4913182588e+01 9.6700000000e+02 2.5503501160e+01 7.0000000000e+00 7.0000000000e+00
3.7000000000e+01 3.1000000000e+01 1.0457000000e+04 9.5109300000e+03 5.8000000000e+01 6.0000000000e+00 7.7200000000e+02 3.9407675804e+01 9.5700000000e+02 1.7626236425e+01 1.1000000000e+01 1.1000000000e+01
4.1000000000e+01 3.2000000000e+01 8.8100000000e+03 7.9267700000e+03 5.2000000000e+01 5.0000000000e+00 1.0380000000e+03 3.7337884877e+01 7.4900000000e+02 3.7291906287e+01 1.1000000000e+01 1.1000000000e+01
4.1000000000e+01 3.3000000000e+01 1.2244000000e+04 1.1088030000e+04 7.4000000000e+01 7.0000000000e+00 1.0100000000e+03 3.9934706984e+01 7.6800000000e+02 3.0216796563e+01 1.5000000000e+01 1.1000000000e+01
4.3000000000e+01 3.4000000000e+01 1.3981000000e+04 1.2632690000e+04 8.6000000000e+01 8.0000000000e+00 8.6600000000e+02 9.6898977109e+00 7.7900000000e+02 3.1544552993e+01 1.9000000000e+01 7.0000000000e+00
4.3000000000e+01 3.5000000000e+01 1.2097000000e+04 1.1110740000e+04 6.7000000000e+01 7.0000000000e+00 3.7800000000e+02 1.5345515582e+01 1.0950000000e+03 4.4758611834e+01 1.1000000000e+01 1.4000000000e+01
4.4000000000e+01 3.6000000000e+01 1.4013000000e+04 1.2684880000e+04 8.0000000000e+01 8.0000000000e+00 1.0160000000e+03 1.6749834687e+01 1.1760000000e+03 2.0598635816e+01 1.9000000000e+01 1.1000000000e+01
4.4000000000e+01 3.7000000000e+01 1.5732000000e+04 1.4247880000e+04 9.7000000000e+01 9.0000000000e+00 9.2000000000e+02 3.8546103348e+01 1.3630000000e+03 4.2859265820e+01 1.1000000000e+01 1.5000000000e+01
4.5000000000e+01 3.8000000000e+01 8.7370000000e+03 7.9257700000e+03 5.2000000000e+01 5.0000000000e+00 1.2460000000e+03 2.3372935580e+01 9.7500000000e+02 3.8194548425e+01 1.1000000000e+01 7.0000000000e+00
5.0000000000e+01 3.9000000000e+01 8.6960000000e+03 7.9287500000e+03 5.3000000000e+01 5.0000000000e+00 1.3950000000e+03 4.8725289595e+01 1.4790000000e+03 4.3234601527e+00 1.1000000000e+01 1.5000000000e+01
5.2000000000e+01 4.0000000000e+01 1.0493000000e+04 9.5078600000e+03 6.5000000000e+01 6.0000000000e+00 1.3280000000e+03 2.3788455709e+01 8.5400000000e+02 3.6237282252e+01 1.9000000000e+01 7.0000000000e+00
5.4000000000e+01 4.1000000000e+01 8.7620000000e+03 7.9177700000e+03 5.5000000000e+01 5.0000000000e+00 1.0050000000e+03 3.1829115486e+01 1.1970000000e+03 4.2211109649e+01 1.1000000000e+01 1.1000000000e+01
6.0000000000e+01 4.2000000000e+01 8.7550000000e+03 7.9202100000e+03 5.5000000000e+01 5.0000000000e+00 9.9100000000e+02 4.4732952474e+01 1.2880000000e+03 4.3182000708e+01 1.5000000000e+01 7.0000000000e+00
6.2000000000e+01 4.3000000000e+01 6.9070000000e+03 6.3407800000e+03 3.6000000000e+01 4.0000000000e+00 3.8500000000e+02 2.1166010489e+01 1.1780000000e+03 4.0250643296e+01 1.1000000000e+01 7.0000000000e+00
6.3000000000e+01 4.4000000000e+01 1.3984000000e+04 1.2671280000e+04 8.6000000000e+01 8.0000000000e+00 1.2910000000e+03 3.6727614230e+01 7.5500000000e+02 1.8697908030e+01 1.5000000000e+01 1.5000000000e+01
6.8000000000e+01 4.5000000000e+01 6.8780000000e+03 6.3466900000e+03 4.1000000000e+01 4.0000000000e+00 1.5870000000e+03 3.3408082854e+01 1.4260000000e+03 4.5617156860e+01 7.0000000000e+00 1.1000000000e+01
6.9000000000e+01 4.6000000000e+01 1.0365000000e+04 9.5128700000e+03 5.5000000000e+01 6.0000000000e+00 5.5600000000e+02 3.2567309217e+01 8.2000000000e+02 3.0329059528e+01 1.9000000000e+01 1.0000000000e+01
6.9000000000e+01 4.7000000000e+01 6.9440000000e+03 6.3334900000e+03 4.1000000000e+01 4.0000000000e+00 4.1900000000e+02 2.1107463135e+01 1.2650000000e+03 2.8832707122e+01 7.0000000000e+00 1.1000000000e+01
6.9000000000e+01 4.8000000000e+01 8.6670000000e+03 7.9294400000e+03 4.4000000000e+01 5.0000000000e+00 1.4190000000e+03 3.0487511740e+01 1.3180000000e+03 2.4932466925e+01 7.0000000000e+00 1.1000000000e+01
6.9000000000e+01 4.9000000000e+01 6.9870000000e+03 6.3505600000e+03 3.9000000000e+01 4.0000000000e+00 1.2830000000e+03 4.1143203058e+01 1.5070000000e+03 4.2764040477e+01 7.0000000000e+00 7.0000000000e+00
7.2000000000e+01 5.0000000000e+01 7.0700000000e+03 6.3342300000e+03 4.3000000000e+01 4.0000000000e+00 1.3950000000e+03 3.9994047176e+01 6.5500000000e+02 1.8664328085e+01 7.0000000000e+00 7.0000000000e+00
7.2000000000e+01 5.1000000000e+01 6.8770000000e+03 6.3467100000e+03 3.4000000000e+01 4.0000000000e+00 1.0190000000e+03 2.9492680140e+01 1.3240000000e+03 1.8025234836e+01 7.0000000000e+00 7.0000000000e+00
7.5000000000e+01 5.2000000000e+01 2.4798000000e+04 2.2173940000e+04 1.5800000000e+02 1.4000000000e+01 9.4800000000e+02 1.2909533336e+01 1.0510000000e+03 2.0704164325e+01 1.5000000000e+01 2.7000000000e+01
7.5000000000e+01 5.3000000000e+01 1.2323000000e+04 1.1069620000e+04 7.8000000000e+01 7.0000000000e+00 8.2600000000e+02 3.0298943447e+01 1.5200000000e+03 4.7090683447e+01 1.5000000000e+01 1.1000000000e+01
7.6000000000e+01 5.4000000000e+01 6.8590000000e+03 6.3531700000e+03 3.1000000000e+01 4.0000000000e+00 6.8400000000e+02 2.2484809687e+01 1.6150000000e+03 4.3043776166e+01 7.0000000000e+00 1.5000000000e+01
7.7000000000e+01 5.5000000000e+01 6.9490000000e+03 6.3421600000e+03 4.4000000000e+01 4.0000000000e+00 1.0290000000e+03 3.1725200899e+01 7.8300000000e+02 3.8468350023e+01 3.0000000000e+00 1.5000000000e+01
7.8000000000e+01 5.6000000000e+01 6.9270000000e+03 6.3394300000e+03 3.6000000000e+01 4.0000000000e+00 1.2990000000e+03 9.8604549301e+00 1.5150000000e+03 4.8047595450e+00 1.5000000000e+01 1.5000000000e+01
8.1000000000e+01 5.7000000000e+01 7.1370000000e+03 6.3328400000e+03 4.3000000000e+01 4.0000000000e+00 1.0940000000e+03 2.9817300826e+01 9.3300000000e+02 4.2257712736e+01 6.0000000000e+00 1.1000000000e+01
8.2000000000e+01 5.8000000000e+01 6.9400000000e+03 6.3415900000e+03 3.8000000000e+01 4.0000000000e+00 5.2100000000e+02 1.7827249109e+01 6.3400000000e+02 3.4292856399e+01 1.0000000000e+01 1.1000000000e+01
8.2000000000e+01 5.9000000000e+01 1.4102000000e+04 1.2692150000e+04 8.5000000000e+01 8.0000000000e+00 1.1430000000e+03 3.9544580027e+01 1.0650000000e+03 2.9131679696e+01 1.5000000000e+01 1.1000000000e+01
8.3000000000e+01 6.0000000000e+01 6.8400000000e+03 6.3383700000e+03 3.4000000000e+01 4.0000000000e+00 6.9300000000e+02 3.0560422018e+01 1.4030000000e+03 4.0266159941e+01 1.1000000000e+01 7.0000000000e+00
8.4000000000e+01 6.1000000000e+01 8.6250000000e+03 7.9286300000e+03 4.7000000000e+01 5.0000000000e+00 8.2400000000e+02 2.9493551248e+01 1.0740000000e+03 4.1071517688e+01 1.1000000000e+01 7.0000000000e+00
8.5000000000e+01 6.2000000000e+01 6.9890000000e+03 6.3362100000e+03 3.7000000000e+01 4.0000000000e+00 1.1770000000e+03 4.5141444372e+01 7.8900000000e+02 3.2563612958e+01 1.1000000000e+01 1.1000000000e+01
8.7000000000e+01 6.3000000000e+01 7.0230000000e+03 6.3476600000e+03 3.9000000000e+01 4.0000000000e+00 1.1420000000e+03 2.6920936873e+01 6.0000000000e+02 3.2887367596e+01 7.0000000000e+00 1.0000000000e+01
8.7000000000e+01 6.4000000000e+01 6.8860000000e+03 6.3343100000e+03 4.0000000000e+01 4.0000000000e+00 4.0700000000e+02 2.1070699062e+01 1.1430000000e+03 3.1645877116e+01 7.0000000000e+00 7.0000000000e+00
9.0000000000e+01 6.5000000000e+01 1.2237000000e+04 1.1093200000e+04 6.9000000000e+01 7.0000000000e+00 7.0900000000e+02 2.4800675987e+01 7.4200000000e+02 2.6590024666e+01 1.1000000000e+01 1.1000000000e+01
9.1000000000e+01 6.6000000000e+01 8.7690000000e+03 7.9184600000e+03 5.6000000000e+01 5.0000000000e+00 4.9900000000e+02 2.8272376496e+01 1.0500000000e+03 3.9633089940e+01 1.5000000000e+01 7.0000000000e+00
9.2000000000e+01 6.7000000000e+01 8.5910000000e+03 7.9140500000e+03 5.1000000000e+01 5.0000000000e+00 5.1700000000e+02 1.4817557154e+01 9.3500000000e+02 4.1543711919e+01 1.1000000000e+01 7.0000000000e+00
9.5000000000e+01 6.8000000000e+01 8.7400000000e+03 7.9246200000e+03 5.0000000000e+01 5.0000000000e+00 1.0100000000e+03 3.4809393525e+01 6.7200000000e+02 1.9131659838e+01 1.5000000000e+01 1.1000000000e+01
9.6000000000e+01 6.9000000000e+01 6.9680000000e+03 6.3333200000e+03 3.5000000000e+01 4.0000000000e+00 8.7900000000e+02 3.9453621320e+01 7.6700000000e+02 2.8580124727e+01 7.0000000000e+00 7.0000000000e+00
9.6000000000e+01 7.0000000000e+01 6.9760000000e+03 6.3358300000e+03 4.5000000000e+01 4.0000000000e+00 6.5100000000e+02 3.4724892827e+01 8.1300000000e+02 2.9806192157e+01 1.5000000000e+01 3.0000000000e+00
9.6000000000e+01 7.1000000000e+01 6.9760000000e+03 6.3405600000e+03 3.8000000000e+01 4.0000000000e+00 1.3680000000e+03 5.0271156633e+01 1.2030000000e+03 3.6143856717e+01 1.1000000000e+01 7.0000000000e+00
9.6000000000e+01 7.2000000000e+01 6.8660000000e+03 6.3318100000e+03 4.0000000000e+01 4.0000000000e+00 5.5800000000e+02 2.0282618553e+01 1.3530000000e+03 3.3445708015e+01 1.1000000000e+01 1.1000000000e+01
9.6000000000e+01 7.3000000000e+01 2.4806000000e+04 2.2238120000e+04 1.4100000000e+02 1.4000000000e+01 6.5600000000e+02 3.4024780885e+01 1.4320000000e+03 4.2679536749e+01 1.4000000000e+01 1.9000000000e+01
9.8000000000e+01 7.4000000000e+01 6.9140000000e+03 6.3470000000e+03 3.5000000000e+01 4.0000000000e+00 4.7400000000e+02 2.1409178900e+01 8.9900000000e+02 3.9242458998e+01 1.1000000000e+01 7.0000000000e+00
9.8000000000e+01 7.5000000000e+01 8.5760000000e+03 7.9251800000e+03 4.9000000000e+01 5.0000000000e+00 1.3680000000e+03 2.4232381916e+01 1.1740000000e+03 4.5532040001e+01 1.5000000000e+01 1.5000000000e+01
9.8000000000e+01 7.6000000000e+01 3.5098600000e+05 2.9973427000e+05 2.2550000000e+03 1.8900000000e+02 9.4400000000e+02 3.3524739570e+01 1.6230000000e+03 7.7168896571e+01 1.1100000000e+02 1.9500000000e+02
9.8000000000e+01 7.7000000000e+01 7.5870000000e+03 6.3427000000e+03 3.6000000000e+01 4.0000000000e+00 8.8700000000e+02 3.9722969246e+01 1.7290000000e+03 3.8583860430e+01 7.0000000000e+00 1.0000000000e+01
