0.0000000000e+00 0.0000000000e+00 8.2270000000e+03 7.9056700000e+03 4.7000000000e+01 5.0000000000e+00 1.0320000000e+03 4.2999747219e+01 1.4150000000e+03 5.2671459147e+01 1.1000000000e+01 7.0000000000e+00
0.0000000000e+00 1.0000000000e+00 6.5330000000e+03 6.3310300000e+03 3.1000000000e+01 4.0000000000e+00 5.0700000000e+02 2.3340951137e+01 1.4710000000e+03 4.3226149493e+01 7.0000000000e+00 7.0000000000e+00
1.0000000000e+00 2.0000000000e+00 8.1380000000e+03 7.9077400000e+03 3.9000000000e+01 5.0000000000e+00 1.0770000000e+03 3.8472820208e+01 5.2500000000e+02 2.9372830267e+01 1.0000000000e+01 1.0000000000e+01
2.0000000000e+00 3.0000000000e+00 8.1780000000e+03 7.9149200000e+03 3.8000000000e+01 5.0000000000e+00 9.0300000000e+02 1.2303592092e+01 9.4600000000e+02 2.0414621151e+01 7.0000000000e+00 1.0000000000e+01
2.0000000000e+00 4.0000000000e+00 6.5210000000e+03 6.3427000000e+03 3.1000000000e+01 4.0000000000e+00 1.4020000000e+03 2.9439202888e+00 1.3710000000e+03 4.3872922553e+01 1.1000000000e+01 7.0000000000e+00
4.0000000000e+00 5.0000000000e+00 6.5180000000e+03 6.3408500000e+03 3.0000000000e+01 4.0000000000e+00 1.1140000000e+03 3.0538839036e+01 7.7100000000e+02 1.7992335533e+01 1.1000000000e+01 7.0000000000e+00
4.0000000000e+00 6.0000000000e+00 6.5710000000e+03 6.3410100000e+03 2.8000000000e+01 4.0000000000e+00 1.0700000000e+03 3.8862054234e+01 8.3700000000e+02 2.2393782206e+01 7.0000000000e+00 9.0000000000e+00
4.0000000000e+00 7.0000000000e+00 6.5650000000e+03 6.3110300000e+03 3.1000000000e+01 4.0000000000e+00 5.5100000000e+02 2.1938550545e+01 1.0510000000e+03 3.2501794822e+01 6.0000000000e+00 7.0000000000e+00
4.0000000000e+00 8.0000000000e+00 6.5170000000e+03 6.3307400000e+03 2.6000000000e+01 4.0000000000e+00 9.9400000000e+02 1.2992305415e+01 1.3530000000e+03 5.2103358817e+01 1.1000000000e+01 1.0000000000e+01
5.0000000000e+00 9.0000000000e+00 9.8480000000e+03 9.4961900000e+03 4.0000000000e+01 6.0000000000e+00 8.1400000000e+02 2.1651671340e+01 8.2900000000e+02 2.7040804873e+01 1.1000000000e+01 1.1000000000e+01
7.0000000000e+00 1.0000000000e+01 6.5120000000e+03 6.3281500000e+03 2.3000000000e+01 4.0000000000e+00 5.7900000000e+02 1.7944358445e+01 5.8500000000e+02 3.2749739763e+01 7.0000000000e+00 1.0000000000e+01
7.0000000000e+00 1.1000000000e+01 2.9743000000e+04 2.8502780000e+04 1.7000000000e+02 1.8000000000e+01 8.5000000000e+02 4.0155319749e+01 6.0200000000e+02 7.0459187062e+00 2.3000000000e+01 2.6000000000e+01
7.0000000000e+00 1.2000000000e+01 1.1483000000e+04 1.1090720000e+04 5.7000000000e+01 7.0000000000e+00 1.0000000000e+03 4.2830021180e+01 7.6600000000e+02 1.8869855023e+01 1.1000000000e+01 1.9000000000e+01
7.0000000000e+00 1.3000000000e+01 6.5220000000e+03 6.3327000000e+03 3.4000000000e+01 4.0000000000e+00 7.9900000000e+02 3.6226141574e+01 1.0870000000e+03 3.2536226896e+01 7.0000000000e+00 7.0000000000e+00
8.0000000000e+00 1.4000000000e+01 6.5260000000e+03 6.3288900000e+03 3.0000000000e+01 4.0000000000e+00 5.5800000000e+02 2.8767798089e+00 8.2400000000e+02 3.6998602024e+01 1.1000000000e+01 7.0000000000e+00
9.0000000000e+00 1.5000000000e+01 6.4890000000e+03 6.3173500000e+03 2.9000000000e+01 4.0000000000e+00 5.2700000000e+02 2.7544768754e+01 1.0510000000e+03 3.8807215824e+01 7.0000000000e+00 7.0000000000e+00
9.0000000000e+00 1.6000000000e+01 9.8340000000e+03 9.4967400000e+03 5.2000000000e+01 6.0000000000e+00 5.3200000000e+02 1.1772350457e+01 1.1210000000e+03 3.3262178958e+01 1.5000000000e+01 1.0000000000e+01
9.0000000000e+00 1.7000000000e+01 6.5850000000e+03 6.3294300000e+03 3.4000000000e+01 4.0000000000e+00 1.1230000000e+03 3.2038329317e+01 1.4630000000e+03 3.5300442095e+01 7.0000000000e+00 7.0000000000e+00
1.0000000000e+01 1.8000000000e+01 6.5300000000e+03 6.3425600000e+03 3.4000000000e+01 4.0000000000e+00 9.0600000000e+02 4.1972574018e+01 8.1900000000e+02 2.5514701644e+01 6.0000000000e+00 7.0000000000e+00
1.2000000000e+01 1.9000000000e+01 6.5040000000e+03 6.3125300000e+03 2.6000000000e+01 4.0000000000e+00 8.2700000000e+02 3.0518191296e+01 7.3000000000e+02 2.4273442278e+01 7.0000000000e+00 9.0000000000e+00
1.2000000000e+01 2.0000000000e+01 8.2290000000e+03 7.9524400000e+03 4.4000000000e+01 5.0000000000e+00 8.7500000000e+02 3.0670416016e+01 1.0240000000e+03 3.5317167576e+01 7.0000000000e+00 1.1000000000e+01
1.3000000000e+01 2.1000000000e+01 6.5610000000e+03 6.3320300000e+03 3.3000000000e+01 4.0000000000e+00 1.1710000000e+03 2.2735572348e+01 1.0550000000e+03 3.6385951960e+01 7.0000000000e+00 7.0000000000e+00
1.3000000000e+01 2.2000000000e+01 2.3010000000e+04 2.2168420000e+04 1.2600000000e+02 1.4000000000e+01 7.9200000000e+02 2.3829225753e+01 1.1810000000e+03 2.9319481578e+01 1.9000000000e+01 1.9000000000e+01
1.4000000000e+01 2.3000000000e+01 1.4723000000e+04 1.4251450000e+04 7.2000000000e+01 9.0000000000e+00 9.3600000000e+02 3.1838058544e+01 8.9900000000e+02 3.8039268073e+01 1.1000000000e+01 1.9000000000e+01
1.5000000000e+01 2.4000000000e+01 6.5380000000e+03 6.3239200000e+03 3.3000000000e+01 4.0000000000e+00 1.1770000000e+03 3.6409133470e+01 4.7400000000e+02 1.7737671775e+01 3.0000000000e+00 1.4000000000e+01
1.5000000000e+01 2.5000000000e+01 6.5300000000e+03 6.3459600000e+03 2.5000000000e+01 4.0000000000e+00 4.7500000000e+02 1.2760616495e+01 6.1800000000e+02 3.4498188358e+01 7.0000000000e+00 7.0000000000e+00
1.6000000000e+01 2.6000000000e+01 6.5570000000e+03 6.3301700000e+03 2.6000000000e+01 4.0000000000e+00 1.3580000000e+03 2.7729406773e+01 6.4100000000e+02 1.6733200531e+00 1.0000000000e+01 5.0000000000e+00
1.7000000000e+01 2.7000000000e+01 6.5450000000e+03 6.3212900000e+03 2.9000000000e+01 4.0000000000e+00 6.2800000000e+02 2.2596617952e+01 8.1100000000e+02 3.7366906673e+01 1.3000000000e+01 7.0000000000e+00
1.9000000000e+01 2.8000000000e+01 6.5420000000e+03 6.3260000000e+03 3.1000000000e+01 4.0000000000e+00 7.9700000000e+02 2.3196264067e+01 5.7800000000e+02 2.4143322058e+01 1.0000000000e+01 7.0000000000e+00
1.9000000000e+01 2.9000000000e+01 6.4990000000e+03 6.3117700000e+03 2.7000000000e+01 4.0000000000e+00 3.7500000000e+02 1.6256359702e+01 9.0400000000e+02 2.2342611926e+01 7.0000000000e+00 1.1000000000e+01
2.0000000000e+01 3.0000000000e+01 8.1900000000e+03 7.9235700000e+03 4.1000000000e+01 5.0000000000e+00 6.1900000000e+02 1.3125357138e+01 3.8400000000e+02 2.5717698186e+01 1.5000000000e+01 1.1000000000e+01
2.0000000000e+01 3.1000000000e+01 8.1850000000e+03 7.9220700000e+03 3.3000000000e+01 5.0000000000e+00 1.1390000000e+03 2.2414420581e+01 1.0160000000e+03 2.7613402543e+00 7.0000000000e+00 1.0000000000e+01
2.0000000000e+01 3.2000000000e+01 8.1730000000e+03 7.9259700000e+03 3.4000000000e+01 5.0000000000e+00 1.1890000000e+03 4.7494497289e+01 1.6790000000e+03 3.6432170266e+01 1.4000000000e+01 7.0000000000e+00
2.1000000000e+01 3.3000000000e+01 1.3051000000e+04 1.2673660000e+04 6.9000000000e+01 8.0000000000e+00 9.0700000000e+02 3.9144340737e+01 8.8700000000e+02 2.4459450237e+01 1.4000000000e+01 1.9000000000e+01
2.1000000000e+01 3.4000000000e+01 1.3104000000e+04 1.2694740000e+04 6.5000000000e+01 8.0000000000e+00 8.4800000000e+02 2.6086694405e+01 8.9000000000e+02 3.1302206392e+01 1.5000000000e+01 1.0000000000e+01
2.1000000000e+01 3.5000000000e+01 1.4727000000e+04 1.4258070000e+04 7.4000000000e+01 9.0000000000e+00 3.0100000000e+02 9.8140240724e+00 9.4200000000e+02 3.9350723654e+01 1.9000000000e+01 1.9000000000e+01
2.1000000000e+01 3.6000000000e+01 6.5560000000e+03 6.3152700000e+03 3.3000000000e+01 4.0000000000e+00 6.6700000000e+02 2.3368648870e+01 1.1790000000e+03 1.7306068300e+01 7.0000000000e+00 7.0000000000e+00
2.1000000000e+01 3.7000000000e+01 6.5300000000e+03 6.3391800000e+03 2.9000000000e+01 4.0000000000e+00 7.6400000000e+02 2.2422087325e+01 1.4090000000e+03 4.8147466926e+01 1.1000000000e+01 5.0000000000e+00
2.1000000000e+01 3.8000000000e+01 8.2760000000e+03 7.9222200000e+03 4.0000000000e+01 5.0000000000e+00 1.0410000000e+03 4.3324949879e+01 1.5610000000e+03 5.4490883735e+01 1.1000000000e+01 1.1000000000e+01
2.3000000000e+01 3.9000000000e+01 8.2310000000e+03 7.8995100000e+03 4.8000000000e+01 5.0000000000e+00 1.3250000000e+03 2.1692238047e+01 1.0030000000e+03 4.1903892065e+01 1.5000000000e+01 7.0000000000e+00
2.3000000000e+01 4.0000000000e+01 1.3081000000e+04 1.2676860000e+04 6.2000000000e+01 8.0000000000e+00 1.1150000000e+03 2.0762908290e+01 1.1600000000e+03 2.6464327986e+01 1.9000000000e+01 1.5000000000e+01
2.3000000000e+01 4.1000000000e+01 6.5780000000e+03 6.3213900000e+03 3.4000000000e+01 4.0000000000e+00 7.1300000000e+02 2.0968952518e+01 1.1670000000e+03 2.0694019045e+01 1.1000000000e+01 7.0000000000e+00
2.4000000000e+01 4.2000000000e+01 6.5440000000e+03 6.3296900000e+03 3.1000000000e+01 4.0000000000e+00 5.0900000000e+02 1.5681198934e+01 8.1400000000e+02 2.6625176056e+01 1.1000000000e+01 7.0000000000e+00
2.4000000000e+01 4.3000000000e+01 9.8730000000e+03 9.4898300000e+03 4.5000000000e+01 6.0000000000e+00 9.4200000000e+02 3.3638452024e+01 8.4800000000e+02 2.9838580883e+01 1.5000000000e+01 7.0000000000e+00
2.4000000000e+01 4.4000000000e+01 6.5610000000e+03 6.3211400000e+03 3.6000000000e+01 4.0000000000e+00 9.5500000000e+02 3.3130046785e+01 8.9500000000e+02 3.3638413416e+01 7.0000000000e+00 7.0000000000e+00
2.4000000000e+01 4.5000000000e+01 6.5590000000e+03 6.3450100000e+03 2.2000000000e+01 4.0000000000e+00 6.1400000000e+02 3.0792701671e+01 1.4450000000e+03 2.6272382748e+01 1.1000000000e+01 5.0000000000e+00
2.5000000000e+01 4.6000000000e+01 8.1890000000e+03 7.9140600000e+03 4.4000000000e+01 5.0000000000e+00 1.0910000000e+03 4.4556992508e+01 3.2400000000e+02 2.3477847055e+01 7.0000000000e+00 1.1000000000e+01
2.5000000000e+01 4.7000000000e+01 6.5310000000e+03 6.3215400000e+03 3.7000000000e+01 4.0000000000e+00 1.3390000000e+03 3.6662878592e+01 4.0500000000e+02 1.6643316977e+01 7.0000000000e+00 1.1000000000e+01
2.5000000000e+01 4.8000000000e+01 6.6250000000e+03 6.3453600000e+03 3.2000000000e+01 4.0000000000e+00 1.0470000000e+03 3.6822153220e+01 8.8700000000e+02 2.0116595620e+01 7.0000000000e+00 7.0000000000e+00
2.5000000000e+01 4.9000000000e+01 6.5160000000e+03 6.3275600000e+03 3.3000000000e+01 4.0000000000e+00 5.7900000000e+02 1.8209715813e+01 1.2310000000e+03 4.0253493637e+01 7.0000000000e+00 7.0000000000e+00
2.5000000000e+01 5.0000000000e+01 6.4990000000e+03 6.3263900000e+03 3.1000000000e+01 4.0000000000e+00 1.1470000000e+03 2.7760883752e+01 1.3310000000e+03 4.1118933190e+01 7.0000000000e+00 7.0000000000e+00
2.6000000000e+01 5.1000000000e+01 6.5300000000e+03 6.3213600000e+03 2.8000000000e+01 4.0000000000e+00 9.0400000000e+02 2.4785748593e+01 6.7000000000e+02 7.5743230965e+00 1.1000000000e+01 1.0000000000e+01
2.6000000000e+01 5.2000000000e+01 1.3087000000e+04 1.2671130000e+04 5.6000000000e+01 8.0000000000e+00 8.7700000000e+02 3.4942029914e+01 7.5400000000e+02 3.0517059313e+01 1.1000000000e+01 1.9000000000e+01
2.6000000000e+01 5.3000000000e+01 8.2120000000e+03 7.8918400000e+03 4.7000000000e+01 5.0000000000e+00 8.6500000000e+02 4.0346596214e+01 7.7500000000e+02 3.1430046549e+01 1.1000000000e+01 1.1000000000e+01
2.6000000000e+01 5.4000000000e+01 8.1930000000e+03 7.9186000000e+03 4.6000000000e+01 5.0000000000e+00 8.5200000000e+02 1.1342153431e+01 7.8500000000e+02 3.4550446210e+01 1.5000000000e+01 1.1000000000e+01
2.6000000000e+01 5.5000000000e+01 1.1512000000e+04 1.1093170000e+04 6.2000000000e+01 7.0000000000e+00 8.4200000000e+02 2.9912988571e+01 1.5500000000e+03 4.4607762318e+01 1.1000000000e+01 1.0000000000e+01
2.7000000000e+01 5.6000000000e+01 8.2170000000e+03 7.9063200000e+03 3.1000000000e+01 5.0000000000e+00 9.4200000000e+02 1.5949921630e+01 4.6700000000e+02 6.3166446789e+00 9.0000000000e+00 1.1000000000e+01
2.8000000000e+01 5.7000000000e+01 6.5080000000e+03 6.3229800000e+03 3.0000000000e+01 4.0000000000e+00 9.3100000000e+02 4.0938978981e+01 7.8300000000e+02 2.5553189962e+01 7.0000000000e+00 7.0000000000e+00
2.8000000000e+01 5.8000000000e+01 6.5740000000e+03 6.3292800000e+03 2.8000000000e+01 4.0000000000e+00 1.0900000000e+03 3.8225452060e+01 7.8600000000e+02 1.1035296905e+01 1.0000000000e+01 1.1000000000e+01
2.8000000000e+01 5.9000000000e+01 8.1460000000e+03 7.9050600000e+03 3.6000000000e+01 5.0000000000e+00 1.1710000000e+03 2.9795013964e+01 1.4720000000e+03 9.4066845533e+00 1.5000000000e+01 7.0000000000e+00
2.9000000000e+01 6.0000000000e+01 1.1429000000e+04 1.1093030000e+04 4.8000000000e+01 7.0000000000e+00 8.5600000000e+02 3.0931633605e+01 5.3500000000e+02 2.0010103831e+01 1.1000000000e+01 1.4000000000e+01
2.9000000000e+01 6.1000000000e+01 6.6310000000e+03 6.3392100000e+03 3.5000000000e+01 4.0000000000e+00 5.9100000000e+02 2.7102745682e+01 5.9300000000e+02 1.0601054332e+01 7.0000000000e+00 1.0000000000e+01
2.9000000000e+01 6.2000000000e+01 6.5310000000e+03 6.3440700000e+03 2.6000000000e+01 4.0000000000e+00 6.0300000000e+02 1.8502972734e+01 7.2800000000e+02 1.7184877073e+01 7.0000000000e+00 7.0000000000e+00
2.9000000000e+01 6.3000000000e+01 6.4970000000e+03 6.3395000000e+03 3.1000000000e+01 4.0000000000e+00 9.7900000000e+02 2.8166173566e+00 1.1230000000e+03 2.1301017190e+01 1.0000000000e+01 7.0000000000e+00
3.0000000000e+01 6.4000000000e+01 6.5470000000e+03 6.3268300000e+03 2.7000000000e+01 4.0000000000e+00 6.1900000000e+02 3.1008683647e+01 6.6900000000e+02 1.9132131652e+01 1.1000000000e+01 1.0000000000e+01
3.0000000000e+01 6.5000000000e+01 8.1600000000e+03 7.9051300000e+03 3.4000000000e+01 5.0000000000e+00 9.7000000000e+02 3.8468011110e+01 9.1100000000e+02 2.8928857355e+01 1.0000000000e+01 1.1000000000e+01
3.0000000000e+01 6.6000000000e+01 8.1910000000e+03 7.8995500000e+03 3.2000000000e+01 5.0000000000e+00 9.6600000000e+02 4.3304622416e+01 1.0940000000e+03 3.7682031313e+01 7.0000000000e+00 1.1000000000e+01
3.0000000000e+01 6.7000000000e+01 6.5560000000e+03 6.3345800000e+03 3.4000000000e+01 4.0000000000e+00 5.5900000000e+02 2.3396451427e+01 1.2190000000e+03 3.1081028024e+01 7.0000000000e+00 7.0000000000e+00
3.0000000000e+01 6.8000000000e+01 6.5240000000e+03 6.3204100000e+03 2.6000000000e+01 4.0000000000e+00 9.0000000000e+02 3.6112047851e+01 1.3980000000e+03 3.5275487240e+01 1.1000000000e+01 1.1000000000e+01
3.1000000000e+01 6.9000000000e+01 8.1640000000e+03 7.9204900000e+03 3.7000000000e+01 5.0000000000e+00 6.0000000000e+02 2.4693678903e+01 6.7500000000e+02 3.5251083514e+01 1.1000000000e+01 7.0000000000e+00
3.1000000000e+01 7.0000000000e+01 6.5750000000e+03 6.3297800000e+03 3.4000000000e+01 4.0000000000e+00 1.0570000000e+03 4.0947120371e+01 8.6400000000e+02 4.0330828873e+01 1.1000000000e+01 6.0000000000e+00
3.1000000000e+01 7.1000000000e+01 6.8280000000e+03 6.5764000000e+03 2.9000000000e+01 4.0000000000e+00 8.9500000000e+02 3.6739916012e+01 1.3100000000e+03 2.1757593092e+01 9.0000000000e+00 1.1000000000e+01
3.3000000000e+01 7.2000000000e+01 6.5360000000e+03 6.3368700000e+03 2.3000000000e+01 4.0000000000e+00 5.5100000000e+02 2.6579212657e+01 8.1400000000e+02 3.7621923009e+01 7.0000000000e+00 1.1000000000e+01
3.4000000000e+01 7.3000000000e+01 6.6240000000e+03 6.3276900000e+03 3.3000000000e+01 4.0000000000e+00 1.2480000000e+03 5.0076191948e+01 6.5600000000e+02 3.1439425885e+01 1.1000000000e+01 7.0000000000e+00
3.4000000000e+01 7.4000000000e+01 1.9678000000e+04 1.8980470000e+04 1.0000000000e+02 1.2000000000e+01 9.6800000000e+02 4.3002114113e+01 8.5600000000e+02 1.4769269215e+01 2.2000000000e+01 2.2000000000e+01
3.4000000000e+01 7.5000000000e+01 8.1630000000e+03 7.9055000000e+03 2.7000000000e+01 5.0000000000e+00 7.6300000000e+02 2.4389468093e+01 9.1000000000e+02 3.9308444972e+01 1.1000000000e+01 7.0000000000e+00
3.5000000000e+01 7.6000000000e+01 6.5760000000e+03 6.3184700000e+03 3.8000000000e+01 4.0000000000e+00 1.0940000000e+03 3.7728045343e+01 4.1200000000e+02 1.3687634980e+01 7.0000000000e+00 1.1000000000e+01
3.5000000000e+01 7.7000000000e+01 6.5880000000e+03 6.3349700000e+03 3.6000000000e+01 4.0000000000e+00 1.2860000000e+03 2.8506139690e+01 1.5290000000e+03 4.1921014164e+01 7.0000000000e+00 1.1000000000e+01
3.6000000000e+01 7.8000000000e+01 1.1419000000e+04 1.1060680000e+04 4.4000000000e+01 7.0000000000e+00 1.3500000000e+03 2.3195829617e+01 4.6100000000e+02 3.0137668619e+01 2.2000000000e+01 1.1000000000e+01
3.6000000000e+01 7.9000000000e+01 6.5440000000e+03 6.3410900000e+03 2.8000000000e+01 4.0000000000e+00 5.7300000000e+02 2.4511524123e+01 6.5400000000e+02 2.2077305257e+01 1.0000000000e+01 6.0000000000e+00
3.6000000000e+01 8.0000000000e+01 6.5460000000e+03 6.3312700000e+03 2.7000000000e+01 4.0000000000e+00 6.3600000000e+02 2.5432414205e+01 1.2580000000e+03 3.1160872902e+01 1.1000000000e+01 6.0000000000e+00
3.8000000000e+01 8.1000000000e+01 6.5310000000e+03 6.3335000000e+03 3.4000000000e+01 4.0000000000e+00 9.1200000000e+02 3.7227799974e+01 2.6600000000e+02 1.4392759122e+01 6.0000000000e+00 1.1000000000e+01
4.0000000000e+01 8.2000000000e+01 6.5600000000e+03 6.3195400000e+03 3.3000000000e+01 4.0000000000e+00 1.0890000000e+03 3.1014109692e+01 6.0800000000e+02 2.7631503759e+01 1.1000000000e+01 7.0000000000e+00
4.1000000000e+01 8.3000000000e+01 6.5810000000e+03 6.3383200000e+03 3.4000000000e+01 4.0000000000e+00 9.4200000000e+02 3.2238693108e+01 1.6440000000e+03 4.9941480907e+01 1.1000000000e+01 7.0000000000e+00
4.2000000000e+01 8.4000000000e+01 8.2330000000e+03 7.9186500000e+03 4.4000000000e+01 5.0000000000e+00 1.0240000000e+03 2.2007398333e+01 1.1440000000e+03 1.4755369539e+01 1.1000000000e+01 7.0000000000e+00
4.3000000000e+01 8.5000000000e+01 6.5520000000e+03 6.3284800000e+03 3.3000000000e+01 4.0000000000e+00 6.1700000000e+02 3.1170398618e+01 7.8700000000e+02 2.9828677477e+01 1.0000000000e+01 7.0000000000e+00
4.4000000000e+01 8.6000000000e+01 6.5390000000e+03 6.3236200000e+03 2.8000000000e+01 4.0000000000e+00 6.1100000000e+02 2.9475036519e+01 9.1200000000e+02 3.6813846026e+01 9.0000000000e+00 7.0000000000e+00
4.5000000000e+01 8.7000000000e+01 1.4827000000e+04 1.4243010000e+04 7.5000000000e+01 9.0000000000e+00 9.7300000000e+02 4.1470112976e+01 9.9300000000e+02 3.6980637739e+00 1.1000000000e+01 1.5000000000e+01
4.6000000000e+01 8.8000000000e+01 6.5940000000e+03 6.3211500000e+03 2.6000000000e+01 4.0000000000e+00 6.3400000000e+02 1.6113348504e+01 8.4700000000e+02 3.3000606055e+01 1.0000000000e+01 7.0000000000e+00
4.6000000000e+01 8.9000000000e+01 8.1850000000e+03 7.9174900000e+03 3.8000000000e+01 5.0000000000e+00 9.8900000000e+02 3.2830440720e+01 1.0730000000e+03 4.1971032482e+01 1.1000000000e+01 1.4000000000e+01
4.9000000000e+01 9.0000000000e+01 6.5630000000e+03 6.3368600000e+03 3.6000000000e+01 4.0000000000e+00 7.8400000000e+02 3.6101048659e+01 7.1600000000e+02 3.2147428246e+01 7.0000000000e+00 1.1000000000e+01
4.9000000000e+01 9.1000000000e+01 2.1283000000e+04 2.0571420000e+04 1.0400000000e+02 1.3000000000e+01 4.9800000000e+02 3.1224679062e+01 8.4700000000e+02 3.7477242285e+01 1.5000000000e+01 1.9000000000e+01
4.9000000000e+01 9.2000000000e+01 6.4980000000e+03 6.3426900000e+03 3.1000000000e+01 4.0000000000e+00 6.5100000000e+02 2.1968917437e+01 1.3820000000e+03 3.0561413580e+01 7.0000000000e+00 1.1000000000e+01
4.9000000000e+01 9.3000000000e+01 6.5330000000e+03 6.3278700000e+03 2.7000000000e+01 4.0000000000e+00 5.5600000000e+02 1.1524221983e+01 1.4260000000e+03 1.5221442366e+01 7.0000000000e+00 1.0000000000e+01
5.0000000000e+01 9.4000000000e+01 6.5400000000e+03 6.3269400000e+03 3.4000000000e+01 4.0000000000e+00 1.2510000000e+03 4.1827568117e+01 7.2300000000e+02 2.3961458953e+01 7.0000000000e+00 7.0000000000e+00
5.0000000000e+01 9.5000000000e+01 6.5560000000e+03 6.3428800000e+03 2.9000000000e+01 4.0000000000e+00 8.0400000000e+02 3.7951566879e+01 1.0650000000e+03 9.2330926563e+00 7.0000000000e+00 1.1000000000e+01
5.0000000000e+01 9.6000000000e+01 6.5880000000e+03 6.3445700000e+03 3.5000000000e+01 4.0000000000e+00 7.3100000000e+02 2.5491059563e+01 1.1350000000e+03 4.7704975693e+01 7.0000000000e+00 7.0000000000e+00
5.1000000000e+01 9.7000000000e+01 6.5750000000e+03 6.3400300000e+03 2.5000000000e+01 4.0000000000e+00 9.7800000000e+02 3.2631145654e+01 7.8600000000e+02 3.6269822167e+01 8.0000000000e+00 7.0000000000e+00
5.1000000000e+01 9.8000000000e+01 8.1710000000e+03 7.9167500000e+03 3.6000000000e+01 5.0000000000e+00 8.9600000000e+02 1.0326111147e+01 9.2800000000e+02 3.8644164224e+01 7.0000000000e+00 1.1000000000e+01
5.2000000000e+01 9.9000000000e+01 6.5580000000e+03 6.3246100000e+03 3.4000000000e+01 4.0000000000e+00 8.7900000000e+02 3.9374272480e+01 8.8900000000e+02 3.2070471645e+01 7.0000000000e+00 9.0000000000e+00
5.3000000000e+01 1.0000000000e+02 6.5250000000e+03 6.3310600000e+03 3.3000000000e+01 4.0000000000e+00 1.5290000000e+03 2.6000600955e+01 4.6300000000e+02 2.0956055211e+01 1.1000000000e+01 7.0000000000e+00
5.3000000000e+01 1.0100000000e+02 1.1448000000e+04 1.1070410000e+04 5.5000000000e+01 7.0000000000e+00 7.7700000000e+02 3.4527230263e+01 1.4230000000e+03 2.8471883467e+01 1.1000000000e+01 1.5000000000e+01
5.5000000000e+01 1.0200000000e+02 6.5260000000e+03 6.3153000000e+03 3.5000000000e+01 4.0000000000e+00 7.6700000000e+02 3.2303250610e+01 6.5700000000e+02 1.8810979272e+01 7.0000000000e+00 1.0000000000e+01
5.5000000000e+01 1.0300000000e+02 8.2110000000e+03 7.9108300000e+03 4.5000000000e+01 5.0000000000e+00 7.4700000000e+02 1.5551234970e+01 8.9400000000e+02 2.8656270137e+01 7.0000000000e+00 1.1000000000e+01
5.6000000000e+01 1.0400000000e+02 6.6170000000e+03 6.3346200000e+03 3.4000000000e+01 4.0000000000e+00 4.8700000000e+02 2.3534629546e+01 5.4900000000e+02 2.1615090127e+01 1.5000000000e+01 3.0000000000e+00
5.6000000000e+01 1.0500000000e+02 8.1320000000e+03 7.9048100000e+03 3.8000000000e+01 5.0000000000e+00 7.3900000000e+02 2.2891636617e+01 7.8800000000e+02 3.4017880831e+01 7.0000000000e+00 1.0000000000e+01
5.7000000000e+01 1.0600000000e+02 6.5620000000e+03 6.3412300000e+03 3.3000000000e+01 4.0000000000e+00 3.9900000000e+02 1.8836467291e+01 8.3900000000e+02 1.6331526261e+01 7.0000000000e+00 7.0000000000e+00
5.7000000000e+01 1.0700000000e+02 8.1470000000e+03 7.9091600000e+03 3.9000000000e+01 5.0000000000e+00 9.2700000000e+02 3.7810121174e+01 1.2560000000e+03 1.6394800203e+01 1.4000000000e+01 7.0000000000e+00
5.8000000000e+01 1.0800000000e+02 6.5130000000e+03 6.3322800000e+03 2.8000000000e+01 4.0000000000e+00 1.3660000000e+03 4.2821766705e+01 8.0600000000e+02 1.9275776393e+01 1.1000000000e+01 1.1000000000e+01
5.9000000000e+01 1.0900000000e+02 6.5530000000e+03 6.3335400000e+03 3.0000000000e+01 4.0000000000e+00 5.3100000000e+02 1.4985050021e+01 7.8200000000e+02 1.0680307370e+01 7.0000000000e+00 1.0000000000e+01
6.0000000000e+01 1.1000000000e+02 8.1540000000e+03 7.9098700000e+03 3.6000000000e+01 5.0000000000e+00 1.0680000000e+03 2.1155884018e+01 1.0160000000e+03 4.0370427649e+01 1.5000000000e+01 6.0000000000e+00
6.1000000000e+01 1.1100000000e+02 6.5740000000e+03 6.3471800000e+03 2.8000000000e+01 4.0000000000e+00 9.1500000000e+02 3.4998412662e+01 8.3500000000e+02 3.9376153716e+01 7.0000000000e+00 7.0000000000e+00
6.2000000000e+01 1.1200000000e+02 6.5520000000e+03 6.3101100000e+03 2.2000000000e+01 4.0000000000e+00 1.0130000000e+03 4.0556251353e+01 1.0900000000e+03 3.6842651267e+01 7.0000000000e+00 1.0000000000e+01
6.4000000000e+01 1.1300000000e+02 6.5040000000e+03 6.3393300000e+03 2.4000000000e+01 4.0000000000e+00 7.5700000000e+02 3.7227269108e+01 2.6200000000e+02 1.6104279744e+01 7.0000000000e+00 1.0000000000e+01
6.4000000000e+01 1.1400000000e+02 6.5600000000e+03 6.3448400000e+03 3.4000000000e+01 4.0000000000e+00 6.8400000000e+02 2.5018175211e+01 1.1200000000e+03 4.7440872290e+01 7.0000000000e+00 1.1000000000e+01
6.5000000000e+01 1.1500000000e+02 6.5030000000e+03 6.3248900000e+03 2.8000000000e+01 4.0000000000e+00 1.5500000000e+03 4.4225432603e+01 6.7700000000e+02 2.8478711998e+01 7.0000000000e+00 1.1000000000e+01
6.5000000000e+01 1.1600000000e+02 6.5050000000e+03 6.3275400000e+03 3.2000000000e+01 4.0000000000e+00 9.4200000000e+02 2.3666363772e+01 1.1660000000e+03 3.5814486166e+01 1.1000000000e+01 7.0000000000e+00
6.5000000000e+01 1.1700000000e+02 8.1890000000e+03 7.9164200000e+03 4.3000000000e+01 5.0000000000e+00 9.7700000000e+02 3.9951756621e+01 1.1720000000e+03 1.6833215464e+01 1.1000000000e+01 7.0000000000e+00
6.5000000000e+01 1.1800000000e+02 6.5430000000e+03 6.3392100000e+03 3.1000000000e+01 4.0000000000e+00 1.1060000000e+03 4.1334811802e+01 1.2670000000e+03 4.2187280864e+01 1.1000000000e+01 7.0000000000e+00
6.5000000000e+01 1.1900000000e+02 1.4711000000e+04 1.4243890000e+04 7.9000000000e+01 9.0000000000e+00 1.1200000000e+03 3.0664855019e+01 1.2780000000e+03 4.8697127805e+01 1.9000000000e+01 1.5000000000e+01
6.8000000000e+01 1.2000000000e+02 6.5210000000e+03 6.3274900000e+03 2.9000000000e+01 4.0000000000e+00 5.3500000000e+02 1.6517306941e+01 7.8300000000e+02 1.6842760208e+01 7.0000000000e+00 7.0000000000e+00
6.8000000000e+01 1.2100000000e+02 6.5770000000e+03 6.3356100000e+03 3.8000000000e+01 4.0000000000e+00 8.1700000000e+02 3.5919203627e+01 1.2720000000e+03 3.7154898553e+01 1.1000000000e+01 7.0000000000e+00
6.9000000000e+01 1.2200000000e+02 1.3211000000e+04 1.2676300000e+04 7.7000000000e+01 8.0000000000e+00 6.7900000000e+02 2.4155744658e+01 6.0200000000e+02 2.1762776042e+01 1.4000000000e+01 1.4000000000e+01
6.9000000000e+01 1.2300000000e+02 1.3145000000e+04 1.2679120000e+04 7.0000000000e+01 8.0000000000e+00 6.6300000000e+02 2.0112005211e+01 6.0400000000e+02 2.0250246017e+01 1.5000000000e+01 1.0000000000e+01
6.9000000000e+01 1.2400000000e+02 6.5320000000e+03 6.3437000000e+03 3.2000000000e+01 4.0000000000e+00 1.1070000000e+03 4.2324781119e+01 8.3900000000e+02 1.8190745609e+01 7.0000000000e+00 7.0000000000e+00
6.9000000000e+01 1.2500000000e+02 6.5680000000e+03 6.3314100000e+03 2.8000000000e+01 4.0000000000e+00 6.2500000000e+02 2.0559759330e+01 1.0700000000e+03 4.1809089921e+01 1.0000000000e+01 7.0000000000e+00
6.9000000000e+01 1.2600000000e+02 9.7940000000e+03 9.4912400000e+03 4.0000000000e+01 6.0000000000e+00 8.9900000000e+02 4.0236799077e+01 1.1300000000e+03 8.2446563891e+00 7.0000000000e+00 1.1000000000e+01
6.9000000000e+01 1.2700000000e+02 9.8060000000e+03 9.5037100000e+03 5.1000000000e+01 6.0000000000e+00 7.3600000000e+02 2.7754999550e+01 1.2340000000e+03 3.3011513143e+01 1.9000000000e+01 7.0000000000e+00
6.9000000000e+01 1.2800000000e+02 6.5330000000e+03 6.3462000000e+03 2.2000000000e+01 4.0000000000e+00 1.0180000000e+03 4.5225888077e+01 1.3080000000e+03 4.9989522712e+01 1.0000000000e+01 1.0000000000e+01
7.0000000000e+01 1.2900000000e+02 9.7760000000e+03 9.4814200000e+03 5.1000000000e+01 6.0000000000e+00 7.8700000000e+02 2.0688160866e+00 5.2700000000e+02 2.0436731637e+01 7.0000000000e+00 1.5000000000e+01
7.1000000000e+01 1.3000000000e+02 6.5320000000e+03 6.3374500000e+03 3.6000000000e+01 4.0000000000e+00 5.6600000000e+02 2.4877413738e+01 7.8500000000e+02 2.2375369111e+01 7.0000000000e+00 1.1000000000e+01
7.1000000000e+01 1.3100000000e+02 6.5970000000e+03 6.3430800000e+03 3.2000000000e+01 4.0000000000e+00 8.2600000000e+02 3.5179264420e+01 8.1100000000e+02 2.2995090640e+01 1.1000000000e+01 7.0000000000e+00
7.1000000000e+01 1.3200000000e+02 6.4620000000e+03 6.3241600000e+03 2.3000000000e+01 4.0000000000e+00 9.2200000000e+02 2.9025067536e+01 1.2310000000e+03 3.9796071071e+01 7.0000000000e+00 1.4000000000e+01
7.1000000000e+01 1.3300000000e+02 6.5690000000e+03 6.3317800000e+03 4.0000000000e+01 4.0000000000e+00 8.0100000000e+02 1.3216151734e+01 1.2750000000e+03 3.2419525614e+01 1.1000000000e+01 7.0000000000e+00
7.1000000000e+01 1.3400000000e+02 6.5260000000e+03 6.3376400000e+03 2.8000000000e+01 4.0000000000e+00 1.2190000000e+03 2.8584507588e+01 1.2830000000e+03 2.4024678670e+01 7.0000000000e+00 9.0000000000e+00
7.2000000000e+01 1.3500000000e+02 6.5150000000e+03 6.3318800000e+03 2.5000000000e+01 4.0000000000e+00 1.5220000000e+03 3.2026031079e+01 7.8500000000e+02 1.4342535806e+01 1.1000000000e+01 1.1000000000e+01
7.3000000000e+01 1.3600000000e+02 6.5620000000e+03 6.3392500000e+03 3.3000000000e+01 4.0000000000e+00 7.6700000000e+02 1.0049875621e+01 5.1500000000e+02 2.4189357164e+01 7.0000000000e+00 7.0000000000e+00
7.3000000000e+01 1.3700000000e+02 6.5530000000e+03 6.3253700000e+03 3.1000000000e+01 4.0000000000e+00 1.1740000000e+03 3.5448554272e+01 6.5900000000e+02 2.9804921294e+01 6.0000000000e+00 1.1000000000e+01
7.3000000000e+01 1.3800000000e+02 2.6398000000e+04 2.5331490000e+04 1.4200000000e+02 1.6000000000e+01 8.2600000000e+02 3.6123802098e+01 8.9500000000e+02 1.5249462262e+01 2.7000000000e+01 1.5000000000e+01
7.3000000000e+01 1.3900000000e+02 8.1610000000e+03 7.9075000000e+03 4.5000000000e+01 5.0000000000e+00 8.9200000000e+02 2.2392165838e+01 9.1600000000e+02 3.1021620027e+01 1.5000000000e+01 7.0000000000e+00
7.3000000000e+01 1.4000000000e+02 8.2130000000e+03 7.8957900000e+03 4.3000000000e+01 5.0000000000e+00 7.6900000000e+02 1.2588732680e+01 1.3300000000e+03 5.1631939174e+01 1.1000000000e+01 7.0000000000e+00
7.4000000000e+01 1.4100000000e+02 6.5550000000e+03 6.3254400000e+03 3.3000000000e+01 4.0000000000e+00 3.6900000000e+02 1.6844880528e+01 6.0300000000e+02 3.1393669744e+01 1.1000000000e+01 7.0000000000e+00
7.4000000000e+01 1.4200000000e+02 6.5140000000e+03 6.3418100000e+03 3.1000000000e+01 4.0000000000e+00 8.1800000000e+02 2.7893846394e+01 6.3700000000e+02 2.7854383258e+01 1.1000000000e+01 1.1000000000e+01
7.4000000000e+01 1.4300000000e+02 6.5190000000e+03 6.3255100000e+03 3.5000000000e+01 4.0000000000e+00 6.2700000000e+02 2.6574534471e+01 1.2790000000e+03 2.4656463178e+01 7.0000000000e+00 7.0000000000e+00
7.5000000000e+01 1.4400000000e+02 8.1410000000e+03 7.9053900000e+03 3.4000000000e+01 5.0000000000e+00 8.0300000000e+02 1.2859379315e+01 4.5900000000e+02 2.9472637541e+01 1.5000000000e+01 7.0000000000e+00
7.5000000000e+01 1.4500000000e+02 6.5790000000e+03 6.3350600000e+03 3.5000000000e+01 4.0000000000e+00 1.2340000000e+03 4.6722585545e+01 4.8500000000e+02 1.0983945503e+01 7.0000000000e+00 1.0000000000e+01
7.5000000000e+01 1.4600000000e+02 9.8500000000e+03 9.4994400000e+03 5.4000000000e+01 6.0000000000e+00 1.1500000000e+03 3.6145930641e+01 6.6400000000e+02 3.0745762095e+01 7.0000000000e+00 1.5000000000e+01
7.5000000000e+01 1.4700000000e+02 8.2780000000e+03 7.9141100000e+03 4.3000000000e+01 5.0000000000e+00 1.1710000000e+03 2.9002873421e+01 6.6600000000e+02 1.8108140763e+01 7.0000000000e+00 1.1000000000e+01
7.5000000000e+01 1.4800000000e+02 6.5850000000e+03 6.3377100000e+03 3.0000000000e+01 4.0000000000e+00 1.3790000000e+03 1.8569533818e+00 9.1500000000e+02 3.2828183854e+01 7.0000000000e+00 7.0000000000e+00
7.5000000000e+01 1.4900000000e+02 6.4930000000e+03 6.3409200000e+03 2.4000000000e+01 4.0000000000e+00 1.6050000000e+03 4.7353435209e+01 1.0550000000e+03 4.3953038180e+01 1.1000000000e+01 7.0000000000e+00
7.7000000000e+01 1.5000000000e+02 1.4908000000e+04 1.4242650000e+04 8.2000000000e+01 9.0000000000e+00 1.1260000000e+03 3.6723861117e+01 1.1770000000e+03 1.9397721643e+01 1.4000000000e+01 1.9000000000e+01
7.7000000000e+01 1.5100000000e+02 1.3199000000e+04 1.2626180000e+04 7.9000000000e+01 8.0000000000e+00 1.1510000000e+03 1.2407090611e+01 1.2130000000e+03 4.5565675340e+01 1.1000000000e+01 1.9000000000e+01
7.7000000000e+01 1.5200000000e+02 9.8960000000e+03 9.4823700000e+03 5.3000000000e+01 6.0000000000e+00 1.1700000000e+03 3.5614927726e+01 1.2080000000e+03 2.9286384340e+00 1.1000000000e+01 1.1000000000e+01
7.8000000000e+01 1.5300000000e+02 9.8060000000e+03 9.5031400000e+03 4.5000000000e+01 6.0000000000e+00 6.4400000000e+02 2.6106860819e+01 5.0400000000e+02 2.8873548763e+01 1.0000000000e+01 1.1000000000e+01
7.8000000000e+01 1.5400000000e+02 6.6010000000e+03 6.3288500000e+03 3.3000000000e+01 4.0000000000e+00 6.6300000000e+02 3.0957127612e+01 5.1400000000e+02 6.3121905865e+00 7.0000000000e+00 1.0000000000e+01
7.8000000000e+01 1.5500000000e+02 6.5240000000e+03 6.3305100000e+03 3.0000000000e+01 4.0000000000e+00 6.7100000000e+02 3.2708218940e+01 7.3500000000e+02 2.9413227144e+01 7.0000000000e+00 7.0000000000e+00
7.8000000000e+01 1.5600000000e+02 6.5210000000e+03 6.3253700000e+03 2.7000000000e+01 4.0000000000e+00 1.3110000000e+03 4.0215764226e+01 8.3100000000e+02 2.8912999472e+01 7.0000000000e+00 7.0000000000e+00
7.8000000000e+01 1.5700000000e+02 8.2050000000e+03 7.9135000000e+03 3.9000000000e+01 5.0000000000e+00 6.1100000000e+02 1.8943822768e+01 9.2000000000e+02 3.7573436866e+01 7.0000000000e+00 1.0000000000e+01
7.8000000000e+01 1.5800000000e+02 6.5690000000e+03 6.3238800000e+03 3.7000000000e+01 4.0000000000e+00 7.1500000000e+02 3.0961445559e+01 9.8300000000e+02 3.3118474200e+01 7.0000000000e+00 7.0000000000e+00
7.8000000000e+01 1.5900000000e+02 6.5600000000e+03 6.3530300000e+03 3.1000000000e+01 4.0000000000e+00 8.5600000000e+02 4.0798284278e+01 1.0230000000e+03 2.6204325343e+01 1.1000000000e+01 7.0000000000e+00
7.8000000000e+01 1.6000000000e+02 6.5280000000e+03 6.3136100000e+03 3.7000000000e+01 4.0000000000e+00 9.9700000000e+02 4.2147228721e+01 1.1210000000e+03 2.6362325812e+01 7.0000000000e+00 1.1000000000e+01
7.8000000000e+01 1.6100000000e+02 8.2250000000e+03 7.9078000000e+03 4.4000000000e+01 5.0000000000e+00 1.3240000000e+03 4.9774841875e+01 1.1770000000e+03 3.3189379080e+01 1.1000000000e+01 1.0000000000e+01
7.8000000000e+01 1.6200000000e+02 6.5460000000e+03 6.3445400000e+03 2.9000000000e+01 4.0000000000e+00 3.1900000000e+02 1.6673332001e+01 1.4270000000e+03 3.2237954561e+01 7.0000000000e+00 1.5000000000e+01
8.0000000000e+01 1.6300000000e+02 9.7820000000e+03 9.4720600000e+03 4.4000000000e+01 6.0000000000e+00 3.5900000000e+02 2.1668216999e+01 4.8100000000e+02 1.5461881109e+01 1.5000000000e+01 1.5000000000e+01
8.0000000000e+01 1.6400000000e+02 6.5470000000e+03 6.3401000000e+03 2.6000000000e+01 4.0000000000e+00 3.9800000000e+02 2.7949955277e+01 7.1900000000e+02 3.3997646977e+01 1.4000000000e+01 7.0000000000e+00
8.0000000000e+01 1.6500000000e+02 9.8810000000e+03 9.5013000000e+03 5.0000000000e+01 6.0000000000e+00 8.2600000000e+02 9.3721254096e+00 8.2000000000e+02 8.4467117138e+00 1.5000000000e+01 7.0000000000e+00
8.0000000000e+01 1.6600000000e+02 6.5200000000e+03 6.3313700000e+03 3.3000000000e+01 4.0000000000e+00 8.3800000000e+02 3.5621271735e+01 9.5100000000e+02 3.2810059433e+01 1.1000000000e+01 7.0000000000e+00
8.0000000000e+01 1.6700000000e+02 6.5230000000e+03 6.3302800000e+03 3.0000000000e+01 4.0000000000e+00 1.0050000000e+03 3.9141652565e+01 1.3940000000e+03 5.0042740353e+01 1.0000000000e+01 7.0000000000e+00
8.1000000000e+01 1.6800000000e+02 9.8920000000e+03 9.4985300000e+03 5.6000000000e+01 6.0000000000e+00 8.3900000000e+02 3.0867753106e+01 9.0400000000e+02 2.6426226642e+01 1.1000000000e+01 1.1000000000e+01
8.1000000000e+01 1.6900000000e+02 6.5610000000e+03 6.3388400000e+03 3.2000000000e+01 4.0000000000e+00 8.3900000000e+02 2.4502139472e+01 9.5300000000e+02 3.4276390821e+01 7.0000000000e+00 1.0000000000e+01
8.2000000000e+01 1.7000000000e+02 6.5020000000e+03 6.3281500000e+03 2.9000000000e+01 4.0000000000e+00 1.3370000000e+03 3.1017276292e+01 9.4600000000e+02 3.2008369441e+01 1.1000000000e+01 1.1000000000e+01
8.2000000000e+01 1.7100000000e+02 6.5820000000e+03 6.3325800000e+03 3.7000000000e+01 4.0000000000e+00 1.0030000000e+03 2.9936042936e+01 1.3950000000e+03 3.9449686663e+01 7.0000000000e+00 7.0000000000e+00
8.3000000000e+01 1.7200000000e+02 6.4980000000e+03 6.3403000000e+03 2.7000000000e+01 4.0000000000e+00 3.7100000000e+02 2.7439443816e+01 5.7000000000e+02 3.0399266185e+01 1.1000000000e+01 6.0000000000e+00
8.4000000000e+01 1.7300000000e+02 8.1690000000e+03 7.9037700000e+03 3.7000000000e+01 5.0000000000e+00 8.4700000000e+02 3.7008632627e+01 2.1800000000e+02 1.5637383981e+01 7.0000000000e+00 1.4000000000e+01
8.4000000000e+01 1.7400000000e+02 6.5370000000e+03 6.3287800000e+03 2.8000000000e+01 4.0000000000e+00 9.0000000000e+02 1.6458702528e+01 7.1900000000e+02 1.0540925534e+01 7.0000000000e+00 7.0000000000e+00
8.5000000000e+01 1.7500000000e+02 9.8540000000e+03 9.5094300000e+03 5.2000000000e+01 6.0000000000e+00 1.1770000000e+03 4.1436698710e+01 8.4400000000e+02 2.3347334735e+01 1.1000000000e+01 1.5000000000e+01
8.5000000000e+01 1.7600000000e+02 6.5470000000e+03 6.3152200000e+03 3.2000000000e+01 4.0000000000e+00 1.0270000000e+03 3.8243700725e+01 1.0430000000e+03 3.5815386854e+01 7.0000000000e+00 7.0000000000e+00
8.5000000000e+01 1.7700000000e+02 8.1260000000e+03 7.9209600000e+03 3.8000000000e+01 5.0000000000e+00 7.3400000000e+02 3.1637729785e+01 1.1080000000e+03 1.3541727304e+01 1.1000000000e+01 7.0000000000e+00
8.6000000000e+01 1.7800000000e+02 8.2990000000e+03 7.9157900000e+03 5.1000000000e+01 5.0000000000e+00 8.2700000000e+02 1.0220567499e+01 1.0760000000e+03 3.0209601123e+01 7.0000000000e+00 1.1000000000e+01
8.7000000000e+01 1.7900000000e+02 9.8270000000e+03 9.4986100000e+03 3.9000000000e+01 6.0000000000e+00 6.5800000000e+02 3.5007893847e+01 7.8800000000e+02 9.5559295452e+00 1.4000000000e+01 1.1000000000e+01
8.7000000000e+01 1.8000000000e+02 8.1520000000e+03 7.9147100000e+03 3.5000000000e+01 5.0000000000e+00 7.1300000000e+02 8.2194174690e+00 8.1700000000e+02 3.6811922621e+01 1.5000000000e+01 1.1000000000e+01
8.7000000000e+01 1.8100000000e+02 6.5060000000e+03 6.3400000000e+03 3.0000000000e+01 4.0000000000e+00 7.2200000000e+02 1.0312362852e+01 1.0630000000e+03 4.1121770390e+01 1.0000000000e+01 7.0000000000e+00
8.8000000000e+01 1.8200000000e+02 6.5980000000e+03 6.3310300000e+03 2.6000000000e+01 4.0000000000e+00 6.1500000000e+02 2.6343879745e+01 9.5400000000e+02 3.2749961832e+01 7.0000000000e+00 7.0000000000e+00
8.8000000000e+01 1.8300000000e+02 6.5900000000e+03 6.3410400000e+03 3.4000000000e+01 4.0000000000e+00 1.1180000000e+03 3.3994206280e+01 1.1930000000e+03 1.5002020066e+01 7.0000000000e+00 1.1000000000e+01
8.9000000000e+01 1.8400000000e+02 6.5580000000e+03 6.3295300000e+03 3.0000000000e+01 4.0000000000e+00 8.9400000000e+02 3.0494205215e+01 6.0100000000e+02 2.6668462583e+01 7.0000000000e+00 1.0000000000e+01
8.9000000000e+01 1.8500000000e+02 6.5180000000e+03 6.3277900000e+03 2.5000000000e+01 4.0000000000e+00 5.6300000000e+02 2.3831002217e+01 1.2790000000e+03 2.5355801440e+01 7.0000000000e+00 7.0000000000e+00
9.2000000000e+01 1.8600000000e+02 6.5840000000e+03 6.3386300000e+03 2.9000000000e+01 4.0000000000e+00 8.8500000000e+02 3.1918422804e+01 8.7600000000e+02 3.0697254414e+01 1.0000000000e+01 7.0000000000e+00
9.2000000000e+01 1.8700000000e+02 1.1473000000e+04 1.1088750000e+04 5.9000000000e+01 7.0000000000e+00 4.8500000000e+02 1.3376510550e+01 9.4800000000e+02 8.6781533074e+00 1.1000000000e+01 1.1000000000e+01
9.2000000000e+01 1.8800000000e+02 9.8710000000e+03 9.5088100000e+03 5.3000000000e+01 6.0000000000e+00 1.2500000000e+03 1.9801903560e+01 1.2880000000e+03 4.2895893653e+01 1.1000000000e+01 1.1000000000e+01
9.2000000000e+01 1.8900000000e+02 6.5280000000e+03 6.3372700000e+03 3.2000000000e+01 4.0000000000e+00 6.2300000000e+02 2.7001792055e+01 1.6350000000e+03 4.5978957319e+01 7.0000000000e+00 7.0000000000e+00
9.3000000000e+01 1.9000000000e+02 8.1290000000e+03 7.9108200000e+03 2.8000000000e+01 5.0000000000e+00 1.8800000000e+02 1.0645812948e+01 5.7900000000e+02 1.4801151106e+01 1.8000000000e+01 7.0000000000e+00
9.3000000000e+01 1.9100000000e+02 1.6377000000e+04 1.5832290000e+04 8.2000000000e+01 1.0000000000e+01 1.2620000000e+03 3.9258403205e+01 6.4900000000e+02 3.4243499879e+01 1.4000000000e+01 1.5000000000e+01
9.3000000000e+01 1.9200000000e+02 6.5740000000e+03 6.3375500000e+03 3.3000000000e+01 4.0000000000e+00 1.0230000000e+03 3.5906997925e+01 7.1100000000e+02 2.3189437251e+01 1.0000000000e+01 7.0000000000e+00
9.3000000000e+01 1.9300000000e+02 8.2280000000e+03 7.9301100000e+03 3.7000000000e+01 5.0000000000e+00 1.1120000000e+03 4.4575155013e+01 9.8800000000e+02 2.2332711434e+01 1.0000000000e+01 7.0000000000e+00
9.3000000000e+01 1.9400000000e+02 9.8130000000e+03 9.4991300000e+03 4.9000000000e+01 6.0000000000e+00 1.5140000000e+03 5.5150551523e+01 1.2620000000e+03 3.7106266317e+01 1.1000000000e+01 1.1000000000e+01
9.4000000000e+01 1.9500000000e+02 8.2070000000e+03 7.9218900000e+03 3.8000000000e+01 5.0000000000e+00 1.3030000000e+03 4.6021146726e+01 5.7400000000e+02 2.9683009973e+00 7.0000000000e+00 1.1000000000e+01
9.4000000000e+01 1.9600000000e+02 9.8030000000e+03 9.4934300000e+03 4.6000000000e+01 6.0000000000e+00 9.2100000000e+02 4.1073105556e+01 8.5000000000e+02 2.9639688108e+01 1.1000000000e+01 1.1000000000e+01
9.4000000000e+01 1.9700000000e+02 1.1580000000e+04 1.1090840000e+04 6.3000000000e+01 7.0000000000e+00 1.3550000000e+03 4.2395792548e+01 1.1410000000e+03 1.3043352033e+01 7.0000000000e+00 1.9000000000e+01
9.4000000000e+01 1.9800000000e+02 6.5770000000e+03 6.3332400000e+03 3.6000000000e+01 4.0000000000e+00 5.8400000000e+02 2.7175619325e+01 1.3490000000e+03 3.1763860866e+01 7.0000000000e+00 1.1000000000e+01
9.5000000000e+01 1.9900000000e+02 6.6650000000e+03 6.3208200000e+03 4.4000000000e+01 4.0000000000e+00 1.5950000000e+03 3.4532761661e+01 6.0300000000e+02 2.3205352229e+01 7.0000000000e+00 7.0000000000e+00
9.8000000000e+01 2.0000000000e+02 8.1370000000e+03 7.9060100000e+03 3.3000000000e+01 5.0000000000e+00 7.8900000000e+02 3.4505434355e+01 5.9500000000e+02 9.7211110476e+00 1.1000000000e+01 1.5000000000e+01
9.8000000000e+01 2.0100000000e+02 6.5210000000e+03 6.3176900000e+03 3.0000000000e+01 4.0000000000e+00 6.9400000000e+02 1.2285399240e+01 1.0920000000e+03 3.4849429818e+01 1.1000000000e+01 1.1000000000e+01
9.8000000000e+01 2.0200000000e+02 6.5360000000e+03 6.3325500000e+03 2.7000000000e+01 4.0000000000e+00 9.0600000000e+02 3.0508510792e+00 1.2160000000e+03 3.0651891647e+01 1.1000000000e+01 7.0000000000e+00
9.9000000000e+01 2.0300000000e+02 1.3151000000e+04 1.2656410000e+04 7.0000000000e+01 8.0000000000e+00 8.9500000000e+02 4.0065706902e+01 8.6100000000e+02 3.7512123644e+01 1.5000000000e+01 1.1000000000e+01
9.9000000000e+01 2.0400000000e+02 9.9690000000e+03 9.5220500000e+03 6.2000000000e+01 6.0000000000e+00 8.9100000000e+02 3.4401200894e+01 9.0700000000e+02 3.0445597814e+01 1.5000000000e+01 7.0000000000e+00
