0.0000000000e+00 0.0000000000e+00 6.7220000000e+03 6.3605700000e+03 3.8000000000e+01 4.0000000000e+00
0.0000000000e+00 1.0000000000e+00 8.3150000000e+03 7.9353600000e+03 4.2000000000e+01 5.0000000000e+00
0.0000000000e+00 2.0000000000e+00 5.0420000000e+03 4.7648700000e+03 2.8000000000e+01 3.0000000000e+00
0.0000000000e+00 3.0000000000e+00 9.9650000000e+03 9.5235200000e+03 5.2000000000e+01 6.0000000000e+00
0.0000000000e+00 4.0000000000e+00 1.0025000000e+04 9.5251600000e+03 5.4000000000e+01 6.0000000000e+00
0.0000000000e+00 5.0000000000e+00 8.4490000000e+03 7.9618300000e+03 4.9000000000e+01 5.0000000000e+00
0.0000000000e+00 6.0000000000e+00 6.7800000000e+03 6.3613300000e+03 4.4000000000e+01 4.0000000000e+00
0.0000000000e+00 7.0000000000e+00 1.5023000000e+04 1.4289670000e+04 7.3000000000e+01 9.0000000000e+00
0.0000000000e+00 8.0000000000e+00 6.7540000000e+03 6.3673900000e+03 3.8000000000e+01 4.0000000000e+00
0.0000000000e+00 9.0000000000e+00 1.1743000000e+04 1.1095480000e+04 6.9000000000e+01 7.0000000000e+00
0.0000000000e+00 1.0000000000e+01 8.4340000000e+03 7.9320000000e+03 4.4000000000e+01 5.0000000000e+00
0.0000000000e+00 1.1000000000e+01 4.9820000000e+03 4.7709000000e+03 2.5000000000e+01 3.0000000000e+00
0.0000000000e+00 1.2000000000e+01 6.6930000000e+03 6.3657700000e+03 3.0000000000e+01 4.0000000000e+00
0.0000000000e+00 1.3000000000e+01 4.9590000000e+03 4.7572400000e+03 2.2000000000e+01 3.0000000000e+00
0.0000000000e+00 1.4000000000e+01 4.9470000000e+03 4.7561300000e+03 2.4000000000e+01 3.0000000000e+00
0.0000000000e+00 1.5000000000e+01 4.9600000000e+03 4.7716200000e+03 2.1000000000e+01 3.0000000000e+00
0.0000000000e+00 1.6000000000e+01 6.6480000000e+03 6.3466100000e+03 3.7000000000e+01 4.0000000000e+00
0.0000000000e+00 1.7000000000e+01 8.3880000000e+03 7.9418200000e+03 4.7000000000e+01 5.0000000000e+00
0.0000000000e+00 1.8000000000e+01 8.2890000000e+03 7.9422600000e+03 3.9000000000e+01 5.0000000000e+00
0.0000000000e+00 1.9000000000e+01 1.1771000000e+04 1.1117390000e+04 6.6000000000e+01 7.0000000000e+00
0.0000000000e+00 2.0000000000e+01 8.4790000000e+03 7.9545200000e+03 5.0000000000e+01 5.0000000000e+00
0.0000000000e+00 2.1000000000e+01 1.0120000000e+04 9.5314500000e+03 6.2000000000e+01 6.0000000000e+00
0.0000000000e+00 2.2000000000e+01 6.6850000000e+03 6.3420700000e+03 3.7000000000e+01 4.0000000000e+00
0.0000000000e+00 2.3000000000e+01 6.6380000000e+03 6.3318700000e+03 3.7000000000e+01 4.0000000000e+00
0.0000000000e+00 2.4000000000e+01 6.7770000000e+03 6.3531400000e+03 4.3000000000e+01 4.0000000000e+00
0.0000000000e+00 2.5000000000e+01 8.2970000000e+03 7.9310800000e+03 4.2000000000e+01 5.0000000000e+00
0.0000000000e+00 2.6000000000e+01 4.9790000000e+03 4.7604400000e+03 2.3000000000e+01 3.0000000000e+00
0.0000000000e+00 2.7000000000e+01 6.6440000000e+03 6.3542700000e+03 2.5000000000e+01 4.0000000000e+00
0.0000000000e+00 2.8000000000e+01 5.0080000000e+03 4.7564300000e+03 2.9000000000e+01 3.0000000000e+00
0.0000000000e+00 2.9000000000e+01 4.9840000000e+03 4.7599900000e+03 2.5000000000e+01 3.0000000000e+00
0.0000000000e+00 3.0000000000e+01 8.4650000000e+03 7.9355000000e+03 5.1000000000e+01 5.0000000000e+00
