0.0000000000e+00 0.0000000000e+00 6.9380000000e+03 6.3257300000e+03 4.2000000000e+01 4.0000000000e+00 6.3400000000e+02 1.6951149324e+01 9.3100000000e+02 4.1611443079e+01 1.1000000000e+01 7.0000000000e+00
1.0000000000e+00 1.0000000000e+00 6.9920000000e+03 6.3398500000e+03 4.2000000000e+01 4.0000000000e+00 1.0670000000e+03 1.4607048082e+01 7.2300000000e+02 3.0948816913e+01 7.0000000000e+00 7.0000000000e+00
3.0000000000e+00 2.0000000000e+00 7.0540000000e+03 6.3543300000e+03 4.1000000000e+01 4.0000000000e+00 1.1170000000e+03 2.3765521244e+01 4.9600000000e+02 2.1812267191e+01 1.0000000000e+01 7.0000000000e+00
3.0000000000e+00 3.0000000000e+00 1.7972000000e+04 1.5863840000e+04 1.1300000000e+02 1.0000000000e+01 1.1570000000e+03 3.4385939818e+01 5.2500000000e+02 2.4286239490e+01 1.9000000000e+01 1.1000000000e+01
3.0000000000e+00 4.0000000000e+00 1.7722000000e+04 1.5856560000e+04 9.7000000000e+01 1.0000000000e+01 1.3410000000e+03 4.6155082783e+01 9.4500000000e+02 2.5850934864e+01 1.1000000000e+01 1.9000000000e+01
4.0000000000e+00 5.0000000000e+00 1.9595000000e+04 1.7438470000e+04 1.2300000000e+02 1.1000000000e+01 5.2600000000e+02 3.1244540507e+01 9.0900000000e+02 3.5128569476e+01 1.5000000000e+01 1.1000000000e+01
4.0000000000e+00 6.0000000000e+00 1.9024000000e+04 1.7431040000e+04 1.0300000000e+02 1.1000000000e+01 5.9500000000e+02 1.6000919091e+01 9.5400000000e+02 3.9645364193e+01 2.2000000000e+01 1.8000000000e+01
5.0000000000e+00 7.0000000000e+00 1.2142000000e+04 1.1099920000e+04 6.4000000000e+01 7.0000000000e+00 5.0900000000e+02 2.2009738104e+01 5.2900000000e+02 2.5473920682e+01 1.5000000000e+01 1.1000000000e+01
6.0000000000e+00 8.0000000000e+00 6.8860000000e+03 6.3325800000e+03 3.6000000000e+01 4.0000000000e+00 5.9300000000e+02 2.4137108360e+01 8.0700000000e+02 3.4020582006e+01 1.0000000000e+01 7.0000000000e+00
7.0000000000e+00 9.0000000000e+00 6.9470000000e+03 6.3338500000e+03 3.6000000000e+01 4.0000000000e+00 9.8700000000e+02 4.4508426169e+01 5.6700000000e+02 2.5537647279e+01 7.0000000000e+00 7.0000000000e+00
7.0000000000e+00 1.0000000000e+01 7.0020000000e+03 6.3333300000e+03 4.2000000000e+01 4.0000000000e+00 9.6300000000e+02 2.5730308597e+01 8.5100000000e+02 3.1641282081e+01 7.0000000000e+00 7.0000000000e+00
7.0000000000e+00 1.1000000000e+01 1.6230000000e+04 1.4279120000e+04 9.9000000000e+01 9.0000000000e+00 1.3440000000e+03 1.2364778813e+01 9.7200000000e+02 1.9090012348e+01 1.5000000000e+01 1.1000000000e+01
9.0000000000e+00 1.2000000000e+01 6.8830000000e+03 6.3546900000e+03 3.4000000000e+01 4.0000000000e+00 7.5900000000e+02 3.1883309968e+01 5.8900000000e+02 2.8827070611e+01 7.0000000000e+00 1.1000000000e+01
9.0000000000e+00 1.3000000000e+01 6.9310000000e+03 6.3382700000e+03 3.2000000000e+01 4.0000000000e+00 5.7700000000e+02 2.5315429440e+01 8.8200000000e+02 7.7313772090e+00 1.1000000000e+01 6.0000000000e+00
1.0000000000e+01 1.4000000000e+01 1.2399000000e+04 1.1100870000e+04 7.4000000000e+01 7.0000000000e+00 1.0200000000e+03 2.0172543391e+01 6.8000000000e+02 2.9114088290e+01 1.5000000000e+01 1.1000000000e+01
1.0000000000e+01 1.5000000000e+01 1.2144000000e+04 1.1063310000e+04 6.8000000000e+01 7.0000000000e+00 7.5900000000e+02 2.5744728485e+01 1.2300000000e+03 4.9045972951e+01 7.0000000000e+00 1.5000000000e+01
1.0000000000e+01 1.6000000000e+01 1.7502000000e+04 1.5853380000e+04 1.0700000000e+02 1.0000000000e+01 7.3900000000e+02 3.6433708216e+01 1.2620000000e+03 3.8301066540e+01 1.5000000000e+01 1.5000000000e+01
1.0000000000e+01 1.7000000000e+01 5.3793000000e+04 4.7577620000e+04 3.3100000000e+02 3.0000000000e+01 7.5500000000e+02 2.5777838732e+01 1.2830000000e+03 4.8701720460e+01 3.5000000000e+01 3.9000000000e+01
1.1000000000e+01 1.8000000000e+01 1.0535000000e+04 9.5263400000e+03 6.4000000000e+01 6.0000000000e+00 3.9900000000e+02 2.4331050121e+01 1.3800000000e+03 5.0067414870e+01 1.1000000000e+01 1.1000000000e+01
1.2000000000e+01 1.9000000000e+01 6.8870000000e+03 6.3490400000e+03 3.9000000000e+01 4.0000000000e+00 7.7900000000e+02 2.0370256955e+01 7.6800000000e+02 1.5717907990e+01 7.0000000000e+00 7.0000000000e+00
1.2000000000e+01 2.0000000000e+01 6.9580000000e+03 6.3419600000e+03 4.4000000000e+01 4.0000000000e+00 7.5100000000e+02 2.4481127045e+01 1.2670000000e+03 3.1737660118e+01 7.0000000000e+00 7.0000000000e+00
1.3000000000e+01 2.1000000000e+01 1.2156000000e+04 1.1113220000e+04 6.9000000000e+01 7.0000000000e+00 8.5700000000e+02 3.9931006675e+01 5.2000000000e+02 1.0264158084e+01 1.1000000000e+01 1.5000000000e+01
1.3000000000e+01 2.2000000000e+01 1.4067000000e+04 1.2691330000e+04 8.2000000000e+01 8.0000000000e+00 7.2800000000e+02 2.5936532222e+01 1.0680000000e+03 4.0976205079e+01 1.1000000000e+01 1.5000000000e+01
1.3000000000e+01 2.3000000000e+01 3.4969000000e+04 3.1738420000e+04 2.1000000000e+02 2.0000000000e+01 7.4000000000e+02 3.0473142933e+01 1.1020000000e+03 3.8624681600e+01 3.5000000000e+01 1.9000000000e+01
1.3000000000e+01 2.4000000000e+01 1.3953000000e+04 1.2696770000e+04 7.8000000000e+01 8.0000000000e+00 7.7000000000e+02 2.7488132032e+01 1.0990000000e+03 1.4404634896e+01 1.5000000000e+01 1.1000000000e+01
1.3000000000e+01 2.5000000000e+01 8.5300000000e+03 7.9238700000e+03 4.5000000000e+01 5.0000000000e+00 6.4600000000e+02 2.8346476453e+01 1.4330000000e+03 3.8839120391e+01 1.1000000000e+01 1.1000000000e+01
1.4000000000e+01 2.6000000000e+01 8.7740000000e+03 7.9361000000e+03 5.4000000000e+01 5.0000000000e+00 1.3440000000e+03 4.1035419583e+01 8.3900000000e+02 2.1171358367e+01 1.1000000000e+01 7.0000000000e+00
1.4000000000e+01 2.7000000000e+01 8.7540000000e+03 7.9328800000e+03 5.1000000000e+01 5.0000000000e+00 1.4750000000e+03 3.4419761766e+01 8.8300000000e+02 1.2232742947e+01 7.0000000000e+00 1.0000000000e+01
1.4000000000e+01 2.8000000000e+01 7.0270000000e+03 6.3453900000e+03 3.9000000000e+01 4.0000000000e+00 9.7300000000e+02 2.6914093354e+01 8.8700000000e+02 3.4237944478e+01 1.1000000000e+01 7.0000000000e+00
1.4000000000e+01 2.9000000000e+01 2.1077000000e+04 1.9024620000e+04 1.3900000000e+02 1.2000000000e+01 9.9600000000e+02 4.4349975083e+01 1.1490000000e+03 2.5044453232e+01 2.7000000000e+01 1.1000000000e+01
1.4000000000e+01 3.0000000000e+01 6.8750000000e+03 6.3496900000e+03 4.0000000000e+01 4.0000000000e+00 8.7900000000e+02 2.5222090440e+01 1.4730000000e+03 5.3670886918e+01 7.0000000000e+00 1.1000000000e+01
1.5000000000e+01 3.1000000000e+01 8.7400000000e+03 7.9361800000e+03 4.4000000000e+01 5.0000000000e+00 1.0780000000e+03 4.0922217767e+01 2.6600000000e+02 5.3090532594e+00 1.5000000000e+01 7.0000000000e+00
1.5000000000e+01 3.2000000000e+01 2.4754000000e+04 2.2200600000e+04 1.4400000000e+02 1.4000000000e+01 5.4700000000e+02 3.1628857320e+01 1.1350000000e+03 2.8730359664e+01 2.3000000000e+01 1.5000000000e+01
1.6000000000e+01 3.3000000000e+01 6.9530000000e+03 6.3208500000e+03 3.5000000000e+01 4.0000000000e+00 8.7900000000e+02 1.9154941000e+01 7.9100000000e+02 1.5432014088e+01 7.0000000000e+00 7.0000000000e+00
1.6000000000e+01 3.4000000000e+01 8.6430000000e+03 7.9316700000e+03 4.8000000000e+01 5.0000000000e+00 9.7300000000e+02 3.7161235808e+01 9.4300000000e+02 6.6508678045e+00 1.1000000000e+01 7.0000000000e+00
1.6000000000e+01 3.5000000000e+01 1.7730000000e+04 1.5867320000e+04 1.1900000000e+02 1.0000000000e+01 9.1500000000e+02 1.6853808100e+01 9.9900000000e+02 2.6361406048e+01 7.0000000000e+00 2.3000000000e+01
1.7000000000e+01 3.6000000000e+01 6.8390000000e+03 6.3228700000e+03 3.0000000000e+01 4.0000000000e+00 1.2030000000e+03 1.5888620955e+01 1.4920000000e+03 5.4751161222e+01 7.0000000000e+00 1.1000000000e+01
1.8000000000e+01 3.7000000000e+01 1.0566000000e+04 9.5120600000e+03 6.3000000000e+01 6.0000000000e+00 7.5600000000e+02 3.8401108855e+01 6.4100000000e+02 3.5356707627e+01 1.1000000000e+01 1.1000000000e+01
1.8000000000e+01 3.8000000000e+01 1.9322000000e+04 1.7453160000e+04 1.1600000000e+02 1.1000000000e+01 7.7200000000e+02 3.8918420809e+01 6.6300000000e+02 3.4955499661e+01 1.1000000000e+01 2.3000000000e+01
1.8000000000e+01 3.9000000000e+01 8.5970000000e+03 7.9197500000e+03 4.7000000000e+01 5.0000000000e+00 4.7900000000e+02 1.0422592517e+01 8.8400000000e+02 2.9257477677e+01 7.0000000000e+00 1.1000000000e+01
2.0000000000e+01 4.0000000000e+01 8.6750000000e+03 7.9158500000e+03 5.0000000000e+01 5.0000000000e+00 1.4520000000e+03 4.5882947791e+01 1.6200000000e+03 2.9467034504e+01 1.9000000000e+01 1.1000000000e+01
2.1000000000e+01 4.1000000000e+01 1.6065000000e+04 1.4262190000e+04 9.8000000000e+01 9.0000000000e+00 1.5920000000e+03 5.2644792970e+01 6.3300000000e+02 1.8661388552e+01 2.3000000000e+01 1.1000000000e+01
2.1000000000e+01 4.2000000000e+01 4.5593000000e+04 4.1226770000e+04 2.6300000000e+02 2.6000000000e+01 8.6400000000e+02 3.3465545686e+01 8.1900000000e+02 2.1090951716e+01 4.3000000000e+01 3.1000000000e+01
2.1000000000e+01 4.3000000000e+01 8.5560000000e+03 7.9192900000e+03 4.4000000000e+01 5.0000000000e+00 8.8100000000e+02 1.5915474406e+01 8.4400000000e+02 2.2678234622e+01 1.1000000000e+01 7.0000000000e+00
2.1000000000e+01 4.4000000000e+01 6.9320000000e+03 6.3513000000e+03 3.9000000000e+01 4.0000000000e+00 1.2840000000e+03 3.6012790126e+01 8.8300000000e+02 3.5688712649e+00 1.1000000000e+01 1.1000000000e+01
2.1000000000e+01 4.5000000000e+01 6.9700000000e+03 6.3212400000e+03 3.9000000000e+01 4.0000000000e+00 7.9100000000e+02 3.5430435920e+01 1.4070000000e+03 4.0421463814e+01 7.0000000000e+00 7.0000000000e+00
2.1000000000e+01 4.6000000000e+01 2.2596000000e+04 2.0608420000e+04 1.2100000000e+02 1.3000000000e+01 9.5400000000e+02 3.5139839688e+01 1.5380000000e+03 4.9995249774e+01 1.4000000000e+01 2.7000000000e+01
2.1000000000e+01 4.7000000000e+01 6.9380000000e+03 6.3348800000e+03 4.2000000000e+01 4.0000000000e+00 8.4300000000e+02 2.8773293851e+01 1.6310000000e+03 4.6405161614e+01 7.0000000000e+00 7.0000000000e+00
2.2000000000e+01 4.8000000000e+01 1.2261000000e+04 1.1103400000e+04 7.5000000000e+01 7.0000000000e+00 5.5400000000e+02 3.2740379235e+01 3.6100000000e+02 2.2827792449e+01 1.1000000000e+01 1.1000000000e+01
2.2000000000e+01 4.9000000000e+01 8.9440000000e+03 7.9115700000e+03 5.1000000000e+01 5.0000000000e+00 4.4300000000e+02 2.5765480783e+01 9.2800000000e+02 1.2359611644e+01 1.0000000000e+01 7.0000000000e+00
2.2000000000e+01 5.0000000000e+01 1.0601000000e+04 9.5164400000e+03 6.7000000000e+01 6.0000000000e+00 9.1200000000e+02 1.2113728751e+01 1.5450000000e+03 3.6978494979e+01 1.1000000000e+01 1.1000000000e+01
2.2000000000e+01 5.1000000000e+01 6.8730000000e+03 6.3333600000e+03 3.3000000000e+01 4.0000000000e+00 9.2300000000e+02 3.0465144017e+01 1.6430000000e+03 3.5167456547e+01 7.0000000000e+00 7.0000000000e+00
2.4000000000e+01 5.2000000000e+01 6.9390000000e+03 6.3285600000e+03 3.3000000000e+01 4.0000000000e+00 1.2200000000e+03 3.7109634868e+01 8.9300000000e+02 1.3270032027e+01 7.0000000000e+00 1.0000000000e+01
2.5000000000e+01 5.3000000000e+01 8.7430000000e+03 7.9229100000e+03 4.9000000000e+01 5.0000000000e+00 1.6350000000e+03 4.9574859220e+01 6.0800000000e+02 2.4327196715e+01 7.0000000000e+00 1.1000000000e+01
2.5000000000e+01 5.4000000000e+01 8.8150000000e+03 7.9102100000e+03 4.6000000000e+01 5.0000000000e+00 6.3400000000e+02 1.8616599522e+01 6.7200000000e+02 1.4588427682e+01 1.1000000000e+01 7.0000000000e+00
2.6000000000e+01 5.5000000000e+01 8.7500000000e+03 7.9171500000e+03 4.5000000000e+01 5.0000000000e+00 6.8800000000e+02 2.1116559637e+01 4.0900000000e+02 1.9951646093e+01 1.1000000000e+01 1.1000000000e+01
2.6000000000e+01 5.6000000000e+01 1.7512000000e+04 1.5868460000e+04 9.6000000000e+01 1.0000000000e+01 6.2700000000e+02 2.0663468909e+01 8.0100000000e+02 2.8997822060e+01 1.5000000000e+01 1.5000000000e+01
2.6000000000e+01 5.7000000000e+01 8.5880000000e+03 7.9075900000e+03 5.0000000000e+01 5.0000000000e+00 7.8400000000e+02 2.7276737491e+01 1.4250000000e+03 3.1532619974e+01 1.0000000000e+01 1.0000000000e+01
2.7000000000e+01 5.8000000000e+01 2.5978000000e+04 2.3754130000e+04 1.4900000000e+02 1.5000000000e+01 6.7400000000e+02 3.2562932832e+01 6.2400000000e+02 2.1262198407e+01 1.9000000000e+01 2.7000000000e+01
2.7000000000e+01 5.9000000000e+01 2.3392000000e+04 2.0628170000e+04 1.4300000000e+02 1.3000000000e+01 6.6500000000e+02 3.3061828550e+01 6.5700000000e+02 2.6422888072e+01 1.9000000000e+01 1.5000000000e+01
2.8000000000e+01 6.0000000000e+01 6.9160000000e+03 6.3523200000e+03 3.6000000000e+01 4.0000000000e+00 6.9400000000e+02 3.3397176955e+01 8.5700000000e+02 2.3357470509e+01 7.0000000000e+00 1.0000000000e+01
2.8000000000e+01 6.1000000000e+01 1.6020000000e+04 1.4274650000e+04 1.0100000000e+02 9.0000000000e+00 7.0200000000e+02 3.3930075155e+01 1.4380000000e+03 3.3211744910e+01 1.5000000000e+01 1.1000000000e+01
2.9000000000e+01 6.2000000000e+01 7.0090000000e+03 6.3518100000e+03 3.8000000000e+01 4.0000000000e+00 8.1900000000e+02 3.5271150450e+01 1.3070000000e+03 4.1238921526e+01 7.0000000000e+00 7.0000000000e+00
3.0000000000e+01 6.3000000000e+01 2.4410000000e+04 2.2198580000e+04 1.4800000000e+02 1.4000000000e+01 1.1830000000e+03 2.9639099016e+01 9.3200000000e+02 3.9521457188e+01 2.3000000000e+01 1.5000000000e+01
3.0000000000e+01 6.4000000000e+01 6.9070000000e+03 6.3483900000e+03 4.1000000000e+01 4.0000000000e+00 1.3090000000e+03 2.4449437621e+01 1.0470000000e+03 2.8104714907e+01 1.1000000000e+01 7.0000000000e+00
3.0000000000e+01 6.5000000000e+01 6.8760000000e+03 6.3376200000e+03 3.8000000000e+01 4.0000000000e+00 9.7900000000e+02 3.8563391126e+01 1.5550000000e+03 3.0493685656e+01 7.0000000000e+00 7.0000000000e+00
3.1000000000e+01 6.6000000000e+01 2.8442000000e+04 2.5372290000e+04 1.7200000000e+02 1.6000000000e+01 1.4280000000e+03 3.7683352926e+01 8.8400000000e+02 3.7730112689e+01 2.7000000000e+01 1.9000000000e+01
3.1000000000e+01 6.7000000000e+01 1.8008000000e+04 1.5879650000e+04 1.0700000000e+02 1.0000000000e+01 1.4570000000e+03 4.1051394387e+01 8.9500000000e+02 2.2244354806e+01 1.1000000000e+01 1.5000000000e+01
3.1000000000e+01 6.8000000000e+01 8.7380000000e+03 7.9109400000e+03 5.1000000000e+01 5.0000000000e+00 9.0000000000e+02 3.4596242571e+01 1.3480000000e+03 4.1583169672e+01 1.1000000000e+01 6.0000000000e+00
3.1000000000e+01 6.9000000000e+01 8.8680000000e+03 7.9227800000e+03 5.0000000000e+01 5.0000000000e+00 2.7200000000e+02 2.0792463313e+01 1.4970000000e+03 4.4290783120e+01 1.1000000000e+01 1.1000000000e+01
3.2000000000e+01 7.0000000000e+01 6.9980000000e+03 6.3509100000e+03 4.0000000000e+01 4.0000000000e+00 7.7100000000e+02 2.9604227002e+01 8.4700000000e+02 2.9209675250e+01 7.0000000000e+00 1.5000000000e+01
3.2000000000e+01 7.1000000000e+01 8.8520000000e+03 7.9376000000e+03 5.2000000000e+01 5.0000000000e+00 1.0290000000e+03 3.1873216982e+01 8.8000000000e+02 3.1788825266e+01 1.1000000000e+01 1.1000000000e+01
3.2000000000e+01 7.2000000000e+01 6.9900000000e+03 6.3454400000e+03 4.3000000000e+01 4.0000000000e+00 7.4900000000e+02 3.3384841157e+01 1.0600000000e+03 2.4699142071e+01 1.1000000000e+01 7.0000000000e+00
3.3000000000e+01 7.3000000000e+01 6.9580000000e+03 6.3307700000e+03 3.4000000000e+01 4.0000000000e+00 5.3500000000e+02 1.4116399232e+01 8.3800000000e+02 3.3560438470e+01 7.0000000000e+00 1.0000000000e+01
3.3000000000e+01 7.4000000000e+01 7.0570000000e+03 6.3620800000e+03 4.4000000000e+01 4.0000000000e+00 4.5000000000e+02 5.4324605757e+00 8.6700000000e+02 2.7029699428e+01 1.1000000000e+01 7.0000000000e+00
3.3000000000e+01 7.5000000000e+01 6.9320000000e+03 6.3272600000e+03 3.9000000000e+01 4.0000000000e+00 3.7100000000e+02 1.8873540376e+01 1.0030000000e+03 2.9368798338e+01 7.0000000000e+00 1.5000000000e+01
3.3000000000e+01 7.6000000000e+01 1.5739000000e+04 1.4277960000e+04 7.9000000000e+01 9.0000000000e+00 5.6900000000e+02 3.3967367447e+01 1.1750000000e+03 3.3595062213e+01 1.9000000000e+01 1.5000000000e+01
3.3000000000e+01 7.7000000000e+01 1.5687000000e+04 1.4265850000e+04 9.1000000000e+01 9.0000000000e+00 1.5680000000e+03 5.0592379751e+01 1.3650000000e+03 3.2846613220e+01 1.5000000000e+01 1.5000000000e+01
3.4000000000e+01 7.8000000000e+01 8.7880000000e+03 7.9274200000e+03 5.2000000000e+01 5.0000000000e+00 4.9300000000e+02 2.8663702537e+01 1.0760000000e+03 2.0646416391e+01 1.1000000000e+01 7.0000000000e+00
3.4000000000e+01 7.9000000000e+01 1.2313000000e+04 1.1096140000e+04 6.7000000000e+01 7.0000000000e+00 1.3880000000e+03 4.2073528711e+01 1.2120000000e+03 1.2393179943e+01 7.0000000000e+00 2.3000000000e+01
3.4000000000e+01 8.0000000000e+01 6.8790000000e+03 6.3425100000e+03 3.2000000000e+01 4.0000000000e+00 1.4050000000e+03 4.6727763385e+01 1.2380000000e+03 3.2284521409e+01 1.1000000000e+01 7.0000000000e+00
3.4000000000e+01 8.1000000000e+01 1.0557000000e+04 9.5236600000e+03 5.4000000000e+01 6.0000000000e+00 1.3230000000e+03 2.9462800338e+01 1.2860000000e+03 3.0483215301e+01 1.5000000000e+01 1.0000000000e+01
3.4000000000e+01 8.2000000000e+01 1.4062000000e+04 1.2698910000e+04 7.9000000000e+01 8.0000000000e+00 1.1810000000e+03 4.6218267007e+01 1.3220000000e+03 1.3375733864e+01 1.5000000000e+01 1.1000000000e+01
3.4000000000e+01 8.3000000000e+01 2.0885000000e+04 1.9012750000e+04 1.1600000000e+02 1.2000000000e+01 1.2060000000e+03 4.2879000637e+01 1.3500000000e+03 4.5354737061e+01 2.3000000000e+01 1.5000000000e+01
3.5000000000e+01 8.4000000000e+01 1.2271000000e+04 1.1095130000e+04 6.5000000000e+01 7.0000000000e+00 1.0550000000e+03 1.1638433099e+01 9.0200000000e+02 1.2372474490e+01 2.2000000000e+01 1.1000000000e+01
3.5000000000e+01 8.5000000000e+01 6.9350000000e+03 6.3211300000e+03 3.8000000000e+01 4.0000000000e+00 1.3680000000e+03 4.9437101726e+01 9.9400000000e+02 1.8254951198e+01 7.0000000000e+00 1.1000000000e+01
3.5000000000e+01 8.6000000000e+01 2.4519000000e+04 2.2154480000e+04 1.3900000000e+02 1.4000000000e+01 1.0590000000e+03 3.8808149450e+01 1.1710000000e+03 1.1983079859e+01 3.1000000000e+01 1.4000000000e+01
3.5000000000e+01 8.7000000000e+01 6.9540000000e+03 6.3509700000e+03 3.7000000000e+01 4.0000000000e+00 8.1600000000e+02 2.5287238767e+01 1.3050000000e+03 1.7238522752e+01 7.0000000000e+00 1.1000000000e+01
3.5000000000e+01 8.8000000000e+01 6.8640000000e+03 6.3343400000e+03 4.0000000000e+01 4.0000000000e+00 1.4530000000e+03 4.8900212364e+01 1.3240000000e+03 4.3644836978e+01 1.0000000000e+01 6.0000000000e+00
3.6000000000e+01 8.9000000000e+01 6.9050000000e+03 6.3453900000e+03 3.5000000000e+01 4.0000000000e+00 1.6000000000e+03 1.4117156854e+01 7.7200000000e+02 3.2379641389e+01 1.0000000000e+01 7.0000000000e+00
3.6000000000e+01 9.0000000000e+01 7.0130000000e+03 6.3334700000e+03 4.0000000000e+01 4.0000000000e+00 1.0160000000e+03 3.1536303866e+01 9.2900000000e+02 3.5960448359e+01 7.0000000000e+00 1.0000000000e+01
3.6000000000e+01 9.1000000000e+01 7.0200000000e+03 6.3388300000e+03 4.3000000000e+01 4.0000000000e+00 1.3580000000e+03 1.6354699339e+01 1.3110000000e+03 3.1755764381e+01 1.1000000000e+01 1.0000000000e+01
3.6000000000e+01 9.2000000000e+01 1.0624000000e+04 9.5064000000e+03 6.9000000000e+01 6.0000000000e+00 1.3510000000e+03 2.8272310295e+01 1.3530000000e+03 2.9084815120e+01 7.0000000000e+00 1.1000000000e+01
3.7000000000e+01 9.3000000000e+01 1.0590000000e+04 9.5310100000e+03 6.5000000000e+01 6.0000000000e+00 7.2300000000e+02 2.9768114233e+01 9.1700000000e+02 2.5861711564e+01 7.0000000000e+00 1.1000000000e+01
3.7000000000e+01 9.4000000000e+01 8.7160000000e+03 7.9290400000e+03 4.8000000000e+01 5.0000000000e+00 8.8000000000e+02 6.4790989655e+00 1.1860000000e+03 4.5565711259e+01 7.0000000000e+00 9.0000000000e+00
3.8000000000e+01 9.5000000000e+01 6.9940000000e+03 6.3375700000e+03 4.4000000000e+01 4.0000000000e+00 1.0000000000e+03 2.6499232108e+01 1.2050000000e+03 4.5008009623e+01 7.0000000000e+00 1.1000000000e+01
3.8000000000e+01 9.6000000000e+01 1.7490000000e+04 1.5868130000e+04 1.0000000000e+02 1.0000000000e+01 1.2050000000e+03 4.0833116883e+01 1.4160000000e+03 2.8065759720e+01 1.9000000000e+01 1.5000000000e+01
3.9000000000e+01 9.7000000000e+01 7.0720000000e+03 6.3563400000e+03 4.0000000000e+01 4.0000000000e+00 7.2300000000e+02 2.7328016994e+01 4.0900000000e+02 9.4976380330e+00 7.0000000000e+00 1.1000000000e+01
3.9000000000e+01 9.8000000000e+01 1.0434000000e+04 9.5051900000e+03 6.2000000000e+01 6.0000000000e+00 1.3490000000e+03 5.1603151511e+01 4.1500000000e+02 2.6846253211e+01 1.1000000000e+01 1.3000000000e+01
3.9000000000e+01 9.9000000000e+01 4.4059000000e+04 3.8090900000e+04 2.8200000000e+02 2.4000000000e+01 1.0310000000e+03 4.3121074271e+01 7.2000000000e+02 1.1056631961e+01 2.3000000000e+01 2.7000000000e+01
3.9000000000e+01 1.0000000000e+02 2.6195000000e+04 2.3799520000e+04 1.4800000000e+02 1.5000000000e+01 1.0420000000e+03 2.6216783325e+01 7.5500000000e+02 3.2958745601e+01 2.3000000000e+01 2.6000000000e+01
3.9000000000e+01 1.0100000000e+02 6.9460000000e+03 6.3316100000e+03 3.9000000000e+01 4.0000000000e+00 7.8700000000e+02 3.1608626404e+01 1.0910000000e+03 4.5521539147e+01 7.0000000000e+00 7.0000000000e+00
3.9000000000e+01 1.0200000000e+02 8.5880000000e+03 7.9036000000e+03 4.0000000000e+01 5.0000000000e+00 8.8500000000e+02 2.6226332432e+01 1.3490000000e+03 4.9966142383e+01 1.1000000000e+01 1.0000000000e+01
4.0000000000e+01 1.0300000000e+02 6.8750000000e+03 6.3322200000e+03 3.5000000000e+01 4.0000000000e+00 2.1200000000e+02 1.3672643361e+01 9.5000000000e+02 3.4411437907e+01 1.1000000000e+01 1.1000000000e+01
4.0000000000e+01 1.0400000000e+02 6.9300000000e+03 6.3192500000e+03 3.4000000000e+01 4.0000000000e+00 1.6190000000e+03 3.2943017838e+01 1.1550000000e+03 3.7472414096e+01 7.0000000000e+00 7.0000000000e+00
4.0000000000e+01 1.0500000000e+02 2.0952000000e+04 1.9011840000e+04 1.2500000000e+02 1.2000000000e+01 1.2030000000e+03 6.0521923514e+00 1.2500000000e+03 9.4561807744e+00 2.3000000000e+01 1.1000000000e+01
4.1000000000e+01 1.0600000000e+02 7.0640000000e+03 6.3332500000e+03 4.7000000000e+01 4.0000000000e+00 1.5270000000e+03 4.3182121904e+01 4.7500000000e+02 2.0952845609e+01 7.0000000000e+00 7.0000000000e+00
4.1000000000e+01 1.0700000000e+02 6.8650000000e+03 6.3379100000e+03 3.7000000000e+01 4.0000000000e+00 8.6700000000e+02 7.2667431189e+00 7.5200000000e+02 3.7811667805e+01 7.0000000000e+00 1.1000000000e+01
4.1000000000e+01 1.0800000000e+02 6.9370000000e+03 6.3380500000e+03 3.5000000000e+01 4.0000000000e+00 1.2810000000e+03 4.6026207368e+01 8.5200000000e+02 3.4740212333e+01 1.1000000000e+01 7.0000000000e+00
4.1000000000e+01 1.0900000000e+02 8.7130000000e+03 7.9200700000e+03 5.0000000000e+01 5.0000000000e+00 1.1840000000e+03 1.5855855804e+01 1.0080000000e+03 3.6399708454e+01 1.1000000000e+01 1.1000000000e+01
4.1000000000e+01 1.1000000000e+02 1.4429000000e+04 1.2692200000e+04 8.3000000000e+01 8.0000000000e+00 1.3700000000e+02 1.5268731000e+01 1.0280000000e+03 4.0546119480e+01 1.1000000000e+01 1.4000000000e+01
4.1000000000e+01 1.1100000000e+02 1.0358000000e+04 9.5249100000e+03 5.4000000000e+01 6.0000000000e+00 1.7600000000e+02 9.7796477152e+00 1.0670000000e+03 4.0800712165e+01 1.1000000000e+01 1.5000000000e+01
4.2000000000e+01 1.1200000000e+02 1.3950000000e+04 1.2678460000e+04 8.0000000000e+01 8.0000000000e+00 6.4500000000e+02 3.1021021864e+01 7.2000000000e+02 3.5877075647e+01 1.5000000000e+01 1.1000000000e+01
4.2000000000e+01 1.1300000000e+02 6.8920000000e+03 6.3484000000e+03 3.8000000000e+01 4.0000000000e+00 5.5800000000e+02 2.5429818632e+01 7.5500000000e+02 3.5075208770e+01 1.1000000000e+01 7.0000000000e+00
4.2000000000e+01 1.1400000000e+02 2.1198000000e+04 1.9032600000e+04 1.3200000000e+02 1.2000000000e+01 1.3650000000e+03 2.7099759161e+01 1.1290000000e+03 2.9646131784e+01 2.3000000000e+01 1.9000000000e+01
4.2000000000e+01 1.1500000000e+02 1.4125000000e+04 1.2670930000e+04 8.2000000000e+01 8.0000000000e+00 7.8100000000e+02 3.8758033815e+01 1.5740000000e+03 4.8255109113e+01 1.5000000000e+01 2.3000000000e+01
4.3000000000e+01 1.1600000000e+02 2.9938000000e+04 2.6955790000e+04 1.8600000000e+02 1.7000000000e+01 6.6500000000e+02 2.3490883798e+01 3.5900000000e+02 1.4790610608e+01 3.9000000000e+01 1.9000000000e+01
4.3000000000e+01 1.1700000000e+02 6.9610000000e+03 6.3584200000e+03 4.2000000000e+01 4.0000000000e+00 1.1210000000e+03 3.8525569589e+01 6.2200000000e+02 2.4104953443e+01 1.1000000000e+01 7.0000000000e+00
4.3000000000e+01 1.1800000000e+02 8.5970000000e+03 7.9336200000e+03 4.1000000000e+01 5.0000000000e+00 8.4100000000e+02 2.1656985016e+01 8.8300000000e+02 2.5238858928e+01 1.0000000000e+01 1.5000000000e+01
4.3000000000e+01 1.1900000000e+02 6.9530000000e+03 6.3379900000e+03 4.3000000000e+01 4.0000000000e+00 5.7500000000e+02 2.3530122538e+01 9.1500000000e+02 2.9614989770e+01 7.0000000000e+00 7.0000000000e+00
4.3000000000e+01 1.2000000000e+02 3.5500000000e+04 3.1678420000e+04 2.2100000000e+02 2.0000000000e+01 8.3200000000e+02 2.9274096524e+01 9.9300000000e+02 3.3636289926e+01 2.7000000000e+01 2.7000000000e+01
4.3000000000e+01 1.2100000000e+02 7.0120000000e+03 6.3276000000e+03 3.7000000000e+01 4.0000000000e+00 1.0180000000e+03 3.9860869144e+01 1.0370000000e+03 3.4889906213e+01 7.0000000000e+00 1.1000000000e+01
4.3000000000e+01 1.2200000000e+02 6.8820000000e+03 6.3428700000e+03 4.3000000000e+01 4.0000000000e+00 9.4400000000e+02 4.3541441672e+01 1.2590000000e+03 4.3164965953e+01 1.0000000000e+01 7.0000000000e+00
4.3000000000e+01 1.2300000000e+02 1.0344000000e+04 9.4908700000e+03 5.2000000000e+01 6.0000000000e+00 7.0900000000e+02 7.8889349166e+00 1.3890000000e+03 2.2327772208e+01 1.1000000000e+01 1.1000000000e+01
4.4000000000e+01 1.2400000000e+02 6.9190000000e+03 6.3415400000e+03 3.5000000000e+01 4.0000000000e+00 7.7700000000e+02 1.5330668993e+01 6.3400000000e+02 2.3722042368e+01 1.0000000000e+01 6.0000000000e+00
4.4000000000e+01 1.2500000000e+02 6.9470000000e+03 6.3350700000e+03 3.3000000000e+01 4.0000000000e+00 9.2400000000e+02 3.4027562358e+01 1.2090000000e+03 4.2670247246e+01 6.0000000000e+00 1.1000000000e+01
4.4000000000e+01 1.2600000000e+02 1.0543000000e+04 9.5242400000e+03 5.2000000000e+01 6.0000000000e+00 6.7600000000e+02 3.2297938986e+01 1.6510000000e+03 4.3511323746e+01 1.1000000000e+01 1.5000000000e+01
4.5000000000e+01 1.2700000000e+02 8.9070000000e+03 7.9303600000e+03 6.1000000000e+01 5.0000000000e+00 9.2300000000e+02 2.1602468995e+00 3.4100000000e+02 9.4595630625e+00 7.0000000000e+00 1.1000000000e+01
4.5000000000e+01 1.2800000000e+02 8.6310000000e+03 7.9325200000e+03 4.7000000000e+01 5.0000000000e+00 5.6600000000e+02 1.8795235289e+01 7.2700000000e+02 2.0372082346e+01 1.1000000000e+01 7.0000000000e+00
4.7000000000e+01 1.2900000000e+02 2.0905000000e+04 1.9023970000e+04 1.2000000000e+02 1.2000000000e+01 1.4770000000e+03 4.7281829793e+01 7.8100000000e+02 2.9221552999e+01 1.9000000000e+01 1.5000000000e+01
4.7000000000e+01 1.3000000000e+02 6.8840000000e+03 6.3514800000e+03 4.0000000000e+01 4.0000000000e+00 1.4710000000e+03 5.0703259391e+01 8.1500000000e+02 3.1103219390e+01 7.0000000000e+00 7.0000000000e+00
4.7000000000e+01 1.3100000000e+02 8.6970000000e+03 7.9390900000e+03 5.0000000000e+01 5.0000000000e+00 1.6780000000e+03 5.1800441256e+01 9.1300000000e+02 2.8107301688e+01 1.1000000000e+01 1.1000000000e+01
4.7000000000e+01 1.3200000000e+02 6.8040000000e+03 6.3419600000e+03 3.0000000000e+01 4.0000000000e+00 1.2710000000e+03 2.3023226653e+01 1.2210000000e+03 3.5640445835e+01 7.0000000000e+00 1.0000000000e+01
4.7000000000e+01 1.3300000000e+02 6.8710000000e+03 6.3267600000e+03 3.3000000000e+01 4.0000000000e+00 1.2590000000e+03 3.8737497983e+01 1.2250000000e+03 2.1613074747e+01 7.0000000000e+00 1.1000000000e+01
4.8000000000e+01 1.3400000000e+02 6.9800000000e+03 6.3217000000e+03 4.1000000000e+01 4.0000000000e+00 7.9100000000e+02 2.8215244107e+01 7.8300000000e+02 3.4342393627e+01 7.0000000000e+00 7.0000000000e+00
4.9000000000e+01 1.3500000000e+02 8.7540000000e+03 7.9275100000e+03 4.5000000000e+01 5.0000000000e+00 1.4150000000e+03 2.4168442986e+01 4.0600000000e+02 8.0918028107e+00 7.0000000000e+00 1.1000000000e+01
4.9000000000e+01 1.3600000000e+02 1.0378000000e+04 9.5069300000e+03 5.9000000000e+01 6.0000000000e+00 1.4530000000e+03 3.2011312656e+01 4.1200000000e+02 7.1426354645e+00 1.5000000000e+01 1.1000000000e+01
4.9000000000e+01 1.3700000000e+02 8.6540000000e+03 7.9344300000e+03 4.9000000000e+01 5.0000000000e+00 1.4580000000e+03 5.4053214521e+01 4.5100000000e+02 2.4905655315e+01 7.0000000000e+00 1.5000000000e+01
4.9000000000e+01 1.3800000000e+02 2.3234000000e+04 2.0630610000e+04 1.3900000000e+02 1.3000000000e+01 9.9600000000e+02 3.9151230384e+01 8.1900000000e+02 3.7354160857e+01 1.5000000000e+01 1.5000000000e+01
4.9000000000e+01 1.3900000000e+02 7.0560000000e+03 6.3397400000e+03 3.8000000000e+01 4.0000000000e+00 1.1760000000e+03 3.0942405085e+01 1.0460000000e+03 2.5117561424e+01 7.0000000000e+00 1.0000000000e+01
4.9000000000e+01 1.4000000000e+02 1.7584000000e+04 1.5856490000e+04 1.0100000000e+02 1.0000000000e+01 1.0810000000e+03 2.7687722911e+01 1.4400000000e+03 3.5380644426e+01 2.7000000000e+01 1.5000000000e+01
4.9000000000e+01 1.4100000000e+02 7.0870000000e+03 6.3283600000e+03 4.6000000000e+01 4.0000000000e+00 1.1620000000e+03 3.8875585026e+01 1.4650000000e+03 4.9184234150e+01 1.1000000000e+01 1.1000000000e+01
5.0000000000e+01 1.4200000000e+02 1.6066000000e+04 1.4276160000e+04 8.1000000000e+01 9.0000000000e+00 1.3230000000e+03 4.5516480532e+01 1.2820000000e+03 3.4547612074e+01 1.5000000000e+01 1.1000000000e+01
5.1000000000e+01 1.4300000000e+02 8.6040000000e+03 7.9117900000e+03 4.0000000000e+01 5.0000000000e+00 1.4250000000e+03 4.2843483782e+01 6.5000000000e+02 2.1034160250e+01 1.1000000000e+01 1.1000000000e+01
5.1000000000e+01 1.4400000000e+02 1.3789000000e+04 1.2688350000e+04 7.0000000000e+01 8.0000000000e+00 1.4070000000e+03 3.3916350638e+01 1.4820000000e+03 1.3882529945e+01 1.1000000000e+01 1.8000000000e+01
5.1000000000e+01 1.4500000000e+02 1.2376000000e+04 1.1107760000e+04 6.7000000000e+01 7.0000000000e+00 1.0410000000e+03 2.4686212567e+01 1.5130000000e+03 5.4673826213e+01 1.1000000000e+01 1.1000000000e+01
5.1000000000e+01 1.4600000000e+02 8.9700000000e+03 7.9034800000e+03 5.5000000000e+01 5.0000000000e+00 8.6700000000e+02 4.0142800655e+01 1.5450000000e+03 5.4651759485e+01 7.0000000000e+00 1.1000000000e+01
5.1000000000e+01 1.4700000000e+02 1.0333000000e+04 9.4979100000e+03 5.8000000000e+01 6.0000000000e+00 1.1540000000e+03 3.6727780011e+01 1.6490000000e+03 4.5080629520e+01 1.4000000000e+01 1.1000000000e+01
5.2000000000e+01 1.4800000000e+02 6.9340000000e+03 6.3471800000e+03 3.7000000000e+01 4.0000000000e+00 1.7300000000e+02 1.4871673297e+01 9.6700000000e+02 2.8493176571e+01 1.1000000000e+01 7.0000000000e+00
5.2000000000e+01 1.4900000000e+02 7.0060000000e+03 6.3390800000e+03 4.1000000000e+01 4.0000000000e+00 8.4700000000e+02 3.4513765370e+01 1.1270000000e+03 4.3840050182e+01 7.0000000000e+00 7.0000000000e+00
5.2000000000e+01 1.5000000000e+02 6.9770000000e+03 6.3449800000e+03 4.2000000000e+01 4.0000000000e+00 7.6900000000e+02 2.2245306438e+01 1.3350000000e+03 3.9599827543e+01 1.0000000000e+01 7.0000000000e+00
5.4000000000e+01 1.5100000000e+02 1.5797000000e+04 1.4268500000e+04 8.6000000000e+01 9.0000000000e+00 8.1800000000e+02 4.0664914781e+01 4.5800000000e+02 1.0733674334e+01 1.5000000000e+01 1.5000000000e+01
5.4000000000e+01 1.5200000000e+02 1.3991000000e+04 1.2689460000e+04 7.6000000000e+01 8.0000000000e+00 8.6500000000e+02 2.6717285291e+01 4.7700000000e+02 7.7991452523e+00 1.9000000000e+01 1.1000000000e+01
5.4000000000e+01 1.5300000000e+02 1.0560000000e+04 9.5143100000e+03 6.6000000000e+01 6.0000000000e+00 8.6300000000e+02 2.8792360098e+01 5.0500000000e+02 1.1668498025e+01 7.0000000000e+00 1.1000000000e+01
5.4000000000e+01 1.5400000000e+02 1.4034000000e+04 1.2669610000e+04 8.0000000000e+01 8.0000000000e+00 1.0100000000e+03 7.6555597403e+00 8.3200000000e+02 3.5736907844e+01 1.1000000000e+01 1.9000000000e+01
5.4000000000e+01 1.5500000000e+02 3.7028000000e+04 3.3275070000e+04 2.3000000000e+02 2.1000000000e+01 5.0400000000e+02 3.0478068570e+01 1.0360000000e+03 1.3154606346e+01 2.7000000000e+01 1.9000000000e+01
5.4000000000e+01 1.5600000000e+02 1.5937000000e+04 1.4254830000e+04 8.2000000000e+01 9.0000000000e+00 6.4800000000e+02 4.7074933698e+00 1.3120000000e+03 4.9873667562e+01 1.0000000000e+01 1.9000000000e+01
5.4000000000e+01 1.5700000000e+02 1.3953000000e+04 1.2711950000e+04 8.2000000000e+01 8.0000000000e+00 6.5400000000e+02 3.4882695841e+01 1.3570000000e+03 4.2707590328e+01 7.0000000000e+00 2.3000000000e+01
5.4000000000e+01 1.5800000000e+02 6.8810000000e+03 6.3393700000e+03 3.6000000000e+01 4.0000000000e+00 1.0970000000e+03 3.8078490366e+01 1.5950000000e+03 5.1463440560e+01 1.1000000000e+01 7.0000000000e+00
5.5000000000e+01 1.5900000000e+02 8.8260000000e+03 7.9436600000e+03 5.4000000000e+01 5.0000000000e+00 6.5800000000e+02 1.1591310994e+01 6.6600000000e+02 3.5168864875e+01 1.1000000000e+01 7.0000000000e+00
5.5000000000e+01 1.6000000000e+02 6.9240000000e+03 6.3314600000e+03 3.2000000000e+01 4.0000000000e+00 7.8700000000e+02 2.3738494667e+01 9.4700000000e+02 1.9267221036e+01 7.0000000000e+00 7.0000000000e+00
5.5000000000e+01 1.6100000000e+02 1.9583000000e+04 1.7462160000e+04 1.2100000000e+02 1.1000000000e+01 7.8500000000e+02 3.2436733292e+01 1.0610000000e+03 1.8616077281e+01 1.8000000000e+01 1.1000000000e+01
5.7000000000e+01 1.6200000000e+02 1.3912000000e+04 1.2681800000e+04 8.3000000000e+01 8.0000000000e+00 1.1270000000e+03 4.0295251793e+01 2.6100000000e+02 1.5149659901e+01 3.1000000000e+01 1.1000000000e+01
5.7000000000e+01 1.6300000000e+02 1.9703000000e+04 1.7422970000e+04 1.1600000000e+02 1.1000000000e+01 1.2440000000e+03 4.7581874518e+01 3.6800000000e+02 2.2239995308e+01 1.4000000000e+01 1.5000000000e+01
5.7000000000e+01 1.6400000000e+02 2.4614000000e+04 2.2182920000e+04 1.4400000000e+02 1.4000000000e+01 9.4100000000e+02 3.9403329525e+01 5.4900000000e+02 2.0568833780e+01 1.5000000000e+01 2.7000000000e+01
5.7000000000e+01 1.6500000000e+02 1.2506000000e+04 1.1115300000e+04 7.2000000000e+01 7.0000000000e+00 5.5600000000e+02 2.4784138499e+01 8.7200000000e+02 3.0616436716e+01 1.5000000000e+01 1.9000000000e+01
5.7000000000e+01 1.6600000000e+02 7.0360000000e+03 6.3407600000e+03 3.5000000000e+01 4.0000000000e+00 8.8100000000e+02 3.8884065994e+01 8.8500000000e+02 2.2925711228e+01 1.0000000000e+01 9.0000000000e+00
5.8000000000e+01 1.6700000000e+02 8.8780000000e+03 7.9487600000e+03 4.8000000000e+01 5.0000000000e+00 4.8600000000e+02 2.7748490471e+01 1.0920000000e+03 4.5327648788e+01 7.0000000000e+00 1.1000000000e+01
5.8000000000e+01 1.6800000000e+02 7.0140000000e+03 6.3382300000e+03 3.8000000000e+01 4.0000000000e+00 3.9700000000e+02 1.9391416323e+01 1.2570000000e+03 2.8677140345e+01 1.1000000000e+01 1.0000000000e+01
5.9000000000e+01 1.6900000000e+02 6.8020000000e+03 6.3311700000e+03 3.4000000000e+01 4.0000000000e+00 8.6600000000e+02 1.8085654787e+01 6.8000000000e+02 2.3217678740e+01 1.1000000000e+01 7.0000000000e+00
5.9000000000e+01 1.7000000000e+02 1.0525000000e+04 9.5152900000e+03 5.3000000000e+01 6.0000000000e+00 4.5900000000e+02 2.3757994606e+01 1.0300000000e+03 4.4556791764e+01 1.5000000000e+01 7.0000000000e+00
6.0000000000e+01 1.7100000000e+02 6.9590000000e+03 6.3438700000e+03 4.3000000000e+01 4.0000000000e+00 8.0800000000e+02 3.5766770958e+01 1.0950000000e+03 4.4580585140e+01 1.0000000000e+01 7.0000000000e+00
6.0000000000e+01 1.7200000000e+02 7.0230000000e+03 6.3605000000e+03 4.8000000000e+01 4.0000000000e+00 8.2100000000e+02 2.5251922194e+01 1.1140000000e+03 3.5945881308e+01 1.1000000000e+01 1.1000000000e+01
6.0000000000e+01 1.7300000000e+02 2.1152000000e+04 1.9064120000e+04 1.2800000000e+02 1.2000000000e+01 8.3400000000e+02 3.8930384061e+01 1.1410000000e+03 4.0559958533e+01 2.3000000000e+01 1.1000000000e+01
6.0000000000e+01 1.7400000000e+02 6.9950000000e+03 6.3343500000e+03 4.4000000000e+01 4.0000000000e+00 1.3040000000e+03 3.4895191912e+01 1.3150000000e+03 5.1486055913e+01 7.0000000000e+00 1.5000000000e+01
6.0000000000e+01 1.7500000000e+02 7.0090000000e+03 6.3482100000e+03 4.1000000000e+01 4.0000000000e+00 9.8300000000e+02 3.3706453388e+01 1.6940000000e+03 3.3374765917e+01 7.0000000000e+00 1.1000000000e+01
6.1000000000e+01 1.7600000000e+02 6.9270000000e+03 6.3369900000e+03 3.9000000000e+01 4.0000000000e+00 8.6300000000e+02 3.4448283129e+01 7.1100000000e+02 3.0667572450e+01 7.0000000000e+00 7.0000000000e+00
6.1000000000e+01 1.7700000000e+02 6.9470000000e+03 6.3462600000e+03 3.7000000000e+01 4.0000000000e+00 9.7100000000e+02 3.7522585791e+01 7.3500000000e+02 1.1292819744e+01 7.0000000000e+00 7.0000000000e+00
6.1000000000e+01 1.7800000000e+02 1.0361000000e+04 9.5216200000e+03 5.4000000000e+01 6.0000000000e+00 1.0310000000e+03 3.1887774910e+01 7.5700000000e+02 3.4906343696e+01 7.0000000000e+00 1.5000000000e+01
6.2000000000e+01 1.7900000000e+02 8.7420000000e+03 7.9388500000e+03 4.7000000000e+01 5.0000000000e+00 1.0310000000e+03 3.0015937795e+01 6.3800000000e+02 1.5298479606e+01 7.0000000000e+00 1.1000000000e+01
6.2000000000e+01 1.8000000000e+02 8.7590000000e+03 7.9408900000e+03 4.8000000000e+01 5.0000000000e+00 4.1000000000e+02 2.1920067557e+01 6.4800000000e+02 2.7356978183e+01 1.1000000000e+01 7.0000000000e+00
6.2000000000e+01 1.8100000000e+02 1.4172000000e+04 1.2731680000e+04 9.1000000000e+01 8.0000000000e+00 1.1420000000e+03 4.4658705758e+01 1.0240000000e+03 2.6691863096e+01 1.5000000000e+01 1.1000000000e+01
6.2000000000e+01 1.8200000000e+02 1.0478000000e+04 9.5298100000e+03 5.7000000000e+01 6.0000000000e+00 1.3100000000e+03 3.0784968503e+01 1.2670000000e+03 4.9063552082e+01 1.1000000000e+01 1.1000000000e+01
6.3000000000e+01 1.8300000000e+02 6.8350000000e+03 6.3289700000e+03 3.1000000000e+01 4.0000000000e+00 1.3260000000e+03 4.2116505078e+01 8.5900000000e+02 3.8824390959e+01 7.0000000000e+00 1.5000000000e+01
6.3000000000e+01 1.8400000000e+02 1.5775000000e+04 1.4268380000e+04 9.0000000000e+01 9.0000000000e+00 1.2960000000e+03 3.7206831558e+01 8.6800000000e+02 3.1071320640e+01 1.5000000000e+01 1.1000000000e+01
6.3000000000e+01 1.8500000000e+02 1.6354000000e+04 1.4248360000e+04 1.0400000000e+02 9.0000000000e+00 8.0900000000e+02 1.9801931847e+01 9.1300000000e+02 2.2127828106e+01 1.5000000000e+01 1.1000000000e+01
6.3000000000e+01 1.8600000000e+02 1.0486000000e+04 9.5404400000e+03 5.6000000000e+01 6.0000000000e+00 5.8900000000e+02 3.4429902437e+01 1.1150000000e+03 4.0333608814e+01 1.9000000000e+01 7.0000000000e+00
6.3000000000e+01 1.8700000000e+02 1.2071000000e+04 1.1114550000e+04 6.7000000000e+01 7.0000000000e+00 4.7400000000e+02 2.2984843491e+01 1.5840000000e+03 3.4310524933e+01 1.5000000000e+01 1.9000000000e+01
6.3000000000e+01 1.8800000000e+02 1.0378000000e+04 9.5183000000e+03 5.1000000000e+01 6.0000000000e+00 7.4400000000e+02 3.2012497560e+01 1.6340000000e+03 4.0585465379e+01 1.1000000000e+01 1.5000000000e+01
6.3000000000e+01 1.8900000000e+02 6.9190000000e+03 6.3398000000e+03 4.0000000000e+01 4.0000000000e+00 7.2900000000e+02 1.3958730381e+01 1.6500000000e+03 3.1930212363e+01 1.0000000000e+01 7.0000000000e+00
6.4000000000e+01 1.9000000000e+02 1.4264000000e+04 1.2714910000e+04 9.3000000000e+01 8.0000000000e+00 6.5700000000e+02 2.2285206635e+01 1.0260000000e+03 1.4529954068e+01 1.1000000000e+01 1.1000000000e+01
6.4000000000e+01 1.9100000000e+02 1.0479000000e+04 9.5154000000e+03 5.5000000000e+01 6.0000000000e+00 1.0970000000e+03 4.6944806047e+01 1.5730000000e+03 2.8687976576e+01 1.1000000000e+01 1.1000000000e+01
6.5000000000e+01 1.9200000000e+02 6.9230000000e+03 6.3488300000e+03 3.5000000000e+01 4.0000000000e+00 1.2510000000e+03 4.7047535411e+01 1.1740000000e+03 1.4691934562e+01 7.0000000000e+00 1.1000000000e+01
6.6000000000e+01 1.9300000000e+02 1.0419000000e+04 9.5071500000e+03 5.5000000000e+01 6.0000000000e+00 9.5400000000e+02 4.3779328794e+01 3.6300000000e+02 2.3664710404e+01 1.0000000000e+01 1.1000000000e+01
6.6000000000e+01 1.9400000000e+02 8.6060000000e+03 7.9238300000e+03 4.4000000000e+01 5.0000000000e+00 1.3900000000e+03 3.8618889221e+01 9.7600000000e+02 3.6072278862e+01 7.0000000000e+00 1.9000000000e+01
6.6000000000e+01 1.9500000000e+02 8.8180000000e+03 7.9497600000e+03 5.2000000000e+01 5.0000000000e+00 1.5780000000e+03 2.7935499939e+00 9.9100000000e+02 4.0950232828e+01 1.1000000000e+01 7.0000000000e+00
6.6000000000e+01 1.9600000000e+02 1.2355000000e+04 1.1093350000e+04 7.9000000000e+01 7.0000000000e+00 1.3970000000e+03 1.0682480265e+01 9.9900000000e+02 1.8750384611e+01 1.1000000000e+01 1.5000000000e+01
6.6000000000e+01 1.9700000000e+02 9.1020000000e+03 7.9271800000e+03 5.8000000000e+01 5.0000000000e+00 9.3100000000e+02 4.0082152479e+01 1.5620000000e+03 3.7873288277e+01 7.0000000000e+00 1.1000000000e+01
6.7000000000e+01 1.9800000000e+02 7.0160000000e+03 6.3487500000e+03 4.0000000000e+01 4.0000000000e+00 1.0070000000e+03 2.8830183613e+01 3.5100000000e+02 2.5549348930e+01 7.0000000000e+00 7.0000000000e+00
6.7000000000e+01 1.9900000000e+02 6.9310000000e+03 6.3463500000e+03 4.3000000000e+01 4.0000000000e+00 1.0830000000e+03 2.8826244656e+01 4.1500000000e+02 1.3539184754e+01 7.0000000000e+00 7.0000000000e+00
6.7000000000e+01 2.0000000000e+02 1.4029000000e+04 1.2689180000e+04 7.6000000000e+01 8.0000000000e+00 1.0990000000e+03 3.5811543763e+01 5.4300000000e+02 1.8376434184e+01 1.5000000000e+01 7.0000000000e+00
6.7000000000e+01 2.0100000000e+02 1.0263000000e+04 9.4964700000e+03 4.7000000000e+01 6.0000000000e+00 8.4800000000e+02 3.2805421079e+01 1.5320000000e+03 4.6240392657e+01 1.0000000000e+01 1.1000000000e+01
6.8000000000e+01 2.0200000000e+02 1.2235000000e+04 1.1100680000e+04 7.6000000000e+01 7.0000000000e+00 9.9300000000e+02 1.8087196208e+01 9.4000000000e+02 1.1604022291e+01 1.1000000000e+01 1.1000000000e+01
6.9000000000e+01 2.0300000000e+02 6.9170000000e+03 6.3343500000e+03 3.7000000000e+01 4.0000000000e+00 1.2580000000e+03 2.0569664827e+01 1.4610000000e+03 4.5153134504e+01 7.0000000000e+00 1.1000000000e+01
7.0000000000e+01 2.0400000000e+02 6.9080000000e+03 6.3313800000e+03 3.8000000000e+01 4.0000000000e+00 4.2900000000e+02 1.8259392252e+01 4.1500000000e+02 1.9092944784e+01 1.1000000000e+01 7.0000000000e+00
7.1000000000e+01 2.0500000000e+02 1.0577000000e+04 9.5049700000e+03 6.0000000000e+01 6.0000000000e+00 4.0800000000e+02 1.1397293761e+01 6.5600000000e+02 2.0645925440e+01 1.5000000000e+01 7.0000000000e+00
7.1000000000e+01 2.0600000000e+02 8.6890000000e+03 7.9177200000e+03 5.0000000000e+01 5.0000000000e+00 4.2300000000e+02 2.6173284401e+01 6.5700000000e+02 3.2020401660e+01 1.1000000000e+01 1.0000000000e+01
7.1000000000e+01 2.0700000000e+02 6.8400000000e+03 6.3408700000e+03 3.5000000000e+01 4.0000000000e+00 4.5800000000e+02 1.8983739172e+01 8.6200000000e+02 2.6725180900e+01 1.1000000000e+01 7.0000000000e+00
7.2000000000e+01 2.0800000000e+02 1.0687000000e+04 9.5069600000e+03 6.5000000000e+01 6.0000000000e+00 1.0320000000e+03 1.3309418657e+01 5.6000000000e+02 1.5546804334e+01 1.5000000000e+01 1.5000000000e+01
7.2000000000e+01 2.0900000000e+02 1.3893000000e+04 1.2671720000e+04 7.8000000000e+01 8.0000000000e+00 8.9700000000e+02 4.0851806935e+01 1.1690000000e+03 3.1301632670e+01 1.4000000000e+01 1.1000000000e+01
7.2000000000e+01 2.1000000000e+02 7.0470000000e+03 6.3355100000e+03 4.5000000000e+01 4.0000000000e+00 3.2700000000e+02 1.8213381694e+01 1.2670000000e+03 2.7455335630e+01 7.0000000000e+00 7.0000000000e+00
7.2000000000e+01 2.1100000000e+02 1.2253000000e+04 1.1068780000e+04 7.7000000000e+01 7.0000000000e+00 1.1240000000e+03 1.7418230015e+01 1.3850000000e+03 3.4836648881e+01 1.1000000000e+01 1.1000000000e+01
7.2000000000e+01 2.1200000000e+02 1.4165000000e+04 1.2691400000e+04 9.1000000000e+01 8.0000000000e+00 1.3240000000e+03 1.3848385385e+01 1.4780000000e+03 4.6421379174e+01 1.5000000000e+01 1.5000000000e+01
7.2000000000e+01 2.1300000000e+02 8.5230000000e+03 7.9006500000e+03 4.0000000000e+01 5.0000000000e+00 1.1350000000e+03 4.5185373172e+01 1.5960000000e+03 3.3978877300e+01 7.0000000000e+00 1.1000000000e+01
7.3000000000e+01 2.1400000000e+02 2.1656000000e+04 1.9036820000e+04 1.4900000000e+02 1.2000000000e+01 1.5100000000e+03 5.4740295944e+01 1.0820000000e+03 3.4243464557e+01 1.5000000000e+01 1.5000000000e+01
7.4000000000e+01 2.1500000000e+02 8.6950000000e+03 7.9308800000e+03 4.7000000000e+01 5.0000000000e+00 6.7200000000e+02 3.5870843192e+01 4.1600000000e+02 2.8334953065e+01 1.8000000000e+01 1.1000000000e+01
7.4000000000e+01 2.1600000000e+02 6.9470000000e+03 6.3348500000e+03 3.8000000000e+01 4.0000000000e+00 1.1710000000e+03 2.1435005469e+00 7.1100000000e+02 2.1593292252e+01 7.0000000000e+00 7.0000000000e+00
7.4000000000e+01 2.1700000000e+02 6.9150000000e+03 6.3485600000e+03 4.0000000000e+01 4.0000000000e+00 7.0300000000e+02 1.7123982283e+01 7.7900000000e+02 2.1077999224e+01 7.0000000000e+00 7.0000000000e+00
7.4000000000e+01 2.1800000000e+02 8.7740000000e+03 7.9507600000e+03 5.2000000000e+01 5.0000000000e+00 5.9000000000e+02 2.1731877733e+01 8.5100000000e+02 2.3923489155e+01 1.1000000000e+01 7.0000000000e+00
7.4000000000e+01 2.1900000000e+02 7.0994000000e+04 6.3423290000e+04 4.3500000000e+02 4.0000000000e+01 6.9500000000e+02 2.8277549676e+01 9.4500000000e+02 1.1243328795e+01 3.1000000000e+01 3.9000000000e+01
7.4000000000e+01 2.2000000000e+02 1.0663000000e+04 9.5334500000e+03 5.7000000000e+01 6.0000000000e+00 6.9500000000e+02 2.9151084273e+01 1.2810000000e+03 3.0424379322e+01 7.0000000000e+00 1.1000000000e+01
7.5000000000e+01 2.2100000000e+02 1.0419000000e+04 9.5197500000e+03 5.9000000000e+01 6.0000000000e+00 1.1100000000e+03 4.4324236384e+01 1.5860000000e+03 2.8284271247e+00 1.1000000000e+01 1.1000000000e+01
7.6000000000e+01 2.2200000000e+02 6.8370000000e+03 6.3409200000e+03 3.3000000000e+01 4.0000000000e+00 1.1880000000e+03 3.6616253222e+01 5.6100000000e+02 3.0885372752e+01 7.0000000000e+00 1.0000000000e+01
7.6000000000e+01 2.2300000000e+02 1.4645000000e+04 1.2672510000e+04 6.9000000000e+01 8.0000000000e+00 3.9500000000e+02 1.4757351109e+01 5.9500000000e+02 1.4642805903e+01 1.5000000000e+01 7.0000000000e+00
7.6000000000e+01 2.2400000000e+02 6.9070000000e+03 6.3433900000e+03 3.7000000000e+01 4.0000000000e+00 1.3520000000e+03 1.2447668233e+01 1.0190000000e+03 3.0169889331e+01 7.0000000000e+00 7.0000000000e+00
7.6000000000e+01 2.2500000000e+02 7.0580000000e+03 6.3296400000e+03 4.1000000000e+01 4.0000000000e+00 1.0910000000e+03 2.8686669378e+01 1.0470000000e+03 3.2443797558e+01 7.0000000000e+00 7.0000000000e+00
7.6000000000e+01 2.2600000000e+02 1.6136000000e+04 1.4286600000e+04 1.0000000000e+02 9.0000000000e+00 1.1450000000e+03 3.1690262341e+01 1.6130000000e+03 5.4009071442e+01 1.1000000000e+01 1.5000000000e+01
7.7000000000e+01 2.2700000000e+02 2.4763000000e+04 2.2243770000e+04 1.4100000000e+02 1.4000000000e+01 9.1600000000e+02 3.5753421415e+01 6.6200000000e+02 3.1180236414e+01 1.9000000000e+01 1.5000000000e+01
7.7000000000e+01 2.2800000000e+02 8.7720000000e+03 7.9279700000e+03 5.0000000000e+01 5.0000000000e+00 5.4300000000e+02 2.0800313969e+00 9.9800000000e+02 2.4865762052e+01 7.0000000000e+00 1.0000000000e+01
7.7000000000e+01 2.2900000000e+02 6.9750000000e+03 6.3503800000e+03 3.7000000000e+01 4.0000000000e+00 1.1430000000e+03 4.5130058965e+01 1.3710000000e+03 4.0049621998e+01 7.0000000000e+00 7.0000000000e+00
7.8000000000e+01 2.3000000000e+02 2.3331000000e+04 2.0636670000e+04 1.4500000000e+02 1.3000000000e+01 4.2500000000e+02 2.8139163101e+01 1.1520000000e+03 4.0920485226e+01 1.9000000000e+01 1.1000000000e+01
7.8000000000e+01 2.3100000000e+02 6.9360000000e+03 6.3409600000e+03 3.7000000000e+01 4.0000000000e+00 9.0500000000e+02 3.2593881498e+01 1.1860000000e+03 4.3766108146e+01 1.0000000000e+01 7.0000000000e+00
7.9000000000e+01 2.3200000000e+02 1.9633000000e+04 1.7435250000e+04 1.2300000000e+02 1.1000000000e+01 8.4500000000e+02 1.5656402870e+01 4.1300000000e+02 2.8037299512e+01 1.1000000000e+01 2.3000000000e+01
7.9000000000e+01 2.3300000000e+02 6.8910000000e+03 6.3363900000e+03 3.4000000000e+01 4.0000000000e+00 7.2100000000e+02 2.8199505691e+01 9.0300000000e+02 2.7761975303e+01 1.1000000000e+01 7.0000000000e+00
7.9000000000e+01 2.3400000000e+02 1.6424000000e+04 1.4285950000e+04 1.0100000000e+02 9.0000000000e+00 1.3160000000e+03 2.5932412152e+01 1.3160000000e+03 1.8198351574e+01 1.5000000000e+01 1.5000000000e+01
7.9000000000e+01 2.3500000000e+02 6.8590000000e+03 6.3430300000e+03 3.2000000000e+01 4.0000000000e+00 9.1700000000e+02 2.1936859539e+01 1.3380000000e+03 1.8654758106e+01 1.0000000000e+01 6.0000000000e+00
7.9000000000e+01 2.3600000000e+02 6.9410000000e+03 6.3454500000e+03 3.4000000000e+01 4.0000000000e+00 6.1100000000e+02 2.8629292056e+01 1.3710000000e+03 4.1832639135e+01 7.0000000000e+00 7.0000000000e+00
8.0000000000e+01 2.3700000000e+02 1.2315000000e+04 1.1111200000e+04 7.5000000000e+01 7.0000000000e+00 9.8100000000e+02 2.2066851745e+01 1.1680000000e+03 4.5139423651e+01 1.1000000000e+01 1.5000000000e+01
8.0000000000e+01 2.3800000000e+02 6.9290000000e+03 6.3308300000e+03 3.8000000000e+01 4.0000000000e+00 4.5900000000e+02 2.7836880067e+01 1.2750000000e+03 4.9169590690e+01 7.0000000000e+00 7.0000000000e+00
8.0000000000e+01 2.3900000000e+02 8.6870000000e+03 7.9194600000e+03 4.0000000000e+01 5.0000000000e+00 6.6800000000e+02 1.8730203224e+01 1.3170000000e+03 3.0846185817e+01 1.1000000000e+01 1.0000000000e+01
8.1000000000e+01 2.4000000000e+02 1.2204000000e+04 1.1073300000e+04 7.4000000000e+01 7.0000000000e+00 7.6700000000e+02 3.6460336866e+01 1.0500000000e+03 4.3109449748e+01 7.0000000000e+00 2.3000000000e+01
8.2000000000e+01 2.4100000000e+02 8.6780000000e+03 7.9557000000e+03 4.4000000000e+01 5.0000000000e+00 5.7100000000e+02 3.0574727366e+01 5.3800000000e+02 2.3138109106e+01 7.0000000000e+00 1.1000000000e+01
8.2000000000e+01 2.4200000000e+02 6.8820000000e+03 6.3312300000e+03 3.3000000000e+01 4.0000000000e+00 1.0250000000e+03 4.0909198232e+01 1.3600000000e+03 4.4257414633e+01 1.0000000000e+01 7.0000000000e+00
8.2000000000e+01 2.4300000000e+02 2.6089000000e+04 2.3782010000e+04 1.3500000000e+02 1.5000000000e+01 5.7000000000e+02 2.2140999991e+01 1.3980000000e+03 3.0804995718e+01 2.3000000000e+01 2.7000000000e+01
8.3000000000e+01 2.4400000000e+02 6.8880000000e+03 6.3577200000e+03 3.8000000000e+01 4.0000000000e+00 7.7400000000e+02 2.8271368383e+01 1.3940000000e+03 9.0866697732e+00 7.0000000000e+00 1.0000000000e+01
8.3000000000e+01 2.4500000000e+02 1.2219000000e+04 1.1109000000e+04 6.7000000000e+01 7.0000000000e+00 7.3200000000e+02 3.7196855520e+01 1.4260000000e+03 4.0841897679e+01 1.1000000000e+01 1.5000000000e+01
8.4000000000e+01 2.4600000000e+02 6.9930000000e+03 6.3357100000e+03 4.1000000000e+01 4.0000000000e+00 1.3430000000e+03 4.4941072528e+01 6.5100000000e+02 3.5706792071e+01 7.0000000000e+00 7.0000000000e+00
8.4000000000e+01 2.4700000000e+02 6.9570000000e+03 6.3366100000e+03 4.1000000000e+01 4.0000000000e+00 7.1900000000e+02 2.9458445309e+01 7.8700000000e+02 2.3587072731e+01 7.0000000000e+00 7.0000000000e+00
8.4000000000e+01 2.4800000000e+02 7.0140000000e+03 6.3365800000e+03 4.1000000000e+01 4.0000000000e+00 6.2300000000e+02 1.3841965178e+01 1.1730000000e+03 3.6828996728e+01 7.0000000000e+00 1.1000000000e+01
8.4000000000e+01 2.4900000000e+02 8.6890000000e+03 7.9180900000e+03 5.5000000000e+01 5.0000000000e+00 1.4810000000e+03 2.8817754301e+01 1.2590000000e+03 7.4423711873e+00 1.0000000000e+01 1.1000000000e+01
8.6000000000e+01 2.5000000000e+02 6.9350000000e+03 6.3499800000e+03 4.3000000000e+01 4.0000000000e+00 8.0300000000e+02 2.4052026942e+01 9.6100000000e+02 1.3737331827e+01 7.0000000000e+00 1.0000000000e+01
8.7000000000e+01 2.5100000000e+02 1.2043000000e+04 1.1064180000e+04 7.4000000000e+01 7.0000000000e+00 3.9300000000e+02 1.4562571653e+01 8.0000000000e+02 2.5027655936e+01 1.1000000000e+01 1.5000000000e+01
8.7000000000e+01 2.5200000000e+02 4.4903000000e+04 3.9674900000e+04 2.8300000000e+02 2.5000000000e+01 7.4800000000e+02 2.1370507284e+01 8.3700000000e+02 3.4170463377e+01 2.3000000000e+01 3.1000000000e+01
8.7000000000e+01 2.5300000000e+02 8.7570000000e+03 7.9373200000e+03 5.2000000000e+01 5.0000000000e+00 4.9900000000e+02 2.9437870767e+01 8.4100000000e+02 2.1718339589e+01 7.0000000000e+00 1.1000000000e+01
8.7000000000e+01 2.5400000000e+02 1.2198000000e+04 1.1111130000e+04 7.3000000000e+01 7.0000000000e+00 6.8500000000e+02 2.8605555016e+01 8.4000000000e+02 3.1796444595e+01 1.5000000000e+01 1.1000000000e+01
8.7000000000e+01 2.5500000000e+02 3.1050000000e+04 2.6978130000e+04 1.7200000000e+02 1.7000000000e+01 6.8200000000e+02 1.2363642227e+01 8.6400000000e+02 3.6238892228e+01 1.9000000000e+01 2.3000000000e+01
8.7000000000e+01 2.5600000000e+02 6.8660000000e+03 6.3444700000e+03 3.4000000000e+01 4.0000000000e+00 4.9500000000e+02 1.8309626546e+01 8.7300000000e+02 2.6414527683e+01 7.0000000000e+00 1.1000000000e+01
8.7000000000e+01 2.5700000000e+02 1.8212000000e+04 1.5873660000e+04 1.1400000000e+02 1.0000000000e+01 1.2770000000e+03 1.5719893265e+01 8.9300000000e+02 2.5181992442e+01 1.9000000000e+01 1.5000000000e+01
8.7000000000e+01 2.5800000000e+02 8.8280000000e+03 7.9618900000e+03 4.6000000000e+01 5.0000000000e+00 1.1170000000e+03 3.1598171536e+01 9.8000000000e+02 3.8025430087e+01 1.0000000000e+01 1.1000000000e+01
8.7000000000e+01 2.5900000000e+02 6.8690000000e+03 6.3368300000e+03 3.8000000000e+01 4.0000000000e+00 1.4560000000e+03 3.2045997347e+01 1.2690000000e+03 4.1520753521e+01 7.0000000000e+00 1.1000000000e+01
8.8000000000e+01 2.6000000000e+02 1.2055000000e+04 1.1093090000e+04 6.1000000000e+01 7.0000000000e+00 7.9000000000e+02 3.5421038946e+01 4.6700000000e+02 2.3121418642e+01 1.5000000000e+01 7.0000000000e+00
8.9000000000e+01 2.6100000000e+02 1.0497000000e+04 9.4910900000e+03 5.6000000000e+01 6.0000000000e+00 8.0600000000e+02 1.2422121031e+01 4.1200000000e+02 1.6291101866e+01 1.1000000000e+01 1.1000000000e+01
8.9000000000e+01 2.6200000000e+02 2.2680000000e+04 2.0609890000e+04 1.2400000000e+02 1.3000000000e+01 1.0980000000e+03 3.9919329222e+01 1.6610000000e+03 5.8489315264e+01 7.0000000000e+00 3.4000000000e+01
9.0000000000e+01 2.6300000000e+02 1.5909000000e+04 1.4281260000e+04 9.7000000000e+01 9.0000000000e+00 9.1000000000e+02 3.8656068950e+01 1.0200000000e+03 1.5793260694e+01 1.5000000000e+01 1.5000000000e+01
9.0000000000e+01 2.6400000000e+02 6.9880000000e+03 6.3512200000e+03 4.1000000000e+01 4.0000000000e+00 1.3140000000e+03 4.7314374137e+01 1.0770000000e+03 1.8135600348e+01 7.0000000000e+00 1.0000000000e+01
9.2000000000e+01 2.6500000000e+02 6.9010000000e+03 6.3264900000e+03 3.1000000000e+01 4.0000000000e+00 8.0300000000e+02 3.4367620420e+01 3.0700000000e+02 1.3761056161e+01 7.0000000000e+00 7.0000000000e+00
9.2000000000e+01 2.6600000000e+02 2.6111000000e+04 2.3783500000e+04 1.5600000000e+02 1.5000000000e+01 4.8700000000e+02 2.7989859915e+01 6.6100000000e+02 1.6713911532e+01 1.5000000000e+01 1.9000000000e+01
9.2000000000e+01 2.6700000000e+02 7.0430000000e+03 6.3528200000e+03 4.4000000000e+01 4.0000000000e+00 1.1080000000e+03 3.2961217521e+01 1.0860000000e+03 2.8773372704e+00 7.0000000000e+00 1.1000000000e+01
9.2000000000e+01 2.6800000000e+02 1.0367000000e+04 9.4914000000e+03 5.8000000000e+01 6.0000000000e+00 1.2340000000e+03 4.3271278104e+01 1.5450000000e+03 4.5590088181e+01 1.1000000000e+01 1.5000000000e+01
9.3000000000e+01 2.6900000000e+02 1.9121000000e+04 1.7471770000e+04 1.0300000000e+02 1.1000000000e+01 7.7500000000e+02 1.8125921207e+01 7.1700000000e+02 1.3032764142e+01 1.5000000000e+01 1.4000000000e+01
9.3000000000e+01 2.7000000000e+02 6.9430000000e+03 6.3422600000e+03 4.4000000000e+01 4.0000000000e+00 4.0800000000e+02 2.2525437817e+01 1.0580000000e+03 2.6320033929e+01 1.1000000000e+01 7.0000000000e+00
9.3000000000e+01 2.7100000000e+02 6.9290000000e+03 6.3479900000e+03 3.9000000000e+01 4.0000000000e+00 7.2300000000e+02 2.9667898654e+01 1.0990000000e+03 2.5337199613e+01 7.0000000000e+00 7.0000000000e+00
9.5000000000e+01 2.7200000000e+02 7.0130000000e+03 6.3334900000e+03 4.3000000000e+01 4.0000000000e+00 5.8500000000e+02 3.0932337833e+01 7.5000000000e+02 2.4736227529e+01 1.1000000000e+01 7.0000000000e+00
9.5000000000e+01 2.7300000000e+02 6.9210000000e+03 6.3362600000e+03 3.7000000000e+01 4.0000000000e+00 6.1100000000e+02 2.3411772917e+01 7.6400000000e+02 3.4055102408e+01 7.0000000000e+00 1.1000000000e+01
9.5000000000e+01 2.7400000000e+02 1.0565000000e+04 9.5127500000e+03 5.8000000000e+01 6.0000000000e+00 7.6800000000e+02 1.5166907652e+01 8.5100000000e+02 2.3540185872e+01 1.5000000000e+01 1.5000000000e+01
9.6000000000e+01 2.7500000000e+02 6.9210000000e+03 6.3371400000e+03 3.6000000000e+01 4.0000000000e+00 1.0990000000e+03 4.1241102937e+01 1.2650000000e+03 3.9971418360e+01 7.0000000000e+00 1.1000000000e+01
9.6000000000e+01 2.7600000000e+02 7.0120000000e+03 6.3316200000e+03 4.3000000000e+01 4.0000000000e+00 1.4270000000e+03 1.4465887624e+01 1.3270000000e+03 3.4731966887e+01 7.0000000000e+00 7.0000000000e+00
9.6000000000e+01 2.7700000000e+02 1.2267000000e+04 1.1084000000e+04 7.5000000000e+01 7.0000000000e+00 7.7000000000e+02 3.4085544213e+01 1.5410000000e+03 4.0933697214e+01 1.5000000000e+01 1.1000000000e+01
9.6000000000e+01 2.7800000000e+02 6.9610000000e+03 6.3363000000e+03 4.1000000000e+01 4.0000000000e+00 7.9500000000e+02 2.9659737018e+01 1.6130000000e+03 1.8193405399e+01 7.0000000000e+00 1.1000000000e+01
9.7000000000e+01 2.7900000000e+02 8.9320000000e+03 7.9362900000e+03 5.1000000000e+01 5.0000000000e+00 6.1200000000e+02 3.0667898526e+01 7.1900000000e+02 3.5253652293e+01 1.1000000000e+01 7.0000000000e+00
9.7000000000e+01 2.8000000000e+02 1.2110000000e+04 1.1099500000e+04 6.4000000000e+01 7.0000000000e+00 5.9500000000e+02 2.1933159646e+01 7.2600000000e+02 3.3547880968e+01 1.1000000000e+01 1.5000000000e+01
9.7000000000e+01 2.8100000000e+02 6.8840000000e+03 6.3475700000e+03 3.3000000000e+01 4.0000000000e+00 1.2070000000e+03 2.1390710601e+01 7.5100000000e+02 3.2210246817e+01 7.0000000000e+00 7.0000000000e+00
9.7000000000e+01 2.8200000000e+02 6.9030000000e+03 6.3481200000e+03 3.1000000000e+01 4.0000000000e+00 6.2000000000e+02 3.5378901434e+01 7.6800000000e+02 3.7359068511e+01 1.1000000000e+01 1.1000000000e+01
9.7000000000e+01 2.8300000000e+02 1.7440000000e+04 1.5871960000e+04 1.0100000000e+02 1.0000000000e+01 4.5500000000e+02 2.5002999820e+01 8.2300000000e+02 2.6721152670e+01 1.5000000000e+01 1.5000000000e+01
9.7000000000e+01 2.8400000000e+02 6.8790000000e+03 6.3422400000e+03 3.0000000000e+01 4.0000000000e+00 4.8500000000e+02 2.7899450001e+01 8.2100000000e+02 3.2933056446e+01 1.1000000000e+01 1.0000000000e+01
9.7000000000e+01 2.8500000000e+02 1.7864000000e+04 1.5845950000e+04 1.1300000000e+02 1.0000000000e+01 9.2600000000e+02 2.0011380691e+01 8.5700000000e+02 2.9181237857e+01 1.9000000000e+01 1.1000000000e+01
9.7000000000e+01 2.8600000000e+02 1.2405000000e+04 1.1074510000e+04 7.7000000000e+01 7.0000000000e+00 1.5250000000e+03 5.1952534004e+01 9.3400000000e+02 3.7862285081e+01 1.1000000000e+01 1.1000000000e+01
9.8000000000e+01 2.8700000000e+02 3.3665000000e+04 3.0112750000e+04 2.0600000000e+02 1.9000000000e+01 9.4100000000e+02 4.1269134513e+01 9.0000000000e+02 3.8800993198e+01 2.3000000000e+01 1.9000000000e+01
9.8000000000e+01 2.8800000000e+02 1.3847000000e+04 1.2683280000e+04 7.4000000000e+01 8.0000000000e+00 1.5840000000e+03 3.3416221145e+01 1.0710000000e+03 2.3721269573e+01 1.9000000000e+01 7.0000000000e+00
9.8000000000e+01 2.8900000000e+02 2.9743000000e+04 2.6953020000e+04 1.8100000000e+02 1.7000000000e+01 6.4800000000e+02 8.6554414484e+00 1.1230000000e+03 2.8936904542e+01 2.3000000000e+01 3.5000000000e+01
9.9000000000e+01 2.9000000000e+02 7.5380000000e+03 6.3446000000e+03 3.4000000000e+01 4.0000000000e+00 1.5390000000e+03 3.3527916907e+01 6.1100000000e+02 2.9293188783e+01 7.0000000000e+00 7.0000000000e+00
9.9000000000e+01 2.9100000000e+02 1.7663000000e+04 1.5860280000e+04 1.0000000000e+02 1.0000000000e+01 1.2880000000e+03 3.1636508765e+01 7.6800000000e+02 2.2028906629e+01 1.5000000000e+01 1.5000000000e+01
