0.0000000000e+00 0.0000000000e+00 4.8120000000e+04 4.5993550000e+04 1.2200000000e+02 2.9000000000e+01
0.0000000000e+00 1.0000000000e+00 1.0120000000e+04 9.5314500000e+03 6.2000000000e+01 6.0000000000e+00
0.0000000000e+00 2.0000000000e+00 6.6850000000e+03 6.3420700000e+03 3.7000000000e+01 4.0000000000e+00
0.0000000000e+00 3.0000000000e+00 8.2810000000e+03 7.9241800000e+03 2.0000000000e+01 5.0000000000e+00
0.0000000000e+00 4.0000000000e+00 8.2830000000e+03 7.9400600000e+03 1.5000000000e+01 5.0000000000e+00
0.0000000000e+00 5.0000000000e+00 6.5910000000e+03 6.3411400000e+03 2.3000000000e+01 4.0000000000e+00
0.0000000000e+00 6.0000000000e+00 6.7220000000e+03 6.3605700000e+03 3.8000000000e+01 4.0000000000e+00
0.0000000000e+00 7.0000000000e+00 8.3150000000e+03 7.9353600000e+03 4.2000000000e+01 5.0000000000e+00
0.0000000000e+00 8.0000000000e+00 1.9814000000e+04 1.9033700000e+04 8.5000000000e+01 1.2000000000e+01
0.0000000000e+00 9.0000000000e+00 6.7770000000e+03 6.3531400000e+03 4.3000000000e+01 4.0000000000e+00
0.0000000000e+00 1.0000000000e+01 6.6570000000e+03 6.3437900000e+03 2.9000000000e+01 4.0000000000e+00
0.0000000000e+00 1.1000000000e+01 8.4650000000e+03 7.9355000000e+03 5.1000000000e+01 5.0000000000e+00
0.0000000000e+00 1.2000000000e+01 6.6300000000e+03 6.3531400000e+03 2.9000000000e+01 4.0000000000e+00
0.0000000000e+00 1.3000000000e+01 8.3210000000e+03 7.9490000000e+03 3.0000000000e+01 5.0000000000e+00
0.0000000000e+00 1.4000000000e+01 4.9400000000e+03 4.7576300000e+03 2.5000000000e+01 3.0000000000e+00
0.0000000000e+00 1.5000000000e+01 1.1743000000e+04 1.1095480000e+04 6.9000000000e+01 7.0000000000e+00
0.0000000000e+00 1.6000000000e+01 1.5023000000e+04 1.4289670000e+04 7.3000000000e+01 9.0000000000e+00
0.0000000000e+00 1.7000000000e+01 9.9280000000e+03 9.4958200000e+03 5.6000000000e+01 6.0000000000e+00
0.0000000000e+00 1.8000000000e+01 6.7800000000e+03 6.3613300000e+03 4.4000000000e+01 4.0000000000e+00
0.0000000000e+00 1.9000000000e+01 6.7540000000e+03 6.3673900000e+03 3.8000000000e+01 4.0000000000e+00
0.0000000000e+00 2.0000000000e+01 8.2970000000e+03 7.9310800000e+03 4.2000000000e+01 5.0000000000e+00
0.0000000000e+00 2.1000000000e+01 4.9840000000e+03 4.7599900000e+03 2.5000000000e+01 3.0000000000e+00
0.0000000000e+00 2.2000000000e+01 8.3590000000e+03 7.9420800000e+03 4.5000000000e+01 5.0000000000e+00
0.0000000000e+00 2.3000000000e+01 9.9650000000e+03 9.5235200000e+03 5.2000000000e+01 6.0000000000e+00
0.0000000000e+00 2.4000000000e+01 3.3350000000e+03 3.1751800000e+03 1.8000000000e+01 2.0000000000e+00
0.0000000000e+00 2.5000000000e+01 1.0025000000e+04 9.5251600000e+03 5.4000000000e+01 6.0000000000e+00
0.0000000000e+00 2.6000000000e+01 8.4490000000e+03 7.9618300000e+03 4.9000000000e+01 5.0000000000e+00
0.0000000000e+00 2.7000000000e+01 6.6930000000e+03 6.3657700000e+03 3.0000000000e+01 4.0000000000e+00
0.0000000000e+00 2.8000000000e+01 1.4866000000e+04 1.4284990000e+04 6.7000000000e+01 9.0000000000e+00
0.0000000000e+00 2.9000000000e+01 1.5094000000e+04 1.4295980000e+04 7.3000000000e+01 9.0000000000e+00
0.0000000000e+00 3.0000000000e+01 8.4790000000e+03 7.9545200000e+03 5.0000000000e+01 5.0000000000e+00
0.0000000000e+00 3.1000000000e+01 9.9460000000e+03 9.5235100000e+03 3.5000000000e+01 6.0000000000e+00
0.0000000000e+00 3.2000000000e+01 8.2890000000e+03 7.9422600000e+03 3.9000000000e+01 5.0000000000e+00
0.0000000000e+00 3.3000000000e+01 8.4340000000e+03 7.9320000000e+03 4.4000000000e+01 5.0000000000e+00
0.0000000000e+00 3.4000000000e+01 4.9820000000e+03 4.7709000000e+03 2.5000000000e+01 3.0000000000e+00
0.0000000000e+00 3.5000000000e+01 6.6480000000e+03 6.3466100000e+03 3.7000000000e+01 4.0000000000e+00
0.0000000000e+00 3.6000000000e+01 8.3880000000e+03 7.9418200000e+03 4.7000000000e+01 5.0000000000e+00
1.0000000000e+00 3.7000000000e+01 5.9751000000e+04 5.7113420000e+04 1.4900000000e+02 3.6000000000e+01
1.0000000000e+00 3.8000000000e+01 8.2980000000e+03 7.9379000000e+03 4.5000000000e+01 5.0000000000e+00
1.0000000000e+00 3.9000000000e+01 4.9360000000e+03 4.7521000000e+03 5.0000000000e+00 3.0000000000e+00
1.0000000000e+00 4.0000000000e+01 4.9290000000e+03 4.7554200000e+03 3.0000000000e+00 3.0000000000e+00
1.0000000000e+00 4.1000000000e+01 6.6910000000e+03 6.3518500000e+03 3.7000000000e+01 4.0000000000e+00
1.0000000000e+00 4.2000000000e+01 3.2910000000e+03 3.1706300000e+03 1.0000000000e+01 2.0000000000e+00
1.0000000000e+00 4.3000000000e+01 4.9690000000e+03 4.7588400000e+03 2.2000000000e+01 3.0000000000e+00
1.0000000000e+00 4.4000000000e+01 8.3130000000e+03 7.9384300000e+03 4.6000000000e+01 5.0000000000e+00
1.0000000000e+00 4.5000000000e+01 6.7220000000e+03 6.3490700000e+03 3.6000000000e+01 4.0000000000e+00
1.0000000000e+00 4.6000000000e+01 1.7068000000e+04 1.5941170000e+04 9.6000000000e+01 1.0000000000e+01
1.0000000000e+00 4.7000000000e+01 3.2930000000e+03 3.1761800000e+03 5.0000000000e+00 2.0000000000e+00
1.0000000000e+00 4.8000000000e+01 8.4000000000e+03 7.9600400000e+03 4.4000000000e+01 5.0000000000e+00
1.0000000000e+00 4.9000000000e+01 6.7900000000e+03 6.3522400000e+03 3.6000000000e+01 4.0000000000e+00
1.0000000000e+00 5.0000000000e+01 1.1577000000e+04 1.1107060000e+04 6.0000000000e+01 7.0000000000e+00
1.0000000000e+00 5.1000000000e+01 1.1656000000e+04 1.1115150000e+04 5.3000000000e+01 7.0000000000e+00
1.0000000000e+00 5.2000000000e+01 4.9670000000e+03 4.7613900000e+03 2.6000000000e+01 3.0000000000e+00
1.0000000000e+00 5.3000000000e+01 1.0089000000e+04 9.5360600000e+03 5.2000000000e+01 6.0000000000e+00
1.0000000000e+00 5.4000000000e+01 1.3330000000e+04 1.2717310000e+04 6.0000000000e+01 8.0000000000e+00
1.0000000000e+00 5.5000000000e+01 1.7274000000e+04 1.5867620000e+04 1.0800000000e+02 1.0000000000e+01
1.0000000000e+00 5.6000000000e+01 2.3449000000e+04 2.2249830000e+04 1.2800000000e+02 1.4000000000e+01
1.0000000000e+00 5.7000000000e+01 8.4580000000e+03 7.9503000000e+03 4.9000000000e+01 5.0000000000e+00
1.0000000000e+00 5.8000000000e+01 1.0019000000e+04 9.5365700000e+03 5.3000000000e+01 6.0000000000e+00
1.0000000000e+00 5.9000000000e+01 4.9640000000e+03 4.7581600000e+03 1.7000000000e+01 3.0000000000e+00
1.0000000000e+00 6.0000000000e+01 4.9950000000e+03 4.7670700000e+03 2.8000000000e+01 3.0000000000e+00
1.0000000000e+00 6.1000000000e+01 1.1819000000e+04 1.1153740000e+04 6.7000000000e+01 7.0000000000e+00
1.0000000000e+00 6.2000000000e+01 8.3950000000e+03 7.9342100000e+03 4.7000000000e+01 5.0000000000e+00
1.0000000000e+00 6.3000000000e+01 8.3270000000e+03 7.9563300000e+03 3.4000000000e+01 5.0000000000e+00
1.0000000000e+00 6.4000000000e+01 1.5161000000e+04 1.4311940000e+04 9.4000000000e+01 9.0000000000e+00
1.0000000000e+00 6.5000000000e+01 5.0500000000e+03 4.7621100000e+03 2.4000000000e+01 3.0000000000e+00
1.0000000000e+00 6.6000000000e+01 1.1794000000e+04 1.1112750000e+04 6.6000000000e+01 7.0000000000e+00
1.0000000000e+00 6.7000000000e+01 2.5385000000e+04 2.3826750000e+04 1.4700000000e+02 1.5000000000e+01
1.0000000000e+00 6.8000000000e+01 9.9870000000e+03 9.5260100000e+03 5.1000000000e+01 6.0000000000e+00
1.0000000000e+00 6.9000000000e+01 1.2006000000e+04 1.1132550000e+04 8.9000000000e+01 7.0000000000e+00
1.0000000000e+00 7.0000000000e+01 8.3200000000e+03 7.9588400000e+03 3.5000000000e+01 5.0000000000e+00
1.0000000000e+00 7.1000000000e+01 8.4250000000e+03 7.9444000000e+03 4.7000000000e+01 5.0000000000e+00
1.0000000000e+00 7.2000000000e+01 1.0156000000e+04 9.5401200000e+03 5.3000000000e+01 6.0000000000e+00
1.0000000000e+00 7.3000000000e+01 8.3030000000e+03 7.9430000000e+03 3.9000000000e+01 5.0000000000e+00
1.0000000000e+00 7.4000000000e+01 6.6330000000e+03 6.3575000000e+03 2.3000000000e+01 4.0000000000e+00
1.0000000000e+00 7.5000000000e+01 6.6200000000e+03 6.3410100000e+03 2.7000000000e+01 4.0000000000e+00
1.0000000000e+00 7.6000000000e+01 8.3330000000e+03 7.9382400000e+03 4.2000000000e+01 5.0000000000e+00
1.0000000000e+00 7.7000000000e+01 8.4480000000e+03 7.9535200000e+03 5.3000000000e+01 5.0000000000e+00
1.0000000000e+00 7.8000000000e+01 6.6640000000e+03 6.3322600000e+03 4.1000000000e+01 4.0000000000e+00
1.0000000000e+00 7.9000000000e+01 4.9410000000e+03 4.7607100000e+03 2.4000000000e+01 3.0000000000e+00
1.0000000000e+00 8.0000000000e+01 4.9840000000e+03 4.7445400000e+03 2.9000000000e+01 3.0000000000e+00
1.0000000000e+00 8.1000000000e+01 8.3130000000e+03 7.9425100000e+03 4.9000000000e+01 5.0000000000e+00
1.0000000000e+00 8.2000000000e+01 6.7100000000e+03 6.3680700000e+03 3.3000000000e+01 4.0000000000e+00
1.0000000000e+00 8.3000000000e+01 4.9460000000e+03 4.7579400000e+03 2.2000000000e+01 3.0000000000e+00
1.0000000000e+00 8.4000000000e+01 4.9690000000e+03 4.7571500000e+03 2.5000000000e+01 3.0000000000e+00
1.0000000000e+00 8.5000000000e+01 6.7180000000e+03 6.3555900000e+03 3.8000000000e+01 4.0000000000e+00
1.0000000000e+00 8.6000000000e+01 6.6800000000e+03 6.3534300000e+03 3.6000000000e+01 4.0000000000e+00
1.0000000000e+00 8.7000000000e+01 5.0260000000e+03 4.7558300000e+03 3.0000000000e+01 3.0000000000e+00
1.0000000000e+00 8.8000000000e+01 6.6000000000e+03 6.3478000000e+03 3.6000000000e+01 4.0000000000e+00
1.0000000000e+00 8.9000000000e+01 1.3427000000e+04 1.2680620000e+04 7.2000000000e+01 8.0000000000e+00
1.0000000000e+00 9.0000000000e+01 6.6870000000e+03 6.3642400000e+03 3.4000000000e+01 4.0000000000e+00
1.0000000000e+00 9.1000000000e+01 6.7500000000e+03 6.3535600000e+03 3.9000000000e+01 4.0000000000e+00
1.0000000000e+00 9.2000000000e+01 5.0000000000e+03 4.7732300000e+03 2.2000000000e+01 3.0000000000e+00
1.0000000000e+00 9.3000000000e+01 6.6650000000e+03 6.3658600000e+03 3.3000000000e+01 4.0000000000e+00
1.0000000000e+00 9.4000000000e+01 8.2960000000e+03 7.9470800000e+03 4.0000000000e+01 5.0000000000e+00
1.0000000000e+00 9.5000000000e+01 5.0290000000e+03 4.7722400000e+03 2.8000000000e+01 3.0000000000e+00
1.0000000000e+00 9.6000000000e+01 1.5173000000e+04 1.4338950000e+04 8.8000000000e+01 9.0000000000e+00
2.0000000000e+00 9.7000000000e+01 5.9795000000e+04 5.7112450000e+04 1.8400000000e+02 3.6000000000e+01
2.0000000000e+00 9.8000000000e+01 4.9920000000e+03 4.7432800000e+03 7.0000000000e+00 3.0000000000e+00
2.0000000000e+00 9.9000000000e+01 6.6610000000e+03 6.3485000000e+03 1.1000000000e+01 4.0000000000e+00
2.0000000000e+00 1.0000000000e+02 1.1615000000e+04 1.1104610000e+04 5.1000000000e+01 7.0000000000e+00
2.0000000000e+00 1.0100000000e+02 1.1769000000e+04 1.1111970000e+04 6.5000000000e+01 7.0000000000e+00
2.0000000000e+00 1.0200000000e+02 6.6100000000e+03 6.3464700000e+03 1.7000000000e+01 4.0000000000e+00
2.0000000000e+00 1.0300000000e+02 6.6640000000e+03 6.3491600000e+03 3.2000000000e+01 4.0000000000e+00
2.0000000000e+00 1.0400000000e+02 1.0029000000e+04 9.5356100000e+03 5.5000000000e+01 6.0000000000e+00
2.0000000000e+00 1.0500000000e+02 8.3780000000e+03 7.9504300000e+03 4.7000000000e+01 5.0000000000e+00
2.0000000000e+00 1.0600000000e+02 4.9930000000e+03 4.7587900000e+03 3.2000000000e+01 3.0000000000e+00
2.0000000000e+00 1.0700000000e+02 9.9730000000e+03 9.5279200000e+03 3.7000000000e+01 6.0000000000e+00
2.0000000000e+00 1.0800000000e+02 1.0075000000e+04 9.5292300000e+03 4.7000000000e+01 6.0000000000e+00
2.0000000000e+00 1.0900000000e+02 1.1802000000e+04 1.1116750000e+04 8.4000000000e+01 7.0000000000e+00
2.0000000000e+00 1.1000000000e+02 5.1990000000e+03 4.8490400000e+03 2.6000000000e+01 3.0000000000e+00
2.0000000000e+00 1.1100000000e+02 6.8420000000e+03 6.3616700000e+03 4.2000000000e+01 4.0000000000e+00
2.0000000000e+00 1.1200000000e+02 1.3386000000e+04 1.2691840000e+04 7.8000000000e+01 8.0000000000e+00
2.0000000000e+00 1.1300000000e+02 5.0590000000e+03 4.7824300000e+03 2.7000000000e+01 3.0000000000e+00
2.0000000000e+00 1.1400000000e+02 4.9660000000e+03 4.7509500000e+03 2.7000000000e+01 3.0000000000e+00
2.0000000000e+00 1.1500000000e+02 1.0042000000e+04 9.5272500000e+03 4.9000000000e+01 6.0000000000e+00
2.0000000000e+00 1.1600000000e+02 1.0135000000e+04 9.5469200000e+03 5.6000000000e+01 6.0000000000e+00
2.0000000000e+00 1.1700000000e+02 1.0050000000e+04 9.5266500000e+03 5.8000000000e+01 6.0000000000e+00
2.0000000000e+00 1.1800000000e+02 1.1610000000e+04 1.1113990000e+04 5.3000000000e+01 7.0000000000e+00
2.0000000000e+00 1.1900000000e+02 6.6270000000e+03 6.3567900000e+03 3.0000000000e+01 4.0000000000e+00
2.0000000000e+00 1.2000000000e+02 1.0001000000e+04 9.5248100000e+03 5.1000000000e+01 6.0000000000e+00
2.0000000000e+00 1.2100000000e+02 4.9700000000e+03 4.7685600000e+03 2.2000000000e+01 3.0000000000e+00
2.0000000000e+00 1.2200000000e+02 8.4500000000e+03 7.9278500000e+03 5.5000000000e+01 5.0000000000e+00
2.0000000000e+00 1.2300000000e+02 6.6940000000e+03 6.3503900000e+03 3.0000000000e+01 4.0000000000e+00
2.0000000000e+00 1.2400000000e+02 6.6310000000e+03 6.3631600000e+03 3.1000000000e+01 4.0000000000e+00
2.0000000000e+00 1.2500000000e+02 6.6990000000e+03 6.3454000000e+03 3.5000000000e+01 4.0000000000e+00
2.0000000000e+00 1.2600000000e+02 1.1726000000e+04 1.1156090000e+04 6.4000000000e+01 7.0000000000e+00
2.0000000000e+00 1.2700000000e+02 8.3560000000e+03 7.9284400000e+03 4.1000000000e+01 5.0000000000e+00
2.0000000000e+00 1.2800000000e+02 5.0540000000e+03 4.7750100000e+03 2.9000000000e+01 3.0000000000e+00
2.0000000000e+00 1.2900000000e+02 1.1608000000e+04 1.1122040000e+04 5.6000000000e+01 7.0000000000e+00
2.0000000000e+00 1.3000000000e+02 6.7450000000e+03 6.3710300000e+03 3.5000000000e+01 4.0000000000e+00
2.0000000000e+00 1.3100000000e+02 1.0127000000e+04 9.5552200000e+03 5.9000000000e+01 6.0000000000e+00
2.0000000000e+00 1.3200000000e+02 5.0360000000e+03 4.7725500000e+03 3.1000000000e+01 3.0000000000e+00
2.0000000000e+00 1.3300000000e+02 1.0000000000e+04 9.5422500000e+03 5.1000000000e+01 6.0000000000e+00
2.0000000000e+00 1.3400000000e+02 8.4730000000e+03 7.9518400000e+03 5.7000000000e+01 5.0000000000e+00
2.0000000000e+00 1.3500000000e+02 5.0580000000e+03 4.7736700000e+03 2.8000000000e+01 3.0000000000e+00
2.0000000000e+00 1.3600000000e+02 8.2220000000e+03 7.9419800000e+03 3.7000000000e+01 5.0000000000e+00
2.0000000000e+00 1.3700000000e+02 1.3333000000e+04 1.2703250000e+04 6.8000000000e+01 8.0000000000e+00
2.0000000000e+00 1.3800000000e+02 1.8436000000e+04 1.7449150000e+04 9.8000000000e+01 1.1000000000e+01
2.0000000000e+00 1.3900000000e+02 1.4946000000e+04 1.4307720000e+04 7.1000000000e+01 9.0000000000e+00
2.0000000000e+00 1.4000000000e+02 6.6740000000e+03 6.3462200000e+03 3.2000000000e+01 4.0000000000e+00
2.0000000000e+00 1.4100000000e+02 1.5107000000e+04 1.4305420000e+04 8.4000000000e+01 9.0000000000e+00
2.0000000000e+00 1.4200000000e+02 1.1551000000e+04 1.1116280000e+04 5.5000000000e+01 7.0000000000e+00
2.0000000000e+00 1.4300000000e+02 6.6210000000e+03 6.3578700000e+03 3.2000000000e+01 4.0000000000e+00
2.0000000000e+00 1.4400000000e+02 1.1573000000e+04 1.1116460000e+04 5.6000000000e+01 7.0000000000e+00
2.0000000000e+00 1.4500000000e+02 1.3517000000e+04 1.2696000000e+04 8.5000000000e+01 8.0000000000e+00
2.0000000000e+00 1.4600000000e+02 5.0050000000e+03 4.7829400000e+03 2.4000000000e+01 3.0000000000e+00
2.0000000000e+00 1.4700000000e+02 1.1572000000e+04 1.1115700000e+04 5.0000000000e+01 7.0000000000e+00
2.0000000000e+00 1.4800000000e+02 6.6080000000e+03 6.3619100000e+03 3.0000000000e+01 4.0000000000e+00
2.0000000000e+00 1.4900000000e+02 5.7759000000e+04 5.4077480000e+04 3.6300000000e+02 3.4000000000e+01
3.0000000000e+00 1.5000000000e+02 6.4773000000e+04 6.1833160000e+04 1.8600000000e+02 3.9000000000e+01
3.0000000000e+00 1.5100000000e+02 8.2940000000e+03 7.9234200000e+03 1.2000000000e+01 5.0000000000e+00
3.0000000000e+00 1.5200000000e+02 4.9460000000e+03 4.7462700000e+03 5.0000000000e+00 3.0000000000e+00
3.0000000000e+00 1.5300000000e+02 6.6720000000e+03 6.3559800000e+03 1.3000000000e+01 4.0000000000e+00
3.0000000000e+00 1.5400000000e+02 3.2900000000e+03 3.1736700000e+03 8.0000000000e+00 2.0000000000e+00
3.0000000000e+00 1.5500000000e+02 6.6110000000e+03 6.3569900000e+03 9.0000000000e+00 4.0000000000e+00
3.0000000000e+00 1.5600000000e+02 4.9340000000e+03 4.7509800000e+03 2.3000000000e+01 3.0000000000e+00
3.0000000000e+00 1.5700000000e+02 6.6090000000e+03 6.3388500000e+03 2.3000000000e+01 4.0000000000e+00
3.0000000000e+00 1.5800000000e+02 9.9710000000e+03 9.5419700000e+03 4.7000000000e+01 6.0000000000e+00
3.0000000000e+00 1.5900000000e+02 8.3320000000e+03 7.9351900000e+03 3.5000000000e+01 5.0000000000e+00
3.0000000000e+00 1.6000000000e+02 1.4927000000e+04 1.4269210000e+04 5.6000000000e+01 9.0000000000e+00
3.0000000000e+00 1.6100000000e+02 1.1704000000e+04 1.1120880000e+04 5.8000000000e+01 7.0000000000e+00
3.0000000000e+00 1.6200000000e+02 1.4970000000e+04 1.4289270000e+04 8.7000000000e+01 9.0000000000e+00
3.0000000000e+00 1.6300000000e+02 4.9150000000e+03 4.7565200000e+03 1.8000000000e+01 3.0000000000e+00
3.0000000000e+00 1.6400000000e+02 1.1750000000e+04 1.1125290000e+04 5.5000000000e+01 7.0000000000e+00
3.0000000000e+00 1.6500000000e+02 1.0067000000e+04 9.5443700000e+03 5.2000000000e+01 6.0000000000e+00
3.0000000000e+00 1.6600000000e+02 4.9760000000e+03 4.7816500000e+03 2.2000000000e+01 3.0000000000e+00
3.0000000000e+00 1.6700000000e+02 1.1675000000e+04 1.1119770000e+04 5.9000000000e+01 7.0000000000e+00
3.0000000000e+00 1.6800000000e+02 6.6760000000e+03 6.3270600000e+03 2.1000000000e+01 4.0000000000e+00
3.0000000000e+00 1.6900000000e+02 1.6960000000e+04 1.5901230000e+04 1.0600000000e+02 1.0000000000e+01
3.0000000000e+00 1.7000000000e+02 1.0019000000e+04 9.5406700000e+03 5.9000000000e+01 6.0000000000e+00
3.0000000000e+00 1.7100000000e+02 6.6990000000e+03 6.3756100000e+03 3.4000000000e+01 4.0000000000e+00
3.0000000000e+00 1.7200000000e+02 3.3190000000e+03 3.1698900000e+03 3.0000000000e+00 2.0000000000e+00
3.0000000000e+00 1.7300000000e+02 1.0015000000e+04 9.5427000000e+03 4.7000000000e+01 6.0000000000e+00
3.0000000000e+00 1.7400000000e+02 1.0027000000e+04 9.5189400000e+03 5.5000000000e+01 6.0000000000e+00
3.0000000000e+00 1.7500000000e+02 1.3475000000e+04 1.2692070000e+04 8.0000000000e+01 8.0000000000e+00
3.0000000000e+00 1.7600000000e+02 5.0190000000e+03 4.7732600000e+03 2.8000000000e+01 3.0000000000e+00
3.0000000000e+00 1.7700000000e+02 1.0100000000e+04 9.5505800000e+03 5.6000000000e+01 6.0000000000e+00
3.0000000000e+00 1.7800000000e+02 6.6450000000e+03 6.3596300000e+03 2.9000000000e+01 4.0000000000e+00
3.0000000000e+00 1.7900000000e+02 4.9660000000e+03 4.7623600000e+03 1.8000000000e+01 3.0000000000e+00
3.0000000000e+00 1.8000000000e+02 8.3340000000e+03 7.9413600000e+03 3.9000000000e+01 5.0000000000e+00
3.0000000000e+00 1.8100000000e+02 2.5682000000e+04 2.3819290000e+04 1.4900000000e+02 1.5000000000e+01
3.0000000000e+00 1.8200000000e+02 6.6330000000e+03 6.3478800000e+03 3.2000000000e+01 4.0000000000e+00
3.0000000000e+00 1.8300000000e+02 1.3306000000e+04 1.2687810000e+04 6.7000000000e+01 8.0000000000e+00
3.0000000000e+00 1.8400000000e+02 1.1730000000e+04 1.1099990000e+04 6.5000000000e+01 7.0000000000e+00
3.0000000000e+00 1.8500000000e+02 6.6150000000e+03 6.3525600000e+03 3.2000000000e+01 4.0000000000e+00
3.0000000000e+00 1.8600000000e+02 6.6420000000e+03 6.3402600000e+03 3.6000000000e+01 4.0000000000e+00
3.0000000000e+00 1.8700000000e+02 6.6390000000e+03 6.3386900000e+03 3.4000000000e+01 4.0000000000e+00
3.0000000000e+00 1.8800000000e+02 8.2480000000e+03 7.9373300000e+03 4.0000000000e+01 5.0000000000e+00
3.0000000000e+00 1.8900000000e+02 6.6640000000e+03 6.3638600000e+03 3.4000000000e+01 4.0000000000e+00
3.0000000000e+00 1.9000000000e+02 8.3690000000e+03 7.9335400000e+03 4.9000000000e+01 5.0000000000e+00
3.0000000000e+00 1.9100000000e+02 5.0060000000e+03 4.7569500000e+03 2.9000000000e+01 3.0000000000e+00
3.0000000000e+00 1.9200000000e+02 8.3830000000e+03 7.9373600000e+03 4.0000000000e+01 5.0000000000e+00
3.0000000000e+00 1.9300000000e+02 1.3219000000e+04 1.2727350000e+04 5.3000000000e+01 8.0000000000e+00
3.0000000000e+00 1.9400000000e+02 8.3060000000e+03 7.9344700000e+03 2.8000000000e+01 5.0000000000e+00
3.0000000000e+00 1.9500000000e+02 4.9870000000e+03 4.7634800000e+03 2.2000000000e+01 3.0000000000e+00
3.0000000000e+00 1.9600000000e+02 4.9890000000e+03 4.7676800000e+03 1.9000000000e+01 3.0000000000e+00
3.0000000000e+00 1.9700000000e+02 1.1826000000e+04 1.1159130000e+04 6.2000000000e+01 7.0000000000e+00
3.0000000000e+00 1.9800000000e+02 8.2680000000e+03 7.9372400000e+03 4.1000000000e+01 5.0000000000e+00
3.0000000000e+00 1.9900000000e+02 6.6490000000e+03 6.3521500000e+03 3.1000000000e+01 4.0000000000e+00
3.0000000000e+00 2.0000000000e+02 8.3850000000e+03 7.9342600000e+03 4.4000000000e+01 5.0000000000e+00
3.0000000000e+00 2.0100000000e+02 6.6450000000e+03 6.3541300000e+03 3.3000000000e+01 4.0000000000e+00
3.0000000000e+00 2.0200000000e+02 6.6650000000e+03 6.3530400000e+03 3.4000000000e+01 4.0000000000e+00
3.0000000000e+00 2.0300000000e+02 6.6170000000e+03 6.3465200000e+03 2.5000000000e+01 4.0000000000e+00
3.0000000000e+00 2.0400000000e+02 8.3770000000e+03 7.9391000000e+03 5.1000000000e+01 5.0000000000e+00
3.0000000000e+00 2.0500000000e+02 1.5146000000e+04 1.4318820000e+04 8.7000000000e+01 9.0000000000e+00
3.0000000000e+00 2.0600000000e+02 5.0460000000e+03 4.7779100000e+03 2.4000000000e+01 3.0000000000e+00
3.0000000000e+00 2.0700000000e+02 6.7010000000e+03 6.3469900000e+03 3.9000000000e+01 4.0000000000e+00
3.0000000000e+00 2.0800000000e+02 8.3610000000e+03 7.9430000000e+03 4.3000000000e+01 5.0000000000e+00
3.0000000000e+00 2.0900000000e+02 8.2810000000e+03 7.9427300000e+03 3.6000000000e+01 5.0000000000e+00
3.0000000000e+00 2.1000000000e+02 4.9880000000e+03 4.7580400000e+03 2.8000000000e+01 3.0000000000e+00
3.0000000000e+00 2.1100000000e+02 1.3400000000e+04 1.2722630000e+04 7.7000000000e+01 8.0000000000e+00
3.0000000000e+00 2.1200000000e+02 1.5244000000e+04 1.4298640000e+04 9.7000000000e+01 9.0000000000e+00
3.0000000000e+00 2.1300000000e+02 1.3337000000e+04 1.2706640000e+04 6.8000000000e+01 8.0000000000e+00
3.0000000000e+00 2.1400000000e+02 1.5011000000e+04 1.4287000000e+04 7.5000000000e+01 9.0000000000e+00
3.0000000000e+00 2.1500000000e+02 8.2840000000e+03 7.9513500000e+03 3.9000000000e+01 5.0000000000e+00
3.0000000000e+00 2.1600000000e+02 1.1785000000e+04 1.1145170000e+04 5.2000000000e+01 7.0000000000e+00
3.0000000000e+00 2.1700000000e+02 8.3640000000e+03 7.9427800000e+03 4.7000000000e+01 5.0000000000e+00
3.0000000000e+00 2.1800000000e+02 1.3607000000e+04 1.2696090000e+04 8.3000000000e+01 8.0000000000e+00
