0.0000000000e+00 0.0000000000e+00 6.1580900000e+05 6.1478952000e+05 5.3600000000e+02 9.3000000000e+01
0.0000000000e+00 1.0000000000e+00 6.2167000000e+04 6.2059201667e+04 3.9000000000e+01 9.0000000000e+00
0.0000000000e+00 2.0000000000e+00 3.3329000000e+04 3.3373093333e+04 2.2000000000e+01 5.0000000000e+00
0.0000000000e+00 3.0000000000e+00 9.8463000000e+04 9.8260961667e+04 7.1000000000e+01 1.5000000000e+01
0.0000000000e+00 4.0000000000e+00 4.0555000000e+04 4.0379283333e+04 3.0000000000e+01 6.0000000000e+00
0.0000000000e+00 5.0000000000e+00 1.3760000000e+05 1.2806554500e+05 7.2500000000e+02 2.0000000000e+01
0.0000000000e+00 6.0000000000e+00 5.9531000000e+04 5.9553171667e+04 3.6000000000e+01 9.0000000000e+00
0.0000000000e+00 7.0000000000e+00 1.0377000000e+05 9.5599511667e+04 5.8100000000e+02 1.5000000000e+01
0.0000000000e+00 8.0000000000e+00 8.2941000000e+04 7.5904170000e+04 5.1500000000e+02 1.2000000000e+01
1.0000000000e+00 9.0000000000e+00 6.1044100000e+05 6.0896158167e+05 5.1400000000e+02 9.2000000000e+01
1.0000000000e+00 1.0000000000e+01 5.5363000000e+04 5.5355746667e+04 3.7000000000e+01 8.0000000000e+00
1.0000000000e+00 1.1000000000e+01 1.5127700000e+05 1.4222436333e+05 6.4100000000e+02 2.2000000000e+01
1.0000000000e+00 1.2000000000e+01 1.0346500000e+05 9.4961230000e+04 6.3100000000e+02 1.5000000000e+01
1.0000000000e+00 1.3000000000e+01 1.9851400000e+05 1.9013329000e+05 9.3800000000e+02 3.0000000000e+01
1.0000000000e+00 1.4000000000e+01 1.0287200000e+05 9.5073116667e+04 6.1300000000e+02 1.5000000000e+01
1.0000000000e+00 1.5000000000e+01 8.7467000000e+04 8.2528648333e+04 4.8400000000e+02 1.3000000000e+01
1.0000000000e+00 1.6000000000e+01 3.2816000000e+04 3.2649501667e+04 2.3000000000e+01 5.0000000000e+00
1.0000000000e+00 1.7000000000e+01 1.3099500000e+05 1.2134423333e+05 6.2600000000e+02 1.9000000000e+01
1.0000000000e+00 1.8000000000e+01 9.6948000000e+04 8.9081286667e+04 6.1800000000e+02 1.4000000000e+01
1.0000000000e+00 1.9000000000e+01 8.9760000000e+04 8.2039400000e+04 5.9700000000e+02 1.3000000000e+01
1.0000000000e+00 2.0000000000e+01 1.0992200000e+05 1.0246558667e+05 6.1100000000e+02 1.6000000000e+01
1.0000000000e+00 2.1000000000e+01 5.8742700000e+05 5.4471970667e+05 3.5400000000e+03 8.6000000000e+01
1.0000000000e+00 2.2000000000e+01 9.9926000000e+04 8.9159408333e+04 6.2400000000e+02 1.4000000000e+01
1.0000000000e+00 2.3000000000e+01 1.2184600000e+05 1.0737191000e+05 8.4700000000e+02 1.7000000000e+01
