0.0000000000e+00 0.0000000000e+00 6.6385000000e+04 6.3471360000e+04 1.9600000000e+02 4.0000000000e+01
0.0000000000e+00 1.0000000000e+00 6.6850000000e+03 6.3420700000e+03 3.7000000000e+01 4.0000000000e+00
0.0000000000e+00 2.0000000000e+00 1.0120000000e+04 9.5314500000e+03 6.2000000000e+01 6.0000000000e+00
0.0000000000e+00 3.0000000000e+00 8.2830000000e+03 7.9400600000e+03 1.5000000000e+01 5.0000000000e+00
0.0000000000e+00 4.0000000000e+00 6.5910000000e+03 6.3411400000e+03 2.3000000000e+01 4.0000000000e+00
0.0000000000e+00 5.0000000000e+00 1.9814000000e+04 1.9033700000e+04 8.5000000000e+01 1.2000000000e+01
0.0000000000e+00 6.0000000000e+00 6.7770000000e+03 6.3531400000e+03 4.3000000000e+01 4.0000000000e+00
0.0000000000e+00 7.0000000000e+00 6.6570000000e+03 6.3437900000e+03 2.9000000000e+01 4.0000000000e+00
0.0000000000e+00 8.0000000000e+00 8.4650000000e+03 7.9355000000e+03 5.1000000000e+01 5.0000000000e+00
0.0000000000e+00 9.0000000000e+00 1.6570000000e+04 1.5847510000e+04 7.5000000000e+01 1.0000000000e+01
0.0000000000e+00 1.0000000000e+01 6.6300000000e+03 6.3531400000e+03 2.9000000000e+01 4.0000000000e+00
0.0000000000e+00 1.1000000000e+01 6.6440000000e+03 6.3542700000e+03 2.5000000000e+01 4.0000000000e+00
0.0000000000e+00 1.2000000000e+01 6.7220000000e+03 6.3605700000e+03 3.8000000000e+01 4.0000000000e+00
0.0000000000e+00 1.3000000000e+01 8.3150000000e+03 7.9353600000e+03 4.2000000000e+01 5.0000000000e+00
0.0000000000e+00 1.4000000000e+01 9.9280000000e+03 9.4958200000e+03 5.6000000000e+01 6.0000000000e+00
0.0000000000e+00 1.5000000000e+01 1.1743000000e+04 1.1095480000e+04 6.9000000000e+01 7.0000000000e+00
0.0000000000e+00 1.6000000000e+01 1.5023000000e+04 1.4289670000e+04 7.3000000000e+01 9.0000000000e+00
0.0000000000e+00 1.7000000000e+01 6.6930000000e+03 6.3657700000e+03 3.0000000000e+01 4.0000000000e+00
0.0000000000e+00 1.8000000000e+01 1.4866000000e+04 1.4284990000e+04 6.7000000000e+01 9.0000000000e+00
0.0000000000e+00 1.9000000000e+01 8.4790000000e+03 7.9545200000e+03 5.0000000000e+01 5.0000000000e+00
0.0000000000e+00 2.0000000000e+01 1.5094000000e+04 1.4295980000e+04 7.3000000000e+01 9.0000000000e+00
0.0000000000e+00 2.1000000000e+01 6.7540000000e+03 6.3673900000e+03 3.8000000000e+01 4.0000000000e+00
0.0000000000e+00 2.2000000000e+01 1.3416000000e+04 1.2702900000e+04 6.9000000000e+01 8.0000000000e+00
0.0000000000e+00 2.3000000000e+01 6.7800000000e+03 6.3613300000e+03 4.4000000000e+01 4.0000000000e+00
0.0000000000e+00 2.4000000000e+01 1.0025000000e+04 9.5251600000e+03 5.4000000000e+01 6.0000000000e+00
0.0000000000e+00 2.5000000000e+01 8.4490000000e+03 7.9618300000e+03 4.9000000000e+01 5.0000000000e+00
0.0000000000e+00 2.6000000000e+01 6.6480000000e+03 6.3466100000e+03 3.7000000000e+01 4.0000000000e+00
0.0000000000e+00 2.7000000000e+01 8.3880000000e+03 7.9418200000e+03 4.7000000000e+01 5.0000000000e+00
0.0000000000e+00 2.8000000000e+01 8.3590000000e+03 7.9420800000e+03 4.5000000000e+01 5.0000000000e+00
0.0000000000e+00 2.9000000000e+01 9.9650000000e+03 9.5235200000e+03 5.2000000000e+01 6.0000000000e+00
0.0000000000e+00 3.0000000000e+01 9.9410000000e+03 9.5327500000e+03 4.2000000000e+01 6.0000000000e+00
0.0000000000e+00 3.1000000000e+01 4.9730000000e+03 4.7504900000e+03 1.8000000000e+01 3.0000000000e+00
