2.0000000000e+00 0.0000000000e+00 8.1130000000e+03 7.9288300000e+03 3.0000000000e+01 5.0000000000e+00 1.9840000000e+03 3.1622776602e+00 8.2800000000e+02 1.6733200531e+00
1.5000000000e+01 1.0000000000e+00 8.1130000000e+03 7.9308300000e+03 2.1000000000e+01 5.0000000000e+00 1.4000000000e+02 1.4142135624e+00 1.6260000000e+03 2.2803508502e+00
1.8000000000e+01 2.0000000000e+00 8.1620000000e+03 7.9473900000e+03 2.1000000000e+01 5.0000000000e+00 9.8000000000e+02 1.4142135624e+00 1.8130000000e+03 2.2803508502e+00
1.9000000000e+01 3.0000000000e+00 8.1390000000e+03 7.9327900000e+03 1.9000000000e+01 5.0000000000e+00 9.4000000000e+01 1.0954451150e+00 2.7900000000e+02 1.6733200531e+00
2.8000000000e+01 4.0000000000e+00 8.0950000000e+03 7.9478700000e+03 1.8000000000e+01 5.0000000000e+00 1.9360000000e+03 2.6076809621e+00 2.2500000000e+02 2.2803508502e+00
3.3000000000e+01 5.0000000000e+00 8.1190000000e+03 7.9496100000e+03 2.7000000000e+01 5.0000000000e+00 1.0440000000e+03 3.1622776602e+00 4.7300000000e+02 2.2803508502e+00
3.6000000000e+01 6.0000000000e+00 8.1430000000e+03 7.9460000000e+03 1.8000000000e+01 5.0000000000e+00 1.6850000000e+03 2.2803508502e+00 1.4120000000e+03 1.4142135624e+00
4.0000000000e+01 7.0000000000e+00 8.1250000000e+03 7.9375500000e+03 1.9000000000e+01 5.0000000000e+00 1.5600000000e+03 3.1622776602e+00 1.0060000000e+03 1.0954451150e+00
4.2000000000e+01 8.0000000000e+00 8.1150000000e+03 7.9431900000e+03 2.8000000000e+01 5.0000000000e+00 1.4330000000e+03 2.2803508502e+00 4.3500000000e+02 1.6733200531e+00
4.3000000000e+01 9.0000000000e+00 8.0790000000e+03 7.9411900000e+03 1.4000000000e+01 5.0000000000e+00 6.1200000000e+02 1.4142135624e+00 1.2970000000e+03 2.2803508502e+00
5.2000000000e+01 1.0000000000e+01 8.1400000000e+03 7.9377400000e+03 2.7000000000e+01 5.0000000000e+00 6.5200000000e+02 1.6733200531e+00 5.8000000000e+02 2.6076809621e+00
5.7000000000e+01 1.1000000000e+01 8.1340000000e+03 7.9349300000e+03 1.5000000000e+01 5.0000000000e+00 1.2000000000e+03 1.4142135624e+00 1.6500000000e+02 2.2803508502e+00
7.1000000000e+01 1.2000000000e+01 9.7700000000e+03 9.5220100000e+03 2.6000000000e+01 6.0000000000e+00 1.2100000000e+02 2.1664102412e+00 5.3400000000e+02 1.8761663039e+00
7.3000000000e+01 1.3000000000e+01 8.1130000000e+03 7.9546900000e+03 1.5000000000e+01 5.0000000000e+00 2.9600000000e+02 2.6076809621e+00 1.9400000000e+03 1.4142135624e+00
7.4000000000e+01 1.4000000000e+01 8.1220000000e+03 7.9285700000e+03 1.9000000000e+01 5.0000000000e+00 1.4300000000e+02 1.6733200531e+00 1.9760000000e+03 2.6076809621e+00
7.8000000000e+01 1.5000000000e+01 8.2240000000e+03 7.9421700000e+03 1.8000000000e+01 5.0000000000e+00 6.4300000000e+02 2.6076809621e+00 8.7000000000e+01 1.6733200531e+00
8.6000000000e+01 1.6000000000e+01 8.1000000000e+03 7.9209600000e+03 2.2000000000e+01 5.0000000000e+00 3.7500000000e+02 2.6076809621e+00 9.3900000000e+02 8.9442719099e-01
9.4000000000e+01 1.7000000000e+01 8.1680000000e+03 7.9513800000e+03 2.2000000000e+01 5.0000000000e+00 7.2400000000e+02 1.4142135624e+00 1.0700000000e+02 2.6076809621e+00
