1.0000000000e+01 0.0000000000e+00 5.2554000000e+04 5.0598253718e+04 2.6000000000e+02 8.0000000000e+00
1.0000000000e+01 1.0000000000e+00 6.5563000000e+04 6.3324654804e+04 3.1800000000e+02 1.0000000000e+01
1.1000000000e+01 0.0000000000e+00 3.3595000000e+04 3.1678416344e+04 2.0200000000e+02 5.0000000000e+00
1.1000000000e+01 1.0000000000e+00 3.9237000000e+04 3.8011277008e+04 1.6800000000e+02 6.0000000000e+00
1.1000000000e+01 2.0000000000e+00 3.2526000000e+04 3.1738428128e+04 1.2600000000e+02 5.0000000000e+00
1.1000000000e+01 3.0000000000e+00 1.0509400000e+05 1.0348103549e+05 4.8800000000e+02 1.6000000000e+01
1.1000000000e+01 4.0000000000e+00 4.6465000000e+04 4.4369082937e+04 2.5800000000e+02 7.0000000000e+00
1.2000000000e+01 0.0000000000e+00 4.5921000000e+04 4.4372632595e+04 2.2300000000e+02 7.0000000000e+00
1.3000000000e+01 0.0000000000e+00 7.3292000000e+04 6.9594771292e+04 4.2900000000e+02 1.1000000000e+01
1.3000000000e+01 1.0000000000e+00 3.2445000000e+04 3.1634461169e+04 1.2700000000e+02 5.0000000000e+00
1.3000000000e+01 2.0000000000e+00 1.7158200000e+05 1.6483792229e+05 8.7800000000e+02 2.6000000000e+01
1.3000000000e+01 3.0000000000e+00 4.6421000000e+04 4.4399142952e+04 2.5200000000e+02 7.0000000000e+00
1.3000000000e+01 4.0000000000e+00 3.2693000000e+04 3.1617985725e+04 1.4200000000e+02 5.0000000000e+00
1.4000000000e+01 0.0000000000e+00 3.9020000000e+04 3.7961173281e+04 1.5200000000e+02 6.0000000000e+00
1.4000000000e+01 1.0000000000e+00 3.4174000000e+04 3.3040836714e+04 1.5600000000e+02 5.0000000000e+00
1.4000000000e+01 2.0000000000e+00 8.5926000000e+04 8.2445427444e+04 4.6500000000e+02 1.3000000000e+01
1.5000000000e+01 0.0000000000e+00 4.5895000000e+04 4.4359653507e+04 2.2100000000e+02 7.0000000000e+00
1.5000000000e+01 1.0000000000e+00 4.0106000000e+04 3.8001008875e+04 2.5000000000e+02 6.0000000000e+00
1.5000000000e+01 2.0000000000e+00 5.2605000000e+04 5.0673834204e+04 2.5700000000e+02 8.0000000000e+00
1.6000000000e+01 0.0000000000e+00 3.2713000000e+04 3.1649230218e+04 1.5200000000e+02 5.0000000000e+00
1.6000000000e+01 1.0000000000e+00 3.9320000000e+04 3.7991080024e+04 1.8800000000e+02 6.0000000000e+00
1.7000000000e+01 0.0000000000e+00 3.2480000000e+04 3.1667467203e+04 1.2500000000e+02 5.0000000000e+00
1.7000000000e+01 1.0000000000e+00 3.3321000000e+04 3.1722841110e+04 2.1100000000e+02 5.0000000000e+00
1.7000000000e+01 2.0000000000e+00 3.2772000000e+04 3.1658039245e+04 1.5600000000e+02 5.0000000000e+00
1.7000000000e+01 3.0000000000e+00 9.8900000000e+04 9.5047058821e+04 5.3900000000e+02 1.5000000000e+01
1.8000000000e+01 0.0000000000e+00 3.2863000000e+04 3.1788587404e+04 1.7300000000e+02 5.0000000000e+00
1.8000000000e+01 1.0000000000e+00 1.1840000000e+05 1.1412151928e+05 6.0300000000e+02 1.8000000000e+01
1.9000000000e+01 0.0000000000e+00 6.0038000000e+04 5.7147016905e+04 3.6000000000e+02 9.0000000000e+00
1.9000000000e+01 1.0000000000e+00 1.5374800000e+05 1.4562651971e+05 8.6300000000e+02 2.3000000000e+01
1.9000000000e+01 2.0000000000e+00 3.2938000000e+04 3.1673458171e+04 1.8900000000e+02 5.0000000000e+00
1.9000000000e+01 3.0000000000e+00 3.9282000000e+04 3.8056868709e+04 1.8700000000e+02 6.0000000000e+00
2.0000000000e+01 0.0000000000e+00 3.2570000000e+04 3.1733975038e+04 1.3900000000e+02 5.0000000000e+00
2.0000000000e+01 1.0000000000e+00 1.5846600000e+05 1.5209675285e+05 8.3100000000e+02 2.4000000000e+01
2.0000000000e+01 2.0000000000e+00 3.2663000000e+04 3.1801385207e+04 1.5200000000e+02 5.0000000000e+00
2.1000000000e+01 0.0000000000e+00 3.9046000000e+04 3.8021068735e+04 1.5000000000e+02 6.0000000000e+00
2.1000000000e+01 1.0000000000e+00 5.9199000000e+04 5.6964934967e+04 2.8100000000e+02 9.0000000000e+00
2.1000000000e+01 2.0000000000e+00 3.2962000000e+04 3.1702473571e+04 1.7400000000e+02 5.0000000000e+00
2.1000000000e+01 3.0000000000e+00 3.2456000000e+04 3.1633876157e+04 1.2800000000e+02 5.0000000000e+00
2.2000000000e+01 0.0000000000e+00 3.9446000000e+04 3.7949407858e+04 2.0400000000e+02 6.0000000000e+00
2.3000000000e+01 0.0000000000e+00 3.2592000000e+04 3.1668071763e+04 1.3500000000e+02 5.0000000000e+00
2.3000000000e+01 1.0000000000e+00 3.2826000000e+04 3.1853472872e+04 1.4400000000e+02 5.0000000000e+00
2.3000000000e+01 2.0000000000e+00 5.8699000000e+04 5.7011100194e+04 2.5500000000e+02 9.0000000000e+00
2.3000000000e+01 3.0000000000e+00 5.9112000000e+04 5.7054364922e+04 3.0500000000e+02 9.0000000000e+00
2.3000000000e+01 4.0000000000e+00 9.9147000000e+04 9.5036911757e+04 5.1900000000e+02 1.5000000000e+01
2.3000000000e+01 5.0000000000e+00 3.9738000000e+04 3.8034143497e+04 2.1300000000e+02 6.0000000000e+00
2.3000000000e+01 6.0000000000e+00 3.2785000000e+04 3.1666826044e+04 1.7300000000e+02 5.0000000000e+00
2.4000000000e+01 0.0000000000e+00 5.3385000000e+04 5.0610508436e+04 3.2800000000e+02 8.0000000000e+00
2.4000000000e+01 1.0000000000e+00 3.2726000000e+04 3.1716246341e+04 1.5400000000e+02 5.0000000000e+00
2.4000000000e+01 2.0000000000e+00 3.2936000000e+04 3.1748597191e+04 1.8500000000e+02 5.0000000000e+00
2.5000000000e+01 0.0000000000e+00 1.5871000000e+05 1.5200391975e+05 8.3200000000e+02 2.4000000000e+01
2.5000000000e+01 1.0000000000e+00 4.6076000000e+04 4.4357155358e+04 2.2100000000e+02 7.0000000000e+00
2.5000000000e+01 2.0000000000e+00 3.2961000000e+04 3.1636560164e+04 1.6600000000e+02 5.0000000000e+00
2.6000000000e+01 0.0000000000e+00 5.9564000000e+04 5.7024104626e+04 2.9000000000e+02 9.0000000000e+00
2.7000000000e+01 0.0000000000e+00 3.9245000000e+04 3.7962877759e+04 1.6600000000e+02 6.0000000000e+00
2.7000000000e+01 1.0000000000e+00 3.2818000000e+04 3.1670911069e+04 1.5200000000e+02 5.0000000000e+00
2.7000000000e+01 2.0000000000e+00 7.8992000000e+04 7.5978296903e+04 4.1100000000e+02 1.2000000000e+01
2.7000000000e+01 3.0000000000e+00 5.2729000000e+04 5.0631706688e+04 2.7900000000e+02 8.0000000000e+00
2.8000000000e+01 0.0000000000e+00 3.2865000000e+04 3.1669454648e+04 1.6200000000e+02 5.0000000000e+00
2.8000000000e+01 1.0000000000e+00 3.2693000000e+04 3.1674007776e+04 1.4900000000e+02 5.0000000000e+00
2.8000000000e+01 2.0000000000e+00 3.2694000000e+04 3.1821022193e+04 1.3600000000e+02 5.0000000000e+00
2.8000000000e+01 3.0000000000e+00 3.3121000000e+04 3.1639884339e+04 1.8600000000e+02 5.0000000000e+00
2.8000000000e+01 4.0000000000e+00 3.2599000000e+04 3.1621651404e+04 1.3800000000e+02 5.0000000000e+00
2.8000000000e+01 5.0000000000e+00 9.4150000000e+04 8.8697743931e+04 5.6700000000e+02 1.4000000000e+01
2.8000000000e+01 6.0000000000e+00 5.2342000000e+04 5.0827650906e+04 2.6100000000e+02 8.0000000000e+00
2.8000000000e+01 7.0000000000e+00 4.5920000000e+04 4.4264759049e+04 2.2100000000e+02 7.0000000000e+00
2.8000000000e+01 8.0000000000e+00 7.8952000000e+04 7.6061243554e+04 3.9000000000e+02 1.2000000000e+01
2.8000000000e+01 9.0000000000e+00 3.9489000000e+04 3.8020092424e+04 2.0600000000e+02 6.0000000000e+00
2.9000000000e+01 0.0000000000e+00 8.5195000000e+04 8.2498552947e+04 4.0700000000e+02 1.3000000000e+01
2.9000000000e+01 1.0000000000e+00 2.1124100000e+05 2.0286557871e+05 1.1640000000e+03 3.2000000000e+01
2.9000000000e+01 2.0000000000e+00 3.2408000000e+04 3.1659108472e+04 1.2300000000e+02 5.0000000000e+00
2.9000000000e+01 3.0000000000e+00 4.5811000000e+04 4.4350750930e+04 2.0900000000e+02 7.0000000000e+00
2.9000000000e+01 4.0000000000e+00 1.8509300000e+05 1.7748232799e+05 1.0280000000e+03 2.8000000000e+01
2.9000000000e+01 5.0000000000e+00 3.3019000000e+04 3.1666950045e+04 1.7300000000e+02 5.0000000000e+00
3.0000000000e+01 0.0000000000e+00 3.2535000000e+04 3.1684524458e+04 1.3500000000e+02 5.0000000000e+00
3.0000000000e+01 1.0000000000e+00 1.1860000000e+05 1.1393184786e+05 5.9000000000e+02 1.8000000000e+01
3.0000000000e+01 2.0000000000e+00 6.5671000000e+04 6.3306731296e+04 3.0600000000e+02 1.0000000000e+01
3.0000000000e+01 3.0000000000e+00 8.7569000000e+04 8.2363750344e+04 5.7100000000e+02 1.3000000000e+01
3.1000000000e+01 0.0000000000e+00 9.8380000000e+04 9.4997921888e+04 4.5500000000e+02 1.5000000000e+01
3.1000000000e+01 1.0000000000e+00 3.2686000000e+04 3.1661586302e+04 1.5000000000e+02 5.0000000000e+00
3.2000000000e+01 0.0000000000e+00 3.9079000000e+04 3.7974058733e+04 1.7500000000e+02 6.0000000000e+00
3.2000000000e+01 1.0000000000e+00 7.2775000000e+04 6.9646821521e+04 3.8700000000e+02 1.1000000000e+01
3.2000000000e+01 2.0000000000e+00 5.8714000000e+04 5.7017705249e+04 2.4700000000e+02 9.0000000000e+00
3.2000000000e+01 3.0000000000e+00 3.9746000000e+04 3.7962175176e+04 2.1100000000e+02 6.0000000000e+00
3.2000000000e+01 4.0000000000e+00 3.9373000000e+04 3.8084310866e+04 1.8800000000e+02 6.0000000000e+00
3.2000000000e+01 5.0000000000e+00 7.9864000000e+04 7.5985894899e+04 4.4600000000e+02 1.2000000000e+01
3.2000000000e+01 6.0000000000e+00 9.1853000000e+04 8.8676121634e+04 4.5700000000e+02 1.4000000000e+01
3.2000000000e+01 7.0000000000e+00 6.6059000000e+04 6.3381934883e+04 3.4500000000e+02 1.0000000000e+01
3.3000000000e+01 0.0000000000e+00 4.5672000000e+04 4.4323567137e+04 1.8400000000e+02 7.0000000000e+00
3.3000000000e+01 1.0000000000e+00 3.3014000000e+04 3.1663664231e+04 1.8200000000e+02 5.0000000000e+00
3.3000000000e+01 2.0000000000e+00 3.2836000000e+04 3.1671597155e+04 1.5500000000e+02 5.0000000000e+00
3.4000000000e+01 0.0000000000e+00 1.5178800000e+05 1.4597708018e+05 7.8700000000e+02 2.3000000000e+01
3.5000000000e+01 0.0000000000e+00 3.2851000000e+04 3.1722328993e+04 1.6600000000e+02 5.0000000000e+00
3.5000000000e+01 1.0000000000e+00 3.2733000000e+04 3.1691623557e+04 1.5900000000e+02 5.0000000000e+00
3.6000000000e+01 0.0000000000e+00 9.8954000000e+04 9.4980354360e+04 4.7900000000e+02 1.5000000000e+01
3.6000000000e+01 1.0000000000e+00 4.6423000000e+04 4.4341050552e+04 2.4800000000e+02 7.0000000000e+00
3.6000000000e+01 2.0000000000e+00 3.2520000000e+04 3.1701335456e+04 1.3600000000e+02 5.0000000000e+00
3.6000000000e+01 3.0000000000e+00 5.3689000000e+04 5.0717017327e+04 3.2300000000e+02 8.0000000000e+00
3.6000000000e+01 4.0000000000e+00 5.2909000000e+04 5.0683942432e+04 2.8200000000e+02 8.0000000000e+00
3.7000000000e+01 0.0000000000e+00 4.5957000000e+04 4.4400288655e+04 2.3100000000e+02 7.0000000000e+00
3.8000000000e+01 0.0000000000e+00 3.8884000000e+04 3.8030918367e+04 1.4900000000e+02 6.0000000000e+00
3.8000000000e+01 1.0000000000e+00 1.1163100000e+05 1.0779135435e+05 5.6500000000e+02 1.7000000000e+01
3.8000000000e+01 2.0000000000e+00 3.2763000000e+04 3.1643426663e+04 1.4400000000e+02 5.0000000000e+00
3.9000000000e+01 0.0000000000e+00 3.3016000000e+04 3.1678434169e+04 1.8600000000e+02 5.0000000000e+00
4.1000000000e+01 0.0000000000e+00 5.8935000000e+04 5.7080588715e+04 2.7600000000e+02 9.0000000000e+00
4.1000000000e+01 1.0000000000e+00 3.2879000000e+04 3.1657229485e+04 1.6800000000e+02 5.0000000000e+00
4.1000000000e+01 2.0000000000e+00 1.3191000000e+05 1.2662898351e+05 6.9000000000e+02 2.0000000000e+01
4.2000000000e+01 0.0000000000e+00 3.2774000000e+04 3.1684709233e+04 1.5500000000e+02 5.0000000000e+00
4.2000000000e+01 1.0000000000e+00 9.2801000000e+04 8.8747174760e+04 5.0300000000e+02 1.4000000000e+01
4.2000000000e+01 2.0000000000e+00 5.2237000000e+04 5.0783447364e+04 2.5500000000e+02 8.0000000000e+00
4.3000000000e+01 0.0000000000e+00 3.2505000000e+04 3.1702245041e+04 1.2100000000e+02 5.0000000000e+00
4.3000000000e+01 1.0000000000e+00 3.9717000000e+04 3.8038302759e+04 2.1600000000e+02 6.0000000000e+00
4.3000000000e+01 2.0000000000e+00 3.3851000000e+04 3.3006752399e+04 1.2600000000e+02 5.0000000000e+00
4.3000000000e+01 3.0000000000e+00 5.2876000000e+04 5.0629742905e+04 2.9200000000e+02 8.0000000000e+00
4.3000000000e+01 4.0000000000e+00 3.2661000000e+04 3.1667670259e+04 1.4600000000e+02 5.0000000000e+00
4.3000000000e+01 5.0000000000e+00 3.9443000000e+04 3.8038477011e+04 1.9500000000e+02 6.0000000000e+00
4.3000000000e+01 6.0000000000e+00 8.5732000000e+04 8.2243022302e+04 4.6200000000e+02 1.3000000000e+01
4.3000000000e+01 7.0000000000e+00 5.2839000000e+04 5.0640922259e+04 2.7800000000e+02 8.0000000000e+00
4.4000000000e+01 0.0000000000e+00 3.9241000000e+04 3.7965928587e+04 1.7400000000e+02 6.0000000000e+00
4.4000000000e+01 1.0000000000e+00 3.9498000000e+04 3.7954008564e+04 1.9800000000e+02 6.0000000000e+00
4.4000000000e+01 2.0000000000e+00 5.8851000000e+04 5.7000997855e+04 2.8300000000e+02 9.0000000000e+00
4.4000000000e+01 3.0000000000e+00 4.5549000000e+04 4.4410163455e+04 1.8600000000e+02 7.0000000000e+00
4.4000000000e+01 4.0000000000e+00 1.6390000000e+05 1.5839124338e+05 8.1600000000e+02 2.5000000000e+01
4.4000000000e+01 5.0000000000e+00 4.6099000000e+04 4.4392083452e+04 2.4600000000e+02 7.0000000000e+00
4.4000000000e+01 6.0000000000e+00 3.9381000000e+04 3.7977792998e+04 1.8900000000e+02 6.0000000000e+00
4.5000000000e+01 0.0000000000e+00 9.2054000000e+04 8.8698889231e+04 4.4400000000e+02 1.4000000000e+01
4.5000000000e+01 1.0000000000e+00 5.8870000000e+04 5.6946043977e+04 2.7300000000e+02 9.0000000000e+00
4.5000000000e+01 2.0000000000e+00 9.9012000000e+04 9.5072942554e+04 5.0200000000e+02 1.5000000000e+01
4.5000000000e+01 3.0000000000e+00 3.2625000000e+04 3.1676298153e+04 1.4900000000e+02 5.0000000000e+00
4.5000000000e+01 4.0000000000e+00 1.1376800000e+05 1.0768458403e+05 6.3900000000e+02 1.7000000000e+01
4.5000000000e+01 5.0000000000e+00 1.1360900000e+05 1.0778107181e+05 6.0300000000e+02 1.7000000000e+01
4.5000000000e+01 6.0000000000e+00 3.9378000000e+04 3.8099654514e+04 2.0200000000e+02 6.0000000000e+00
4.5000000000e+01 7.0000000000e+00 3.2725000000e+04 3.1658335243e+04 1.5000000000e+02 5.0000000000e+00
4.5000000000e+01 8.0000000000e+00 3.2568000000e+04 3.1653641235e+04 1.3600000000e+02 5.0000000000e+00
4.5000000000e+01 9.0000000000e+00 4.5918000000e+04 4.4376889667e+04 2.2800000000e+02 7.0000000000e+00
4.5000000000e+01 1.0000000000e+01 3.3089000000e+04 3.1642899794e+04 1.7300000000e+02 5.0000000000e+00
4.5000000000e+01 1.1000000000e+01 3.8899000000e+04 3.8014583058e+04 1.5200000000e+02 6.0000000000e+00
4.6000000000e+01 0.0000000000e+00 4.5861000000e+04 4.4328842354e+04 1.8300000000e+02 7.0000000000e+00
4.6000000000e+01 1.0000000000e+00 3.9475000000e+04 3.8037452039e+04 2.0200000000e+02 6.0000000000e+00
4.6000000000e+01 2.0000000000e+00 3.9176000000e+04 3.8065635127e+04 1.7200000000e+02 6.0000000000e+00
4.7000000000e+01 0.0000000000e+00 3.3118000000e+04 3.1730906096e+04 1.9200000000e+02 5.0000000000e+00
4.8000000000e+01 0.0000000000e+00 1.1892100000e+05 1.1435124286e+05 5.7900000000e+02 1.8000000000e+01
4.8000000000e+01 1.0000000000e+00 3.3107000000e+04 3.1697933238e+04 1.7700000000e+02 5.0000000000e+00
4.8000000000e+01 2.0000000000e+00 3.9787000000e+04 3.8012027072e+04 2.0800000000e+02 6.0000000000e+00
4.8000000000e+01 3.0000000000e+00 6.5559000000e+04 6.3329217028e+04 3.1500000000e+02 1.0000000000e+01
4.8000000000e+01 4.0000000000e+00 6.5397000000e+04 6.3287345843e+04 3.1100000000e+02 1.0000000000e+01
4.8000000000e+01 5.0000000000e+00 8.0561000000e+04 7.6072441687e+04 4.8600000000e+02 1.2000000000e+01
4.9000000000e+01 0.0000000000e+00 4.5843000000e+04 4.4404139333e+04 2.0600000000e+02 7.0000000000e+00
4.9000000000e+01 1.0000000000e+00 3.9441000000e+04 3.7994782497e+04 1.8600000000e+02 6.0000000000e+00
4.9000000000e+01 2.0000000000e+00 3.9940000000e+04 3.8015124830e+04 2.3200000000e+02 6.0000000000e+00
4.9000000000e+01 3.0000000000e+00 3.3257000000e+04 3.1601672494e+04 1.9300000000e+02 5.0000000000e+00
5.0000000000e+01 0.0000000000e+00 6.5591000000e+04 6.3305125156e+04 3.1500000000e+02 1.0000000000e+01
5.0000000000e+01 1.0000000000e+00 1.8391400000e+05 1.7743248531e+05 9.0600000000e+02 2.8000000000e+01
5.0000000000e+01 2.0000000000e+00 3.2565000000e+04 3.1625393143e+04 1.4200000000e+02 5.0000000000e+00
5.0000000000e+01 3.0000000000e+00 3.3152000000e+04 3.1700114225e+04 1.8400000000e+02 5.0000000000e+00
5.0000000000e+01 4.0000000000e+00 5.8786000000e+04 5.6942848840e+04 2.6200000000e+02 9.0000000000e+00
5.1000000000e+01 0.0000000000e+00 3.2700000000e+04 3.1650318570e+04 1.5200000000e+02 5.0000000000e+00
5.1000000000e+01 1.0000000000e+00 3.2637000000e+04 3.1652129651e+04 1.4000000000e+02 5.0000000000e+00
5.1000000000e+01 2.0000000000e+00 7.9070000000e+04 7.6011978932e+04 3.9500000000e+02 1.2000000000e+01
5.1000000000e+01 3.0000000000e+00 2.0485000000e+05 1.9636330562e+05 1.1170000000e+03 3.1000000000e+01
5.1000000000e+01 4.0000000000e+00 4.5587000000e+04 4.4368605188e+04 1.9700000000e+02 7.0000000000e+00
5.1000000000e+01 5.0000000000e+00 3.9229000000e+04 3.8008915183e+04 1.7900000000e+02 6.0000000000e+00
5.2000000000e+01 0.0000000000e+00 4.6057000000e+04 4.4379666732e+04 2.2700000000e+02 7.0000000000e+00
5.2000000000e+01 1.0000000000e+00 4.5850000000e+04 4.4307212977e+04 2.1700000000e+02 7.0000000000e+00
5.2000000000e+01 2.0000000000e+00 3.9705000000e+04 3.8032639578e+04 2.1100000000e+02 6.0000000000e+00
5.2000000000e+01 3.0000000000e+00 3.9306000000e+04 3.8022720328e+04 1.7700000000e+02 6.0000000000e+00
5.4000000000e+01 0.0000000000e+00 3.2853000000e+04 3.1673535561e+04 1.5500000000e+02 5.0000000000e+00
5.5000000000e+01 0.0000000000e+00 4.6468000000e+04 4.4375711591e+04 2.5700000000e+02 7.0000000000e+00
5.5000000000e+01 1.0000000000e+00 5.8832000000e+04 5.6978631504e+04 2.6000000000e+02 9.0000000000e+00
5.6000000000e+01 0.0000000000e+00 1.9716400000e+05 1.9009553047e+05 9.6700000000e+02 3.0000000000e+01
5.6000000000e+01 1.0000000000e+00 3.0459500000e+05 2.9128732173e+05 1.6610000000e+03 4.6000000000e+01
5.7000000000e+01 0.0000000000e+00 4.6243000000e+04 4.4325080635e+04 2.2600000000e+02 7.0000000000e+00
5.7000000000e+01 1.0000000000e+00 3.2817000000e+04 3.1693369126e+04 1.6200000000e+02 5.0000000000e+00
5.7000000000e+01 2.0000000000e+00 3.2619000000e+04 3.1674210393e+04 1.4200000000e+02 5.0000000000e+00
5.8000000000e+01 0.0000000000e+00 3.9552000000e+04 3.8026072253e+04 2.1500000000e+02 6.0000000000e+00
5.8000000000e+01 1.0000000000e+00 5.3173000000e+04 5.0638001681e+04 3.1600000000e+02 8.0000000000e+00
5.8000000000e+01 2.0000000000e+00 3.2671000000e+04 3.1611023034e+04 1.4700000000e+02 5.0000000000e+00
5.8000000000e+01 3.0000000000e+00 4.0485000000e+04 3.8020507963e+04 2.4600000000e+02 6.0000000000e+00
5.8000000000e+01 4.0000000000e+00 4.6691000000e+04 4.4321739189e+04 2.7000000000e+02 7.0000000000e+00
5.8000000000e+01 5.0000000000e+00 5.2478000000e+04 5.0695974475e+04 2.5400000000e+02 8.0000000000e+00
5.9000000000e+01 0.0000000000e+00 3.3058000000e+04 3.1666382651e+04 1.7500000000e+02 5.0000000000e+00
5.9000000000e+01 1.0000000000e+00 7.9843000000e+04 7.6024415923e+04 4.2900000000e+02 1.2000000000e+01
5.9000000000e+01 2.0000000000e+00 3.2904000000e+04 3.1986594831e+04 1.4800000000e+02 5.0000000000e+00
5.9000000000e+01 3.0000000000e+00 3.9223000000e+04 3.7995266815e+04 1.8700000000e+02 6.0000000000e+00
5.9000000000e+01 4.0000000000e+00 9.1885000000e+04 8.8616266665e+04 4.7200000000e+02 1.4000000000e+01
6.0000000000e+01 0.0000000000e+00 3.2573000000e+04 3.1704319905e+04 1.5000000000e+02 5.0000000000e+00
6.0000000000e+01 1.0000000000e+00 1.5756900000e+05 1.5210164011e+05 7.6100000000e+02 2.4000000000e+01
6.0000000000e+01 2.0000000000e+00 3.3022000000e+04 3.2078335348e+04 1.5400000000e+02 5.0000000000e+00
6.0000000000e+01 3.0000000000e+00 3.2499000000e+04 3.1721789147e+04 1.3100000000e+02 5.0000000000e+00
6.1000000000e+01 0.0000000000e+00 1.6553700000e+05 1.5820473101e+05 8.6800000000e+02 2.5000000000e+01
6.1000000000e+01 1.0000000000e+00 3.9336000000e+04 3.7989779973e+04 1.7600000000e+02 6.0000000000e+00
6.1000000000e+01 2.0000000000e+00 3.2751000000e+04 3.1695106204e+04 1.5400000000e+02 5.0000000000e+00
6.1000000000e+01 3.0000000000e+00 1.0549000000e+05 1.0134360666e+05 5.4100000000e+02 1.6000000000e+01
6.2000000000e+01 0.0000000000e+00 1.4482100000e+05 1.3925069076e+05 7.1400000000e+02 2.2000000000e+01
6.2000000000e+01 1.0000000000e+00 9.1259000000e+04 8.8595462188e+04 3.8900000000e+02 1.4000000000e+01
6.2000000000e+01 2.0000000000e+00 9.8970000000e+04 9.5041781128e+04 5.2400000000e+02 1.5000000000e+01
6.2000000000e+01 3.0000000000e+00 3.2665000000e+04 3.1720793032e+04 1.5300000000e+02 5.0000000000e+00
6.2000000000e+01 4.0000000000e+00 8.5288000000e+04 8.2358069297e+04 3.7500000000e+02 1.3000000000e+01
6.2000000000e+01 5.0000000000e+00 3.2654000000e+04 3.1679108490e+04 1.4300000000e+02 5.0000000000e+00
6.2000000000e+01 6.0000000000e+00 6.5114000000e+04 6.3404159656e+04 2.7900000000e+02 1.0000000000e+01
6.2000000000e+01 7.0000000000e+00 3.2820000000e+04 3.1674771119e+04 1.5800000000e+02 5.0000000000e+00
6.3000000000e+01 0.0000000000e+00 1.1225900000e+05 1.0765227659e+05 5.8500000000e+02 1.7000000000e+01
6.3000000000e+01 1.0000000000e+00 3.2495000000e+04 3.1660196979e+04 1.4300000000e+02 5.0000000000e+00
6.3000000000e+01 2.0000000000e+00 3.2896000000e+04 3.1700540019e+04 1.7100000000e+02 5.0000000000e+00
6.3000000000e+01 3.0000000000e+00 3.2833000000e+04 3.1771061494e+04 1.6400000000e+02 5.0000000000e+00
6.3000000000e+01 4.0000000000e+00 8.5592000000e+04 8.2354914427e+04 4.0600000000e+02 1.3000000000e+01
6.5000000000e+01 0.0000000000e+00 6.5374000000e+04 6.3388145751e+04 3.0900000000e+02 1.0000000000e+01
6.5000000000e+01 1.0000000000e+00 4.5647000000e+04 4.4404590906e+04 1.9900000000e+02 7.0000000000e+00
6.6000000000e+01 0.0000000000e+00 3.3011000000e+04 3.1661069735e+04 1.6700000000e+02 5.0000000000e+00
6.6000000000e+01 1.0000000000e+00 4.0258000000e+04 3.7993628584e+04 2.4800000000e+02 6.0000000000e+00
6.6000000000e+01 2.0000000000e+00 3.2923000000e+04 3.2053705433e+04 1.4300000000e+02 5.0000000000e+00
6.6000000000e+01 3.0000000000e+00 4.6504000000e+04 4.4398620110e+04 2.4900000000e+02 7.0000000000e+00
6.7000000000e+01 0.0000000000e+00 8.5801000000e+04 8.2311715453e+04 4.5300000000e+02 1.3000000000e+01
6.8000000000e+01 0.0000000000e+00 5.1935000000e+04 5.0655530601e+04 1.9700000000e+02 8.0000000000e+00
6.8000000000e+01 1.0000000000e+00 3.9825000000e+04 3.7907993029e+04 2.2100000000e+02 6.0000000000e+00
6.8000000000e+01 2.0000000000e+00 3.9343000000e+04 3.8057804217e+04 1.7600000000e+02 6.0000000000e+00
6.9000000000e+01 0.0000000000e+00 3.2659000000e+04 3.1784482604e+04 1.4700000000e+02 5.0000000000e+00
6.9000000000e+01 1.0000000000e+00 3.2782000000e+04 3.1719421515e+04 1.5600000000e+02 5.0000000000e+00
7.0000000000e+01 0.0000000000e+00 3.2892000000e+04 3.1860256109e+04 1.7000000000e+02 5.0000000000e+00
7.0000000000e+01 1.0000000000e+00 6.7065000000e+04 6.3316780055e+04 3.7200000000e+02 1.0000000000e+01
7.0000000000e+01 2.0000000000e+00 3.9009000000e+04 3.7934095646e+04 1.5500000000e+02 6.0000000000e+00
7.0000000000e+01 3.0000000000e+00 3.2670000000e+04 3.1751767288e+04 1.4500000000e+02 5.0000000000e+00
7.0000000000e+01 4.0000000000e+00 5.2581000000e+04 5.0746340559e+04 2.6300000000e+02 8.0000000000e+00
7.1000000000e+01 0.0000000000e+00 7.2421000000e+04 6.9570042158e+04 3.5600000000e+02 1.1000000000e+01
7.2000000000e+01 0.0000000000e+00 3.9938000000e+04 3.7993687357e+04 2.2200000000e+02 6.0000000000e+00
7.2000000000e+01 1.0000000000e+00 1.3884600000e+05 1.3311981766e+05 7.4500000000e+02 2.1000000000e+01
7.2000000000e+01 2.0000000000e+00 4.5949000000e+04 4.4345690792e+04 2.2600000000e+02 7.0000000000e+00
7.3000000000e+01 0.0000000000e+00 3.2708000000e+04 3.1723900262e+04 1.4000000000e+02 5.0000000000e+00
7.3000000000e+01 1.0000000000e+00 3.2561000000e+04 3.1674282123e+04 1.4700000000e+02 5.0000000000e+00
7.4000000000e+01 0.0000000000e+00 3.2673000000e+04 3.1648119393e+04 1.4600000000e+02 5.0000000000e+00
7.4000000000e+01 1.0000000000e+00 2.2054700000e+05 2.0900615847e+05 1.3020000000e+03 3.3000000000e+01
7.4000000000e+01 2.0000000000e+00 4.5731000000e+04 4.4372042097e+04 1.9600000000e+02 7.0000000000e+00
7.4000000000e+01 3.0000000000e+00 3.2856000000e+04 3.1894321416e+04 1.4800000000e+02 5.0000000000e+00
7.4000000000e+01 4.0000000000e+00 3.2674000000e+04 3.1705439658e+04 1.4900000000e+02 5.0000000000e+00
7.4000000000e+01 5.0000000000e+00 4.5683000000e+04 4.4256109898e+04 2.0900000000e+02 7.0000000000e+00
7.5000000000e+01 0.0000000000e+00 3.9294000000e+04 3.8053608491e+04 1.8700000000e+02 6.0000000000e+00
7.5000000000e+01 1.0000000000e+00 3.9269000000e+04 3.7998955856e+04 1.8400000000e+02 6.0000000000e+00
7.5000000000e+01 2.0000000000e+00 8.6396000000e+04 8.2415663681e+04 4.8600000000e+02 1.3000000000e+01
7.5000000000e+01 3.0000000000e+00 4.6605000000e+04 4.4338258848e+04 2.7500000000e+02 7.0000000000e+00
7.5000000000e+01 4.0000000000e+00 5.9600000000e+04 5.7024864156e+04 3.3100000000e+02 9.0000000000e+00
7.5000000000e+01 5.0000000000e+00 4.6335000000e+04 4.4321381379e+04 2.5400000000e+02 7.0000000000e+00
7.6000000000e+01 0.0000000000e+00 3.2663000000e+04 3.1667417828e+04 1.3600000000e+02 5.0000000000e+00
7.6000000000e+01 1.0000000000e+00 7.9806000000e+04 7.6030341898e+04 4.6500000000e+02 1.2000000000e+01
7.6000000000e+01 2.0000000000e+00 3.2833000000e+04 3.1699070993e+04 1.5300000000e+02 5.0000000000e+00
7.6000000000e+01 3.0000000000e+00 3.9844000000e+04 3.7960712383e+04 2.2700000000e+02 6.0000000000e+00
7.7000000000e+01 0.0000000000e+00 3.2853000000e+04 3.1965949476e+04 1.3400000000e+02 5.0000000000e+00
7.7000000000e+01 1.0000000000e+00 3.9414000000e+04 3.8023116969e+04 1.8400000000e+02 6.0000000000e+00
7.7000000000e+01 2.0000000000e+00 3.2780000000e+04 3.1692737572e+04 1.5500000000e+02 5.0000000000e+00
7.9000000000e+01 0.0000000000e+00 3.2895000000e+04 3.1656568865e+04 1.5100000000e+02 5.0000000000e+00
8.1000000000e+01 0.0000000000e+00 5.9664000000e+04 5.6987386951e+04 3.3700000000e+02 9.0000000000e+00
8.1000000000e+01 1.0000000000e+00 5.2966000000e+04 5.0669978347e+04 2.7800000000e+02 8.0000000000e+00
8.1000000000e+01 2.0000000000e+00 1.1796300000e+05 1.1408945140e+05 5.8600000000e+02 1.8000000000e+01
8.1000000000e+01 3.0000000000e+00 3.2906000000e+04 3.1639757121e+04 1.5400000000e+02 5.0000000000e+00
8.2000000000e+01 0.0000000000e+00 3.2639000000e+04 3.1749441846e+04 1.3700000000e+02 5.0000000000e+00
8.3000000000e+01 0.0000000000e+00 3.3127000000e+04 3.1621063762e+04 1.7900000000e+02 5.0000000000e+00
8.3000000000e+01 1.0000000000e+00 3.9527000000e+04 3.7952389722e+04 1.8300000000e+02 6.0000000000e+00
8.3000000000e+01 2.0000000000e+00 3.2564000000e+04 3.1653468803e+04 1.3900000000e+02 5.0000000000e+00
8.3000000000e+01 3.0000000000e+00 4.6428000000e+04 4.4354680443e+04 2.6300000000e+02 7.0000000000e+00
8.3000000000e+01 4.0000000000e+00 3.9110000000e+04 3.7984736686e+04 1.6500000000e+02 6.0000000000e+00
8.3000000000e+01 5.0000000000e+00 3.2416000000e+04 3.1634585273e+04 1.1400000000e+02 5.0000000000e+00
8.4000000000e+01 0.0000000000e+00 7.2562000000e+04 6.9642692177e+04 3.8900000000e+02 1.1000000000e+01
8.4000000000e+01 1.0000000000e+00 3.2652000000e+04 3.1682164727e+04 1.4500000000e+02 5.0000000000e+00
8.4000000000e+01 2.0000000000e+00 4.5450000000e+04 4.4408001339e+04 1.9100000000e+02 7.0000000000e+00
8.5000000000e+01 0.0000000000e+00 6.6752000000e+04 6.3268770764e+04 3.8500000000e+02 1.0000000000e+01
8.5000000000e+01 1.0000000000e+00 6.7852000000e+04 6.3306516767e+04 4.3400000000e+02 1.0000000000e+01
8.6000000000e+01 0.0000000000e+00 3.2824000000e+04 3.1718291862e+04 1.5300000000e+02 5.0000000000e+00
8.6000000000e+01 1.0000000000e+00 3.2939000000e+04 3.1667691731e+04 1.6600000000e+02 5.0000000000e+00
8.6000000000e+01 2.0000000000e+00 1.3786300000e+05 1.3303572210e+05 6.8000000000e+02 2.1000000000e+01
8.6000000000e+01 3.0000000000e+00 1.7681800000e+05 1.7099644961e+05 8.4800000000e+02 2.7000000000e+01
8.7000000000e+01 0.0000000000e+00 3.2423000000e+04 3.1641521118e+04 1.1600000000e+02 5.0000000000e+00
8.8000000000e+01 0.0000000000e+00 5.9432000000e+04 5.7022575905e+04 3.0400000000e+02 9.0000000000e+00
8.8000000000e+01 1.0000000000e+00 5.2195000000e+04 5.0664440747e+04 2.2500000000e+02 8.0000000000e+00
8.8000000000e+01 2.0000000000e+00 7.3223000000e+04 6.9539031501e+04 4.3400000000e+02 1.1000000000e+01
8.8000000000e+01 3.0000000000e+00 3.9173000000e+04 3.8009123822e+04 1.7200000000e+02 6.0000000000e+00
8.8000000000e+01 4.0000000000e+00 3.2804000000e+04 3.1780479933e+04 1.6400000000e+02 5.0000000000e+00
8.8000000000e+01 5.0000000000e+00 3.2898000000e+04 3.1740620741e+04 1.6900000000e+02 5.0000000000e+00
8.9000000000e+01 0.0000000000e+00 3.2736000000e+04 3.1665418835e+04 1.4400000000e+02 5.0000000000e+00
8.9000000000e+01 1.0000000000e+00 3.2739000000e+04 3.1693724554e+04 1.5500000000e+02 5.0000000000e+00
8.9000000000e+01 2.0000000000e+00 3.9137000000e+04 3.7986991642e+04 1.6700000000e+02 6.0000000000e+00
9.0000000000e+01 0.0000000000e+00 7.8500000000e+04 7.5907066922e+04 3.5400000000e+02 1.2000000000e+01
9.0000000000e+01 1.0000000000e+00 3.9296000000e+04 3.8055433705e+04 1.7000000000e+02 6.0000000000e+00
9.0000000000e+01 2.0000000000e+00 5.1958000000e+04 5.0643077942e+04 2.1800000000e+02 8.0000000000e+00
9.0000000000e+01 3.0000000000e+00 4.5832000000e+04 4.4395137527e+04 2.0900000000e+02 7.0000000000e+00
9.1000000000e+01 0.0000000000e+00 3.9433000000e+04 3.8071212235e+04 1.9600000000e+02 6.0000000000e+00
9.1000000000e+01 1.0000000000e+00 3.2657000000e+04 3.1725894411e+04 1.4200000000e+02 5.0000000000e+00
9.1000000000e+01 2.0000000000e+00 3.2656000000e+04 3.1656625719e+04 1.4200000000e+02 5.0000000000e+00
9.2000000000e+01 0.0000000000e+00 3.2780000000e+04 3.1650240081e+04 1.6500000000e+02 5.0000000000e+00
9.2000000000e+01 1.0000000000e+00 3.9229000000e+04 3.7959374028e+04 1.8400000000e+02 6.0000000000e+00
9.2000000000e+01 2.0000000000e+00 4.6303000000e+04 4.4275093513e+04 2.5500000000e+02 7.0000000000e+00
9.2000000000e+01 3.0000000000e+00 4.5747000000e+04 4.4298727716e+04 2.0500000000e+02 7.0000000000e+00
9.3000000000e+01 0.0000000000e+00 1.7263200000e+05 1.6464074574e+05 9.4400000000e+02 2.6000000000e+01
9.3000000000e+01 1.0000000000e+00 3.2823000000e+04 3.1855093688e+04 1.3400000000e+02 5.0000000000e+00
9.3000000000e+01 2.0000000000e+00 4.6256000000e+04 4.4440965836e+04 2.5500000000e+02 7.0000000000e+00
9.4000000000e+01 0.0000000000e+00 3.2791000000e+04 3.1719596571e+04 1.6700000000e+02 5.0000000000e+00
9.4000000000e+01 1.0000000000e+00 3.3097000000e+04 3.1837054965e+04 1.8000000000e+02 5.0000000000e+00
9.5000000000e+01 0.0000000000e+00 5.2886000000e+04 5.0632089639e+04 2.7500000000e+02 8.0000000000e+00
9.5000000000e+01 1.0000000000e+00 3.9263000000e+04 3.8017818329e+04 2.0300000000e+02 6.0000000000e+00
9.5000000000e+01 2.0000000000e+00 3.2952000000e+04 3.1701283138e+04 1.5900000000e+02 5.0000000000e+00
9.5000000000e+01 3.0000000000e+00 5.2693000000e+04 5.0779569665e+04 2.6200000000e+02 8.0000000000e+00
9.5000000000e+01 4.0000000000e+00 3.9203000000e+04 3.7942704207e+04 1.8000000000e+02 6.0000000000e+00
9.5000000000e+01 5.0000000000e+00 6.5323000000e+04 6.3316016466e+04 2.7500000000e+02 1.0000000000e+01
9.5000000000e+01 6.0000000000e+00 9.9766000000e+04 9.4844786054e+04 5.6100000000e+02 1.5000000000e+01
9.5000000000e+01 7.0000000000e+00 1.1336900000e+05 1.0768808548e+05 6.4200000000e+02 1.7000000000e+01
9.5000000000e+01 8.0000000000e+00 9.1861000000e+04 8.8667578128e+04 4.6400000000e+02 1.4000000000e+01
9.5000000000e+01 9.0000000000e+00 1.0180900000e+05 9.4997381165e+04 6.8300000000e+02 1.5000000000e+01
9.6000000000e+01 0.0000000000e+00 1.1288600000e+05 1.0772405824e+05 6.3400000000e+02 1.7000000000e+01
9.7000000000e+01 0.0000000000e+00 7.3128000000e+04 6.9591630453e+04 4.2500000000e+02 1.1000000000e+01
9.7000000000e+01 1.0000000000e+00 5.2484000000e+04 5.0606347461e+04 2.6600000000e+02 8.0000000000e+00
9.7000000000e+01 2.0000000000e+00 9.2050000000e+04 8.8600850561e+04 4.3900000000e+02 1.4000000000e+01
9.7000000000e+01 3.0000000000e+00 3.2640000000e+04 3.1651270269e+04 1.5200000000e+02 5.0000000000e+00
9.7000000000e+01 4.0000000000e+00 3.2679000000e+04 3.1694498568e+04 1.5200000000e+02 5.0000000000e+00
9.8000000000e+01 0.0000000000e+00 4.5704000000e+04 4.4320897994e+04 1.9000000000e+02 7.0000000000e+00
9.8000000000e+01 1.0000000000e+00 3.3200000000e+04 3.1682010794e+04 1.8500000000e+02 5.0000000000e+00
9.8000000000e+01 2.0000000000e+00 1.4407400000e+05 1.3303462690e+05 9.4100000000e+02 2.1000000000e+01
9.9000000000e+01 0.0000000000e+00 3.2729000000e+04 3.1676248730e+04 1.4500000000e+02 5.0000000000e+00
9.9000000000e+01 1.0000000000e+00 3.9058000000e+04 3.8002800822e+04 1.7300000000e+02 6.0000000000e+00
9.9000000000e+01 2.0000000000e+00 2.8505300000e+05 2.5959400847e+05 1.9130000000e+03 4.1000000000e+01
