0.0000000000e+00 0.0000000000e+00 8.2090000000e+03 8.1904200000e+03 4.1000000000e+01 5.0000000000e+00
0.0000000000e+00 1.0000000000e+00 1.8558000000e+04 1.8443690000e+04 1.0100000000e+02 1.1000000000e+01
0.0000000000e+00 2.0000000000e+00 1.4849000000e+04 1.4310160000e+04 7.9000000000e+01 9.0000000000e+00
0.0000000000e+00 3.0000000000e+00 8.2550000000e+03 8.2030000000e+03 3.8000000000e+01 5.0000000000e+00
0.0000000000e+00 4.0000000000e+00 1.4248000000e+04 1.4380170000e+04 7.5000000000e+01 8.0000000000e+00
0.0000000000e+00 5.0000000000e+00 1.2310000000e+04 1.2283410000e+04 5.8000000000e+01 7.0000000000e+00
0.0000000000e+00 6.0000000000e+00 1.1903000000e+04 1.1847100000e+04 7.0000000000e+01 7.0000000000e+00
0.0000000000e+00 7.0000000000e+00 1.3984000000e+04 1.4008470000e+04 6.7000000000e+01 8.0000000000e+00
0.0000000000e+00 8.0000000000e+00 1.4781000000e+04 1.4293330000e+04 7.0000000000e+01 9.0000000000e+00
0.0000000000e+00 9.0000000000e+00 1.4853000000e+04 1.4342350000e+04 7.5000000000e+01 9.0000000000e+00
0.0000000000e+00 1.0000000000e+01 8.3220000000e+03 8.3427800000e+03 3.8000000000e+01 5.0000000000e+00
0.0000000000e+00 1.1000000000e+01 1.6784000000e+04 1.6398330000e+04 9.4000000000e+01 1.0000000000e+01
0.0000000000e+00 1.2000000000e+01 9.8100000000e+03 9.7027000000e+03 3.5000000000e+01 6.0000000000e+00
0.0000000000e+00 1.3000000000e+01 2.3369000000e+04 2.2798010000e+04 1.2700000000e+02 1.4000000000e+01
0.0000000000e+00 1.4000000000e+01 1.8120000000e+04 1.7467120000e+04 8.4000000000e+01 1.1000000000e+01
0.0000000000e+00 1.5000000000e+01 1.3090000000e+04 1.2708840000e+04 6.2000000000e+01 8.0000000000e+00
0.0000000000e+00 1.6000000000e+01 8.4070000000e+03 8.4211400000e+03 4.0000000000e+01 5.0000000000e+00
0.0000000000e+00 1.7000000000e+01 1.6592000000e+04 1.5879430000e+04 9.7000000000e+01 1.0000000000e+01
0.0000000000e+00 1.8000000000e+01 1.2529000000e+04 1.2307820000e+04 6.0000000000e+01 7.0000000000e+00
0.0000000000e+00 1.9000000000e+01 1.8251000000e+04 1.7493560000e+04 1.1100000000e+02 1.1000000000e+01
0.0000000000e+00 2.0000000000e+01 1.4941000000e+04 1.4304390000e+04 8.4000000000e+01 9.0000000000e+00
0.0000000000e+00 2.1000000000e+01 8.1910000000e+03 8.1694400000e+03 3.3000000000e+01 5.0000000000e+00
0.0000000000e+00 2.2000000000e+01 1.4745000000e+04 1.4325060000e+04 7.2000000000e+01 9.0000000000e+00
0.0000000000e+00 2.3000000000e+01 1.6319000000e+04 1.5867040000e+04 6.9000000000e+01 1.0000000000e+01
0.0000000000e+00 2.4000000000e+01 1.6676000000e+04 1.5878210000e+04 9.7000000000e+01 1.0000000000e+01
0.0000000000e+00 2.5000000000e+01 1.3093000000e+04 1.2703520000e+04 6.1000000000e+01 8.0000000000e+00
0.0000000000e+00 2.6000000000e+01 1.3142000000e+04 1.2710020000e+04 7.0000000000e+01 8.0000000000e+00
0.0000000000e+00 2.7000000000e+01 1.6543000000e+04 1.5910900000e+04 9.2000000000e+01 1.0000000000e+01
0.0000000000e+00 2.8000000000e+01 1.3367000000e+04 1.2677360000e+04 7.8000000000e+01 8.0000000000e+00
0.0000000000e+00 2.9000000000e+01 1.0241000000e+04 1.0179040000e+04 5.0000000000e+01 6.0000000000e+00
0.0000000000e+00 3.0000000000e+01 1.1482000000e+04 1.1123190000e+04 5.2000000000e+01 7.0000000000e+00
0.0000000000e+00 3.1000000000e+01 1.1400000000e+04 1.1123490000e+04 4.3000000000e+01 7.0000000000e+00
0.0000000000e+00 3.2000000000e+01 1.1454000000e+04 1.1112120000e+04 4.3000000000e+01 7.0000000000e+00
0.0000000000e+00 3.3000000000e+01 2.1306000000e+04 2.0658520000e+04 9.7000000000e+01 1.3000000000e+01
0.0000000000e+00 3.4000000000e+01 1.6607000000e+04 1.5883290000e+04 9.2000000000e+01 1.0000000000e+01
0.0000000000e+00 3.5000000000e+01 1.4840000000e+04 1.4314180000e+04 7.6000000000e+01 9.0000000000e+00
0.0000000000e+00 3.6000000000e+01 1.8023000000e+04 1.7508490000e+04 7.9000000000e+01 1.1000000000e+01
0.0000000000e+00 3.7000000000e+01 2.7961000000e+04 2.6985350000e+04 1.4700000000e+02 1.7000000000e+01
0.0000000000e+00 3.8000000000e+01 2.2874000000e+04 2.2238160000e+04 9.8000000000e+01 1.4000000000e+01
0.0000000000e+00 3.9000000000e+01 2.4547000000e+04 2.3836950000e+04 1.2300000000e+02 1.5000000000e+01
0.0000000000e+00 4.0000000000e+01 8.1600000000e+03 7.9411300000e+03 3.0000000000e+01 5.0000000000e+00
0.0000000000e+00 4.1000000000e+01 1.3269000000e+04 1.2699760000e+04 7.6000000000e+01 8.0000000000e+00
0.0000000000e+00 4.2000000000e+01 1.1915000000e+04 1.1879140000e+04 5.9000000000e+01 7.0000000000e+00
0.0000000000e+00 4.3000000000e+01 1.0325000000e+04 1.0302130000e+04 5.1000000000e+01 6.0000000000e+00
0.0000000000e+00 4.4000000000e+01 1.1548000000e+04 1.1123360000e+04 6.3000000000e+01 7.0000000000e+00
0.0000000000e+00 4.5000000000e+01 9.9820000000e+03 9.8567300000e+03 4.3000000000e+01 6.0000000000e+00
0.0000000000e+00 4.6000000000e+01 1.8289000000e+04 1.7473420000e+04 1.0500000000e+02 1.1000000000e+01
0.0000000000e+00 4.7000000000e+01 1.5022000000e+04 1.4323900000e+04 8.7000000000e+01 9.0000000000e+00
0.0000000000e+00 4.8000000000e+01 8.3540000000e+03 8.3535200000e+03 4.1000000000e+01 5.0000000000e+00
0.0000000000e+00 4.9000000000e+01 1.4261000000e+04 1.4304930000e+04 7.4000000000e+01 8.0000000000e+00
0.0000000000e+00 5.0000000000e+01 1.3561000000e+04 1.3459100000e+04 7.3000000000e+01 8.0000000000e+00
0.0000000000e+00 5.1000000000e+01 1.8274000000e+04 1.7466880000e+04 1.0400000000e+02 1.1000000000e+01
0.0000000000e+00 5.2000000000e+01 1.3179000000e+04 1.2696610000e+04 7.4000000000e+01 8.0000000000e+00
0.0000000000e+00 5.3000000000e+01 9.7700000000e+03 9.5230300000e+03 4.0000000000e+01 6.0000000000e+00
0.0000000000e+00 5.4000000000e+01 1.0455000000e+04 1.0538490000e+04 5.5000000000e+01 6.0000000000e+00
0.0000000000e+00 5.5000000000e+01 1.9684000000e+04 1.9029500000e+04 9.6000000000e+01 1.2000000000e+01
0.0000000000e+00 5.6000000000e+01 1.1381000000e+04 1.1123680000e+04 3.5000000000e+01 7.0000000000e+00
0.0000000000e+00 5.7000000000e+01 1.0453000000e+04 1.0423320000e+04 4.5000000000e+01 6.0000000000e+00
0.0000000000e+00 5.8000000000e+01 1.4961000000e+04 1.4277320000e+04 8.8000000000e+01 9.0000000000e+00
0.0000000000e+00 5.9000000000e+01 9.7480000000e+03 9.5740000000e+03 3.1000000000e+01 6.0000000000e+00
0.0000000000e+00 6.0000000000e+01 9.1250000000e+03 9.1677200000e+03 5.0000000000e+01 5.0000000000e+00
0.0000000000e+00 6.1000000000e+01 1.4852000000e+04 1.4289430000e+04 7.9000000000e+01 9.0000000000e+00
0.0000000000e+00 6.2000000000e+01 1.1351000000e+04 1.1507220000e+04 6.1000000000e+01 6.0000000000e+00
0.0000000000e+00 6.3000000000e+01 8.2630000000e+03 7.9440800000e+03 4.6000000000e+01 5.0000000000e+00
0.0000000000e+00 6.4000000000e+01 9.8010000000e+03 9.5253100000e+03 4.6000000000e+01 6.0000000000e+00
0.0000000000e+00 6.5000000000e+01 8.1260000000e+03 8.0625100000e+03 2.6000000000e+01 5.0000000000e+00
0.0000000000e+00 6.6000000000e+01 1.4805000000e+04 1.4291660000e+04 6.7000000000e+01 9.0000000000e+00
0.0000000000e+00 6.7000000000e+01 1.4824000000e+04 1.4275200000e+04 7.5000000000e+01 9.0000000000e+00
0.0000000000e+00 6.8000000000e+01 9.8820000000e+03 9.5245700000e+03 5.2000000000e+01 6.0000000000e+00
0.0000000000e+00 6.9000000000e+01 2.1049000000e+04 2.1285230000e+04 1.1700000000e+02 1.2000000000e+01
0.0000000000e+00 7.0000000000e+01 8.1780000000e+03 7.9348600000e+03 3.9000000000e+01 5.0000000000e+00
0.0000000000e+00 7.1000000000e+01 8.2520000000e+03 8.1800700000e+03 3.8000000000e+01 5.0000000000e+00
0.0000000000e+00 7.2000000000e+01 8.1440000000e+03 7.9440900000e+03 3.9000000000e+01 5.0000000000e+00
0.0000000000e+00 7.3000000000e+01 8.6720000000e+03 8.5715000000e+03 5.1000000000e+01 5.0000000000e+00
0.0000000000e+00 7.4000000000e+01 1.4174000000e+04 1.4149890000e+04 6.8000000000e+01 8.0000000000e+00
0.0000000000e+00 7.5000000000e+01 2.6350000000e+04 2.5414920000e+04 1.4300000000e+02 1.6000000000e+01
0.0000000000e+00 7.6000000000e+01 8.2230000000e+03 7.9426600000e+03 3.8000000000e+01 5.0000000000e+00
0.0000000000e+00 7.7000000000e+01 8.3500000000e+03 8.3553400000e+03 3.9000000000e+01 5.0000000000e+00
0.0000000000e+00 7.8000000000e+01 1.1754000000e+04 1.1706160000e+04 5.4000000000e+01 7.0000000000e+00
0.0000000000e+00 7.9000000000e+01 9.8220000000e+03 9.5344400000e+03 4.6000000000e+01 6.0000000000e+00
0.0000000000e+00 8.0000000000e+01 1.6340000000e+04 1.5858200000e+04 7.5000000000e+01 1.0000000000e+01
0.0000000000e+00 8.1000000000e+01 1.1484000000e+04 1.1203700000e+04 5.3000000000e+01 7.0000000000e+00
