0.0000000000e+00 0.0000000000e+00 4.8120000000e+04 4.5993550000e+04 1.2200000000e+02 2.9000000000e+01
0.0000000000e+00 1.0000000000e+00 1.0120000000e+04 9.5314500000e+03 6.2000000000e+01 6.0000000000e+00
0.0000000000e+00 2.0000000000e+00 6.6850000000e+03 6.3420700000e+03 3.7000000000e+01 4.0000000000e+00
0.0000000000e+00 3.0000000000e+00 8.2810000000e+03 7.9241800000e+03 2.0000000000e+01 5.0000000000e+00
0.0000000000e+00 4.0000000000e+00 8.2830000000e+03 7.9400600000e+03 1.5000000000e+01 5.0000000000e+00
0.0000000000e+00 5.0000000000e+00 6.5910000000e+03 6.3411400000e+03 2.3000000000e+01 4.0000000000e+00
0.0000000000e+00 6.0000000000e+00 6.7220000000e+03 6.3605700000e+03 3.8000000000e+01 4.0000000000e+00
0.0000000000e+00 7.0000000000e+00 8.3150000000e+03 7.9353600000e+03 4.2000000000e+01 5.0000000000e+00
0.0000000000e+00 8.0000000000e+00 1.9814000000e+04 1.9033700000e+04 8.5000000000e+01 1.2000000000e+01
0.0000000000e+00 9.0000000000e+00 6.7770000000e+03 6.3531400000e+03 4.3000000000e+01 4.0000000000e+00
0.0000000000e+00 1.0000000000e+01 6.6570000000e+03 6.3437900000e+03 2.9000000000e+01 4.0000000000e+00
0.0000000000e+00 1.1000000000e+01 8.4650000000e+03 7.9355000000e+03 5.1000000000e+01 5.0000000000e+00
0.0000000000e+00 1.2000000000e+01 6.6300000000e+03 6.3531400000e+03 2.9000000000e+01 4.0000000000e+00
0.0000000000e+00 1.3000000000e+01 8.3210000000e+03 7.9490000000e+03 3.0000000000e+01 5.0000000000e+00
0.0000000000e+00 1.4000000000e+01 4.9400000000e+03 4.7576300000e+03 2.5000000000e+01 3.0000000000e+00
0.0000000000e+00 1.5000000000e+01 1.1743000000e+04 1.1095480000e+04 6.9000000000e+01 7.0000000000e+00
0.0000000000e+00 1.6000000000e+01 1.5023000000e+04 1.4289670000e+04 7.3000000000e+01 9.0000000000e+00
0.0000000000e+00 1.7000000000e+01 9.9280000000e+03 9.4958200000e+03 5.6000000000e+01 6.0000000000e+00
0.0000000000e+00 1.8000000000e+01 6.7800000000e+03 6.3613300000e+03 4.4000000000e+01 4.0000000000e+00
0.0000000000e+00 1.9000000000e+01 6.7540000000e+03 6.3673900000e+03 3.8000000000e+01 4.0000000000e+00
0.0000000000e+00 2.0000000000e+01 8.2970000000e+03 7.9310800000e+03 4.2000000000e+01 5.0000000000e+00
0.0000000000e+00 2.1000000000e+01 4.9840000000e+03 4.7599900000e+03 2.5000000000e+01 3.0000000000e+00
0.0000000000e+00 2.2000000000e+01 8.3590000000e+03 7.9420800000e+03 4.5000000000e+01 5.0000000000e+00
0.0000000000e+00 2.3000000000e+01 9.9650000000e+03 9.5235200000e+03 5.2000000000e+01 6.0000000000e+00
0.0000000000e+00 2.4000000000e+01 3.3350000000e+03 3.1751800000e+03 1.8000000000e+01 2.0000000000e+00
0.0000000000e+00 2.5000000000e+01 1.0025000000e+04 9.5251600000e+03 5.4000000000e+01 6.0000000000e+00
0.0000000000e+00 2.6000000000e+01 8.4490000000e+03 7.9618300000e+03 4.9000000000e+01 5.0000000000e+00
0.0000000000e+00 2.7000000000e+01 6.6930000000e+03 6.3657700000e+03 3.0000000000e+01 4.0000000000e+00
0.0000000000e+00 2.8000000000e+01 1.4866000000e+04 1.4284990000e+04 6.7000000000e+01 9.0000000000e+00
0.0000000000e+00 2.9000000000e+01 1.5094000000e+04 1.4295980000e+04 7.3000000000e+01 9.0000000000e+00
0.0000000000e+00 3.0000000000e+01 8.4790000000e+03 7.9545200000e+03 5.0000000000e+01 5.0000000000e+00
0.0000000000e+00 3.1000000000e+01 9.9460000000e+03 9.5235100000e+03 3.5000000000e+01 6.0000000000e+00
0.0000000000e+00 3.2000000000e+01 8.2890000000e+03 7.9422600000e+03 3.9000000000e+01 5.0000000000e+00
0.0000000000e+00 3.3000000000e+01 8.4340000000e+03 7.9320000000e+03 4.4000000000e+01 5.0000000000e+00
0.0000000000e+00 3.4000000000e+01 4.9820000000e+03 4.7709000000e+03 2.5000000000e+01 3.0000000000e+00
0.0000000000e+00 3.5000000000e+01 6.6480000000e+03 6.3466100000e+03 3.7000000000e+01 4.0000000000e+00
0.0000000000e+00 3.6000000000e+01 8.3880000000e+03 7.9418200000e+03 4.7000000000e+01 5.0000000000e+00
1.0000000000e+00 3.7000000000e+01 5.9751000000e+04 5.7113420000e+04 1.4900000000e+02 3.6000000000e+01
1.0000000000e+00 3.8000000000e+01 8.2980000000e+03 7.9379000000e+03 4.5000000000e+01 5.0000000000e+00
1.0000000000e+00 3.9000000000e+01 4.9360000000e+03 4.7521000000e+03 5.0000000000e+00 3.0000000000e+00
1.0000000000e+00 4.0000000000e+01 4.9290000000e+03 4.7554200000e+03 3.0000000000e+00 3.0000000000e+00
1.0000000000e+00 4.1000000000e+01 6.6910000000e+03 6.3518500000e+03 3.7000000000e+01 4.0000000000e+00
1.0000000000e+00 4.2000000000e+01 3.2910000000e+03 3.1706300000e+03 1.0000000000e+01 2.0000000000e+00
1.0000000000e+00 4.3000000000e+01 4.9690000000e+03 4.7588400000e+03 2.2000000000e+01 3.0000000000e+00
1.0000000000e+00 4.4000000000e+01 8.3130000000e+03 7.9384300000e+03 4.6000000000e+01 5.0000000000e+00
1.0000000000e+00 4.5000000000e+01 6.7220000000e+03 6.3490700000e+03 3.6000000000e+01 4.0000000000e+00
1.0000000000e+00 4.6000000000e+01 1.7068000000e+04 1.5941170000e+04 9.6000000000e+01 1.0000000000e+01
1.0000000000e+00 4.7000000000e+01 3.2930000000e+03 3.1761800000e+03 5.0000000000e+00 2.0000000000e+00
1.0000000000e+00 4.8000000000e+01 8.4000000000e+03 7.9600400000e+03 4.4000000000e+01 5.0000000000e+00
1.0000000000e+00 4.9000000000e+01 6.7900000000e+03 6.3522400000e+03 3.6000000000e+01 4.0000000000e+00
1.0000000000e+00 5.0000000000e+01 1.1577000000e+04 1.1107060000e+04 6.0000000000e+01 7.0000000000e+00
1.0000000000e+00 5.1000000000e+01 1.1656000000e+04 1.1115150000e+04 5.3000000000e+01 7.0000000000e+00
1.0000000000e+00 5.2000000000e+01 4.9670000000e+03 4.7613900000e+03 2.6000000000e+01 3.0000000000e+00
1.0000000000e+00 5.3000000000e+01 1.0089000000e+04 9.5360600000e+03 5.2000000000e+01 6.0000000000e+00
1.0000000000e+00 5.4000000000e+01 1.3330000000e+04 1.2717310000e+04 6.0000000000e+01 8.0000000000e+00
1.0000000000e+00 5.5000000000e+01 1.7274000000e+04 1.5867620000e+04 1.0800000000e+02 1.0000000000e+01
1.0000000000e+00 5.6000000000e+01 2.3449000000e+04 2.2249830000e+04 1.2800000000e+02 1.4000000000e+01
1.0000000000e+00 5.7000000000e+01 8.4580000000e+03 7.9503000000e+03 4.9000000000e+01 5.0000000000e+00
1.0000000000e+00 5.8000000000e+01 1.0019000000e+04 9.5365700000e+03 5.3000000000e+01 6.0000000000e+00
1.0000000000e+00 5.9000000000e+01 4.9640000000e+03 4.7581600000e+03 1.7000000000e+01 3.0000000000e+00
1.0000000000e+00 6.0000000000e+01 4.9950000000e+03 4.7670700000e+03 2.8000000000e+01 3.0000000000e+00
1.0000000000e+00 6.1000000000e+01 1.1819000000e+04 1.1153740000e+04 6.7000000000e+01 7.0000000000e+00
1.0000000000e+00 6.2000000000e+01 8.3950000000e+03 7.9342100000e+03 4.7000000000e+01 5.0000000000e+00
1.0000000000e+00 6.3000000000e+01 8.3270000000e+03 7.9563300000e+03 3.4000000000e+01 5.0000000000e+00
1.0000000000e+00 6.4000000000e+01 1.5161000000e+04 1.4311940000e+04 9.4000000000e+01 9.0000000000e+00
1.0000000000e+00 6.5000000000e+01 5.0500000000e+03 4.7621100000e+03 2.4000000000e+01 3.0000000000e+00
1.0000000000e+00 6.6000000000e+01 1.1794000000e+04 1.1112750000e+04 6.6000000000e+01 7.0000000000e+00
1.0000000000e+00 6.7000000000e+01 2.5385000000e+04 2.3826750000e+04 1.4700000000e+02 1.5000000000e+01
1.0000000000e+00 6.8000000000e+01 9.9870000000e+03 9.5260100000e+03 5.1000000000e+01 6.0000000000e+00
1.0000000000e+00 6.9000000000e+01 1.2006000000e+04 1.1132550000e+04 8.9000000000e+01 7.0000000000e+00
1.0000000000e+00 7.0000000000e+01 8.3200000000e+03 7.9588400000e+03 3.5000000000e+01 5.0000000000e+00
1.0000000000e+00 7.1000000000e+01 8.4250000000e+03 7.9444000000e+03 4.7000000000e+01 5.0000000000e+00
1.0000000000e+00 7.2000000000e+01 1.0156000000e+04 9.5401200000e+03 5.3000000000e+01 6.0000000000e+00
1.0000000000e+00 7.3000000000e+01 8.3030000000e+03 7.9430000000e+03 3.9000000000e+01 5.0000000000e+00
1.0000000000e+00 7.4000000000e+01 6.6330000000e+03 6.3575000000e+03 2.3000000000e+01 4.0000000000e+00
1.0000000000e+00 7.5000000000e+01 6.6200000000e+03 6.3410100000e+03 2.7000000000e+01 4.0000000000e+00
1.0000000000e+00 7.6000000000e+01 8.3330000000e+03 7.9382400000e+03 4.2000000000e+01 5.0000000000e+00
1.0000000000e+00 7.7000000000e+01 8.4480000000e+03 7.9535200000e+03 5.3000000000e+01 5.0000000000e+00
1.0000000000e+00 7.8000000000e+01 6.6640000000e+03 6.3322600000e+03 4.1000000000e+01 4.0000000000e+00
1.0000000000e+00 7.9000000000e+01 4.9410000000e+03 4.7607100000e+03 2.4000000000e+01 3.0000000000e+00
1.0000000000e+00 8.0000000000e+01 4.9840000000e+03 4.7445400000e+03 2.9000000000e+01 3.0000000000e+00
1.0000000000e+00 8.1000000000e+01 8.3130000000e+03 7.9425100000e+03 4.9000000000e+01 5.0000000000e+00
1.0000000000e+00 8.2000000000e+01 6.7100000000e+03 6.3680700000e+03 3.3000000000e+01 4.0000000000e+00
1.0000000000e+00 8.3000000000e+01 4.9460000000e+03 4.7579400000e+03 2.2000000000e+01 3.0000000000e+00
1.0000000000e+00 8.4000000000e+01 4.9690000000e+03 4.7571500000e+03 2.5000000000e+01 3.0000000000e+00
1.0000000000e+00 8.5000000000e+01 6.7180000000e+03 6.3555900000e+03 3.8000000000e+01 4.0000000000e+00
1.0000000000e+00 8.6000000000e+01 6.6800000000e+03 6.3534300000e+03 3.6000000000e+01 4.0000000000e+00
1.0000000000e+00 8.7000000000e+01 5.0260000000e+03 4.7558300000e+03 3.0000000000e+01 3.0000000000e+00
1.0000000000e+00 8.8000000000e+01 6.6000000000e+03 6.3478000000e+03 3.6000000000e+01 4.0000000000e+00
1.0000000000e+00 8.9000000000e+01 1.3427000000e+04 1.2680620000e+04 7.2000000000e+01 8.0000000000e+00
1.0000000000e+00 9.0000000000e+01 6.6870000000e+03 6.3642400000e+03 3.4000000000e+01 4.0000000000e+00
1.0000000000e+00 9.1000000000e+01 6.7500000000e+03 6.3535600000e+03 3.9000000000e+01 4.0000000000e+00
1.0000000000e+00 9.2000000000e+01 5.0000000000e+03 4.7732300000e+03 2.2000000000e+01 3.0000000000e+00
1.0000000000e+00 9.3000000000e+01 6.6650000000e+03 6.3658600000e+03 3.3000000000e+01 4.0000000000e+00
1.0000000000e+00 9.4000000000e+01 8.2960000000e+03 7.9470800000e+03 4.0000000000e+01 5.0000000000e+00
1.0000000000e+00 9.5000000000e+01 5.0290000000e+03 4.7722400000e+03 2.8000000000e+01 3.0000000000e+00
1.0000000000e+00 9.6000000000e+01 1.5173000000e+04 1.4338950000e+04 8.8000000000e+01 9.0000000000e+00
2.0000000000e+00 9.7000000000e+01 5.9795000000e+04 5.7112450000e+04 1.8400000000e+02 3.6000000000e+01
2.0000000000e+00 9.8000000000e+01 4.9920000000e+03 4.7432800000e+03 7.0000000000e+00 3.0000000000e+00
2.0000000000e+00 9.9000000000e+01 6.6610000000e+03 6.3485000000e+03 1.1000000000e+01 4.0000000000e+00
2.0000000000e+00 1.0000000000e+02 1.1615000000e+04 1.1104610000e+04 5.1000000000e+01 7.0000000000e+00
2.0000000000e+00 1.0100000000e+02 1.1769000000e+04 1.1111970000e+04 6.5000000000e+01 7.0000000000e+00
2.0000000000e+00 1.0200000000e+02 6.6100000000e+03 6.3464700000e+03 1.7000000000e+01 4.0000000000e+00
2.0000000000e+00 1.0300000000e+02 6.6640000000e+03 6.3491600000e+03 3.2000000000e+01 4.0000000000e+00
2.0000000000e+00 1.0400000000e+02 1.0029000000e+04 9.5356100000e+03 5.5000000000e+01 6.0000000000e+00
2.0000000000e+00 1.0500000000e+02 8.3780000000e+03 7.9504300000e+03 4.7000000000e+01 5.0000000000e+00
2.0000000000e+00 1.0600000000e+02 4.9930000000e+03 4.7587900000e+03 3.2000000000e+01 3.0000000000e+00
2.0000000000e+00 1.0700000000e+02 9.9730000000e+03 9.5279200000e+03 3.7000000000e+01 6.0000000000e+00
2.0000000000e+00 1.0800000000e+02 1.0075000000e+04 9.5292300000e+03 4.7000000000e+01 6.0000000000e+00
2.0000000000e+00 1.0900000000e+02 1.1802000000e+04 1.1116750000e+04 8.4000000000e+01 7.0000000000e+00
2.0000000000e+00 1.1000000000e+02 5.1990000000e+03 4.8490400000e+03 2.6000000000e+01 3.0000000000e+00
2.0000000000e+00 1.1100000000e+02 6.8420000000e+03 6.3616700000e+03 4.2000000000e+01 4.0000000000e+00
2.0000000000e+00 1.1200000000e+02 1.3386000000e+04 1.2691840000e+04 7.8000000000e+01 8.0000000000e+00
2.0000000000e+00 1.1300000000e+02 5.0590000000e+03 4.7824300000e+03 2.7000000000e+01 3.0000000000e+00
2.0000000000e+00 1.1400000000e+02 4.9660000000e+03 4.7509500000e+03 2.7000000000e+01 3.0000000000e+00
2.0000000000e+00 1.1500000000e+02 1.0042000000e+04 9.5272500000e+03 4.9000000000e+01 6.0000000000e+00
2.0000000000e+00 1.1600000000e+02 1.0135000000e+04 9.5469200000e+03 5.6000000000e+01 6.0000000000e+00
2.0000000000e+00 1.1700000000e+02 1.0050000000e+04 9.5266500000e+03 5.8000000000e+01 6.0000000000e+00
2.0000000000e+00 1.1800000000e+02 1.1610000000e+04 1.1113990000e+04 5.3000000000e+01 7.0000000000e+00
2.0000000000e+00 1.1900000000e+02 6.6270000000e+03 6.3567900000e+03 3.0000000000e+01 4.0000000000e+00
2.0000000000e+00 1.2000000000e+02 1.0001000000e+04 9.5248100000e+03 5.1000000000e+01 6.0000000000e+00
2.0000000000e+00 1.2100000000e+02 4.9700000000e+03 4.7685600000e+03 2.2000000000e+01 3.0000000000e+00
2.0000000000e+00 1.2200000000e+02 8.4500000000e+03 7.9278500000e+03 5.5000000000e+01 5.0000000000e+00
2.0000000000e+00 1.2300000000e+02 6.6940000000e+03 6.3503900000e+03 3.0000000000e+01 4.0000000000e+00
2.0000000000e+00 1.2400000000e+02 6.6310000000e+03 6.3631600000e+03 3.1000000000e+01 4.0000000000e+00
2.0000000000e+00 1.2500000000e+02 6.6990000000e+03 6.3454000000e+03 3.5000000000e+01 4.0000000000e+00
2.0000000000e+00 1.2600000000e+02 1.1726000000e+04 1.1156090000e+04 6.4000000000e+01 7.0000000000e+00
2.0000000000e+00 1.2700000000e+02 8.3560000000e+03 7.9284400000e+03 4.1000000000e+01 5.0000000000e+00
2.0000000000e+00 1.2800000000e+02 5.0540000000e+03 4.7750100000e+03 2.9000000000e+01 3.0000000000e+00
2.0000000000e+00 1.2900000000e+02 1.1608000000e+04 1.1122040000e+04 5.6000000000e+01 7.0000000000e+00
2.0000000000e+00 1.3000000000e+02 6.7450000000e+03 6.3710300000e+03 3.5000000000e+01 4.0000000000e+00
2.0000000000e+00 1.3100000000e+02 1.0127000000e+04 9.5552200000e+03 5.9000000000e+01 6.0000000000e+00
2.0000000000e+00 1.3200000000e+02 5.0360000000e+03 4.7725500000e+03 3.1000000000e+01 3.0000000000e+00
2.0000000000e+00 1.3300000000e+02 1.0000000000e+04 9.5422500000e+03 5.1000000000e+01 6.0000000000e+00
2.0000000000e+00 1.3400000000e+02 8.4730000000e+03 7.9518400000e+03 5.7000000000e+01 5.0000000000e+00
2.0000000000e+00 1.3500000000e+02 5.0580000000e+03 4.7736700000e+03 2.8000000000e+01 3.0000000000e+00
2.0000000000e+00 1.3600000000e+02 8.2220000000e+03 7.9419800000e+03 3.7000000000e+01 5.0000000000e+00
2.0000000000e+00 1.3700000000e+02 1.3333000000e+04 1.2703250000e+04 6.8000000000e+01 8.0000000000e+00
2.0000000000e+00 1.3800000000e+02 1.8436000000e+04 1.7449150000e+04 9.8000000000e+01 1.1000000000e+01
2.0000000000e+00 1.3900000000e+02 1.4946000000e+04 1.4307720000e+04 7.1000000000e+01 9.0000000000e+00
2.0000000000e+00 1.4000000000e+02 6.6740000000e+03 6.3462200000e+03 3.2000000000e+01 4.0000000000e+00
2.0000000000e+00 1.4100000000e+02 1.5107000000e+04 1.4305420000e+04 8.4000000000e+01 9.0000000000e+00
2.0000000000e+00 1.4200000000e+02 1.1551000000e+04 1.1116280000e+04 5.5000000000e+01 7.0000000000e+00
2.0000000000e+00 1.4300000000e+02 6.6210000000e+03 6.3578700000e+03 3.2000000000e+01 4.0000000000e+00
2.0000000000e+00 1.4400000000e+02 1.1573000000e+04 1.1116460000e+04 5.6000000000e+01 7.0000000000e+00
2.0000000000e+00 1.4500000000e+02 1.3517000000e+04 1.2696000000e+04 8.5000000000e+01 8.0000000000e+00
2.0000000000e+00 1.4600000000e+02 5.0050000000e+03 4.7829400000e+03 2.4000000000e+01 3.0000000000e+00
2.0000000000e+00 1.4700000000e+02 1.1572000000e+04 1.1115700000e+04 5.0000000000e+01 7.0000000000e+00
2.0000000000e+00 1.4800000000e+02 6.6080000000e+03 6.3619100000e+03 3.0000000000e+01 4.0000000000e+00
2.0000000000e+00 1.4900000000e+02 5.7759000000e+04 5.4077480000e+04 3.6300000000e+02 3.4000000000e+01
3.0000000000e+00 1.5000000000e+02 6.4773000000e+04 6.1833160000e+04 1.8600000000e+02 3.9000000000e+01
3.0000000000e+00 1.5100000000e+02 8.2940000000e+03 7.9234200000e+03 1.2000000000e+01 5.0000000000e+00
3.0000000000e+00 1.5200000000e+02 4.9460000000e+03 4.7462700000e+03 5.0000000000e+00 3.0000000000e+00
3.0000000000e+00 1.5300000000e+02 6.6720000000e+03 6.3559800000e+03 1.3000000000e+01 4.0000000000e+00
3.0000000000e+00 1.5400000000e+02 3.2900000000e+03 3.1736700000e+03 8.0000000000e+00 2.0000000000e+00
3.0000000000e+00 1.5500000000e+02 6.6110000000e+03 6.3569900000e+03 9.0000000000e+00 4.0000000000e+00
3.0000000000e+00 1.5600000000e+02 4.9340000000e+03 4.7509800000e+03 2.3000000000e+01 3.0000000000e+00
3.0000000000e+00 1.5700000000e+02 6.6090000000e+03 6.3388500000e+03 2.3000000000e+01 4.0000000000e+00
3.0000000000e+00 1.5800000000e+02 9.9710000000e+03 9.5419700000e+03 4.7000000000e+01 6.0000000000e+00
3.0000000000e+00 1.5900000000e+02 8.3320000000e+03 7.9351900000e+03 3.5000000000e+01 5.0000000000e+00
3.0000000000e+00 1.6000000000e+02 1.4927000000e+04 1.4269210000e+04 5.6000000000e+01 9.0000000000e+00
3.0000000000e+00 1.6100000000e+02 1.1704000000e+04 1.1120880000e+04 5.8000000000e+01 7.0000000000e+00
3.0000000000e+00 1.6200000000e+02 1.4970000000e+04 1.4289270000e+04 8.7000000000e+01 9.0000000000e+00
3.0000000000e+00 1.6300000000e+02 4.9150000000e+03 4.7565200000e+03 1.8000000000e+01 3.0000000000e+00
3.0000000000e+00 1.6400000000e+02 1.1750000000e+04 1.1125290000e+04 5.5000000000e+01 7.0000000000e+00
3.0000000000e+00 1.6500000000e+02 1.0067000000e+04 9.5443700000e+03 5.2000000000e+01 6.0000000000e+00
3.0000000000e+00 1.6600000000e+02 4.9760000000e+03 4.7816500000e+03 2.2000000000e+01 3.0000000000e+00
3.0000000000e+00 1.6700000000e+02 1.1675000000e+04 1.1119770000e+04 5.9000000000e+01 7.0000000000e+00
3.0000000000e+00 1.6800000000e+02 6.6760000000e+03 6.3270600000e+03 2.1000000000e+01 4.0000000000e+00
3.0000000000e+00 1.6900000000e+02 1.6960000000e+04 1.5901230000e+04 1.0600000000e+02 1.0000000000e+01
3.0000000000e+00 1.7000000000e+02 1.0019000000e+04 9.5406700000e+03 5.9000000000e+01 6.0000000000e+00
3.0000000000e+00 1.7100000000e+02 6.6990000000e+03 6.3756100000e+03 3.4000000000e+01 4.0000000000e+00
3.0000000000e+00 1.7200000000e+02 3.3190000000e+03 3.1698900000e+03 3.0000000000e+00 2.0000000000e+00
3.0000000000e+00 1.7300000000e+02 1.0015000000e+04 9.5427000000e+03 4.7000000000e+01 6.0000000000e+00
3.0000000000e+00 1.7400000000e+02 1.0027000000e+04 9.5189400000e+03 5.5000000000e+01 6.0000000000e+00
3.0000000000e+00 1.7500000000e+02 1.3475000000e+04 1.2692070000e+04 8.0000000000e+01 8.0000000000e+00
3.0000000000e+00 1.7600000000e+02 5.0190000000e+03 4.7732600000e+03 2.8000000000e+01 3.0000000000e+00
3.0000000000e+00 1.7700000000e+02 1.0100000000e+04 9.5505800000e+03 5.6000000000e+01 6.0000000000e+00
3.0000000000e+00 1.7800000000e+02 6.6450000000e+03 6.3596300000e+03 2.9000000000e+01 4.0000000000e+00
3.0000000000e+00 1.7900000000e+02 4.9660000000e+03 4.7623600000e+03 1.8000000000e+01 3.0000000000e+00
3.0000000000e+00 1.8000000000e+02 8.3340000000e+03 7.9413600000e+03 3.9000000000e+01 5.0000000000e+00
3.0000000000e+00 1.8100000000e+02 2.5682000000e+04 2.3819290000e+04 1.4900000000e+02 1.5000000000e+01
3.0000000000e+00 1.8200000000e+02 6.6330000000e+03 6.3478800000e+03 3.2000000000e+01 4.0000000000e+00
3.0000000000e+00 1.8300000000e+02 1.3306000000e+04 1.2687810000e+04 6.7000000000e+01 8.0000000000e+00
3.0000000000e+00 1.8400000000e+02 1.1730000000e+04 1.1099990000e+04 6.5000000000e+01 7.0000000000e+00
3.0000000000e+00 1.8500000000e+02 6.6150000000e+03 6.3525600000e+03 3.2000000000e+01 4.0000000000e+00
3.0000000000e+00 1.8600000000e+02 6.6420000000e+03 6.3402600000e+03 3.6000000000e+01 4.0000000000e+00
3.0000000000e+00 1.8700000000e+02 6.6390000000e+03 6.3386900000e+03 3.4000000000e+01 4.0000000000e+00
3.0000000000e+00 1.8800000000e+02 8.2480000000e+03 7.9373300000e+03 4.0000000000e+01 5.0000000000e+00
3.0000000000e+00 1.8900000000e+02 6.6640000000e+03 6.3638600000e+03 3.4000000000e+01 4.0000000000e+00
3.0000000000e+00 1.9000000000e+02 8.3690000000e+03 7.9335400000e+03 4.9000000000e+01 5.0000000000e+00
3.0000000000e+00 1.9100000000e+02 5.0060000000e+03 4.7569500000e+03 2.9000000000e+01 3.0000000000e+00
3.0000000000e+00 1.9200000000e+02 8.3830000000e+03 7.9373600000e+03 4.0000000000e+01 5.0000000000e+00
3.0000000000e+00 1.9300000000e+02 1.3219000000e+04 1.2727350000e+04 5.3000000000e+01 8.0000000000e+00
3.0000000000e+00 1.9400000000e+02 8.3060000000e+03 7.9344700000e+03 2.8000000000e+01 5.0000000000e+00
3.0000000000e+00 1.9500000000e+02 4.9870000000e+03 4.7634800000e+03 2.2000000000e+01 3.0000000000e+00
3.0000000000e+00 1.9600000000e+02 4.9890000000e+03 4.7676800000e+03 1.9000000000e+01 3.0000000000e+00
3.0000000000e+00 1.9700000000e+02 1.1826000000e+04 1.1159130000e+04 6.2000000000e+01 7.0000000000e+00
3.0000000000e+00 1.9800000000e+02 8.2680000000e+03 7.9372400000e+03 4.1000000000e+01 5.0000000000e+00
3.0000000000e+00 1.9900000000e+02 6.6490000000e+03 6.3521500000e+03 3.1000000000e+01 4.0000000000e+00
3.0000000000e+00 2.0000000000e+02 8.3850000000e+03 7.9342600000e+03 4.4000000000e+01 5.0000000000e+00
3.0000000000e+00 2.0100000000e+02 6.6450000000e+03 6.3541300000e+03 3.3000000000e+01 4.0000000000e+00
3.0000000000e+00 2.0200000000e+02 6.6650000000e+03 6.3530400000e+03 3.4000000000e+01 4.0000000000e+00
3.0000000000e+00 2.0300000000e+02 6.6170000000e+03 6.3465200000e+03 2.5000000000e+01 4.0000000000e+00
3.0000000000e+00 2.0400000000e+02 8.3770000000e+03 7.9391000000e+03 5.1000000000e+01 5.0000000000e+00
3.0000000000e+00 2.0500000000e+02 1.5146000000e+04 1.4318820000e+04 8.7000000000e+01 9.0000000000e+00
3.0000000000e+00 2.0600000000e+02 5.0460000000e+03 4.7779100000e+03 2.4000000000e+01 3.0000000000e+00
3.0000000000e+00 2.0700000000e+02 6.7010000000e+03 6.3469900000e+03 3.9000000000e+01 4.0000000000e+00
3.0000000000e+00 2.0800000000e+02 8.3610000000e+03 7.9430000000e+03 4.3000000000e+01 5.0000000000e+00
3.0000000000e+00 2.0900000000e+02 8.2810000000e+03 7.9427300000e+03 3.6000000000e+01 5.0000000000e+00
3.0000000000e+00 2.1000000000e+02 4.9880000000e+03 4.7580400000e+03 2.8000000000e+01 3.0000000000e+00
3.0000000000e+00 2.1100000000e+02 1.3400000000e+04 1.2722630000e+04 7.7000000000e+01 8.0000000000e+00
3.0000000000e+00 2.1200000000e+02 1.5244000000e+04 1.4298640000e+04 9.7000000000e+01 9.0000000000e+00
3.0000000000e+00 2.1300000000e+02 1.3337000000e+04 1.2706640000e+04 6.8000000000e+01 8.0000000000e+00
3.0000000000e+00 2.1400000000e+02 1.5011000000e+04 1.4287000000e+04 7.5000000000e+01 9.0000000000e+00
3.0000000000e+00 2.1500000000e+02 8.2840000000e+03 7.9513500000e+03 3.9000000000e+01 5.0000000000e+00
3.0000000000e+00 2.1600000000e+02 1.1785000000e+04 1.1145170000e+04 5.2000000000e+01 7.0000000000e+00
3.0000000000e+00 2.1700000000e+02 8.3640000000e+03 7.9427800000e+03 4.7000000000e+01 5.0000000000e+00
3.0000000000e+00 2.1800000000e+02 1.3607000000e+04 1.2696090000e+04 8.3000000000e+01 8.0000000000e+00
4.0000000000e+00 2.1900000000e+02 2.8213000000e+04 2.6958490000e+04 4.9000000000e+01 1.7000000000e+01
4.0000000000e+00 2.2000000000e+02 1.3273000000e+04 1.2680690000e+04 2.1000000000e+01 8.0000000000e+00
4.0000000000e+00 2.2100000000e+02 4.9840000000e+03 4.7568500000e+03 1.0000000000e+01 3.0000000000e+00
4.0000000000e+00 2.2200000000e+02 4.9430000000e+03 4.7558200000e+03 1.2000000000e+01 3.0000000000e+00
4.0000000000e+00 2.2300000000e+02 9.9860000000e+03 9.5322500000e+03 5.5000000000e+01 6.0000000000e+00
4.0000000000e+00 2.2400000000e+02 1.3270000000e+04 1.2682060000e+04 4.4000000000e+01 8.0000000000e+00
4.0000000000e+00 2.2500000000e+02 8.2680000000e+03 7.9279600000e+03 3.9000000000e+01 5.0000000000e+00
4.0000000000e+00 2.2600000000e+02 1.6608000000e+04 1.5879070000e+04 7.7000000000e+01 1.0000000000e+01
4.0000000000e+00 2.2700000000e+02 9.8910000000e+03 9.5337000000e+03 2.6000000000e+01 6.0000000000e+00
4.0000000000e+00 2.2800000000e+02 6.6490000000e+03 6.3466600000e+03 2.8000000000e+01 4.0000000000e+00
4.0000000000e+00 2.2900000000e+02 1.0053000000e+04 9.5363900000e+03 5.7000000000e+01 6.0000000000e+00
4.0000000000e+00 2.3000000000e+02 5.0420000000e+03 4.7493900000e+03 3.2000000000e+01 3.0000000000e+00
4.0000000000e+00 2.3100000000e+02 1.0112000000e+04 9.5316200000e+03 4.5000000000e+01 6.0000000000e+00
4.0000000000e+00 2.3200000000e+02 6.6170000000e+03 6.3424200000e+03 7.0000000000e+00 4.0000000000e+00
4.0000000000e+00 2.3300000000e+02 2.3663000000e+04 2.2237970000e+04 1.1200000000e+02 1.4000000000e+01
4.0000000000e+00 2.3400000000e+02 1.3259000000e+04 1.2716400000e+04 6.9000000000e+01 8.0000000000e+00
4.0000000000e+00 2.3500000000e+02 1.0042000000e+04 9.5305500000e+03 5.1000000000e+01 6.0000000000e+00
4.0000000000e+00 2.3600000000e+02 1.1754000000e+04 1.1103260000e+04 6.0000000000e+01 7.0000000000e+00
4.0000000000e+00 2.3700000000e+02 6.7250000000e+03 6.3477200000e+03 3.8000000000e+01 4.0000000000e+00
4.0000000000e+00 2.3800000000e+02 6.7100000000e+03 6.3588400000e+03 3.6000000000e+01 4.0000000000e+00
4.0000000000e+00 2.3900000000e+02 2.5501000000e+04 2.3867560000e+04 1.5200000000e+02 1.5000000000e+01
4.0000000000e+00 2.4000000000e+02 5.0490000000e+03 4.7750800000e+03 2.9000000000e+01 3.0000000000e+00
4.0000000000e+00 2.4100000000e+02 1.1663000000e+04 1.1084250000e+04 6.4000000000e+01 7.0000000000e+00
4.0000000000e+00 2.4200000000e+02 1.1700000000e+04 1.1108900000e+04 6.5000000000e+01 7.0000000000e+00
4.0000000000e+00 2.4300000000e+02 5.0390000000e+03 4.7717500000e+03 2.8000000000e+01 3.0000000000e+00
4.0000000000e+00 2.4400000000e+02 1.0073000000e+04 9.5350200000e+03 5.8000000000e+01 6.0000000000e+00
4.0000000000e+00 2.4500000000e+02 1.1644000000e+04 1.1106040000e+04 6.2000000000e+01 7.0000000000e+00
4.0000000000e+00 2.4600000000e+02 8.3020000000e+03 7.9425100000e+03 4.6000000000e+01 5.0000000000e+00
4.0000000000e+00 2.4700000000e+02 9.9950000000e+03 9.5434500000e+03 4.7000000000e+01 6.0000000000e+00
4.0000000000e+00 2.4800000000e+02 4.9790000000e+03 4.7660200000e+03 2.6000000000e+01 3.0000000000e+00
4.0000000000e+00 2.4900000000e+02 6.6540000000e+03 6.3507100000e+03 3.3000000000e+01 4.0000000000e+00
4.0000000000e+00 2.5000000000e+02 6.6900000000e+03 6.3287200000e+03 3.7000000000e+01 4.0000000000e+00
4.0000000000e+00 2.5100000000e+02 1.0026000000e+04 9.5237400000e+03 6.0000000000e+01 6.0000000000e+00
4.0000000000e+00 2.5200000000e+02 5.0070000000e+03 4.7660100000e+03 3.1000000000e+01 3.0000000000e+00
4.0000000000e+00 2.5300000000e+02 8.4070000000e+03 7.9478100000e+03 5.1000000000e+01 5.0000000000e+00
4.0000000000e+00 2.5400000000e+02 5.0290000000e+03 4.7639900000e+03 2.1000000000e+01 3.0000000000e+00
4.0000000000e+00 2.5500000000e+02 6.7180000000e+03 6.3577400000e+03 3.6000000000e+01 4.0000000000e+00
4.0000000000e+00 2.5600000000e+02 6.7510000000e+03 6.3598100000e+03 3.9000000000e+01 4.0000000000e+00
4.0000000000e+00 2.5700000000e+02 1.4962000000e+04 1.4275130000e+04 7.5000000000e+01 9.0000000000e+00
4.0000000000e+00 2.5800000000e+02 8.3830000000e+03 7.9451100000e+03 3.9000000000e+01 5.0000000000e+00
4.0000000000e+00 2.5900000000e+02 8.3310000000e+03 7.9374400000e+03 4.4000000000e+01 5.0000000000e+00
4.0000000000e+00 2.6000000000e+02 1.0050000000e+04 9.5668700000e+03 5.6000000000e+01 6.0000000000e+00
4.0000000000e+00 2.6100000000e+02 6.6660000000e+03 6.3603800000e+03 3.2000000000e+01 4.0000000000e+00
4.0000000000e+00 2.6200000000e+02 4.9410000000e+03 4.7608900000e+03 2.2000000000e+01 3.0000000000e+00
4.0000000000e+00 2.6300000000e+02 6.6080000000e+03 6.3530600000e+03 3.4000000000e+01 4.0000000000e+00
4.0000000000e+00 2.6400000000e+02 6.6600000000e+03 6.3630600000e+03 3.2000000000e+01 4.0000000000e+00
4.0000000000e+00 2.6500000000e+02 6.7150000000e+03 6.3711200000e+03 3.6000000000e+01 4.0000000000e+00
4.0000000000e+00 2.6600000000e+02 8.2890000000e+03 7.9529600000e+03 4.3000000000e+01 5.0000000000e+00
4.0000000000e+00 2.6700000000e+02 5.0640000000e+03 4.7591600000e+03 3.3000000000e+01 3.0000000000e+00
4.0000000000e+00 2.6800000000e+02 1.0054000000e+04 9.5437800000e+03 5.4000000000e+01 6.0000000000e+00
4.0000000000e+00 2.6900000000e+02 6.7320000000e+03 6.3744700000e+03 3.6000000000e+01 4.0000000000e+00
4.0000000000e+00 2.7000000000e+02 8.3710000000e+03 7.9495100000e+03 4.7000000000e+01 5.0000000000e+00
4.0000000000e+00 2.7100000000e+02 8.3010000000e+03 7.9387600000e+03 3.5000000000e+01 5.0000000000e+00
5.0000000000e+00 2.7200000000e+02 6.9766000000e+04 6.6700030000e+04 1.6300000000e+02 4.2000000000e+01
5.0000000000e+00 2.7300000000e+02 2.0287000000e+04 1.9045750000e+04 9.9000000000e+01 1.2000000000e+01
5.0000000000e+00 2.7400000000e+02 6.6830000000e+03 6.3606600000e+03 3.7000000000e+01 4.0000000000e+00
5.0000000000e+00 2.7500000000e+02 8.3160000000e+03 7.9436600000e+03 3.2000000000e+01 5.0000000000e+00
5.0000000000e+00 2.7600000000e+02 1.1690000000e+04 1.1112820000e+04 5.9000000000e+01 7.0000000000e+00
5.0000000000e+00 2.7700000000e+02 6.7360000000e+03 6.3653000000e+03 3.6000000000e+01 4.0000000000e+00
5.0000000000e+00 2.7800000000e+02 1.0023000000e+04 9.5130000000e+03 5.4000000000e+01 6.0000000000e+00
5.0000000000e+00 2.7900000000e+02 3.3130000000e+03 3.1706200000e+03 7.0000000000e+00 2.0000000000e+00
5.0000000000e+00 2.8000000000e+02 1.0285000000e+04 9.7445500000e+03 5.1000000000e+01 6.0000000000e+00
5.0000000000e+00 2.8100000000e+02 9.9940000000e+03 9.5150200000e+03 4.6000000000e+01 6.0000000000e+00
5.0000000000e+00 2.8200000000e+02 8.3120000000e+03 7.9568200000e+03 4.8000000000e+01 5.0000000000e+00
5.0000000000e+00 2.8300000000e+02 8.3400000000e+03 7.9577700000e+03 4.2000000000e+01 5.0000000000e+00
5.0000000000e+00 2.8400000000e+02 6.6000000000e+03 6.3411100000e+03 1.1000000000e+01 4.0000000000e+00
5.0000000000e+00 2.8500000000e+02 1.1601000000e+04 1.1108750000e+04 3.7000000000e+01 7.0000000000e+00
5.0000000000e+00 2.8600000000e+02 6.6960000000e+03 6.3540600000e+03 3.8000000000e+01 4.0000000000e+00
5.0000000000e+00 2.8700000000e+02 5.0230000000e+03 4.7714300000e+03 2.9000000000e+01 3.0000000000e+00
5.0000000000e+00 2.8800000000e+02 6.7160000000e+03 6.3455800000e+03 4.1000000000e+01 4.0000000000e+00
5.0000000000e+00 2.8900000000e+02 6.7570000000e+03 6.3566700000e+03 4.4000000000e+01 4.0000000000e+00
5.0000000000e+00 2.9000000000e+02 4.9700000000e+03 4.7597600000e+03 1.6000000000e+01 3.0000000000e+00
5.0000000000e+00 2.9100000000e+02 2.2143000000e+04 2.0643530000e+04 1.4800000000e+02 1.3000000000e+01
5.0000000000e+00 2.9200000000e+02 6.6980000000e+03 6.3646100000e+03 3.3000000000e+01 4.0000000000e+00
5.0000000000e+00 2.9300000000e+02 6.6490000000e+03 6.3548000000e+03 2.9000000000e+01 4.0000000000e+00
5.0000000000e+00 2.9400000000e+02 5.0700000000e+03 4.7624500000e+03 3.2000000000e+01 3.0000000000e+00
5.0000000000e+00 2.9500000000e+02 8.3340000000e+03 7.9535700000e+03 3.7000000000e+01 5.0000000000e+00
5.0000000000e+00 2.9600000000e+02 6.6990000000e+03 6.3597400000e+03 3.4000000000e+01 4.0000000000e+00
5.0000000000e+00 2.9700000000e+02 6.7180000000e+03 6.3452500000e+03 3.3000000000e+01 4.0000000000e+00
5.0000000000e+00 2.9800000000e+02 5.0260000000e+03 4.7706100000e+03 2.6000000000e+01 3.0000000000e+00
5.0000000000e+00 2.9900000000e+02 6.7260000000e+03 6.3634800000e+03 4.1000000000e+01 4.0000000000e+00
5.0000000000e+00 3.0000000000e+02 4.9400000000e+03 4.7739500000e+03 1.8000000000e+01 3.0000000000e+00
5.0000000000e+00 3.0100000000e+02 2.1959000000e+04 2.0677210000e+04 1.2200000000e+02 1.3000000000e+01
5.0000000000e+00 3.0200000000e+02 8.3280000000e+03 7.9425500000e+03 4.2000000000e+01 5.0000000000e+00
5.0000000000e+00 3.0300000000e+02 6.6460000000e+03 6.3679900000e+03 2.7000000000e+01 4.0000000000e+00
5.0000000000e+00 3.0400000000e+02 6.5970000000e+03 6.3594900000e+03 3.0000000000e+01 4.0000000000e+00
5.0000000000e+00 3.0500000000e+02 6.6270000000e+03 6.3529500000e+03 3.3000000000e+01 4.0000000000e+00
5.0000000000e+00 3.0600000000e+02 8.4050000000e+03 7.9516100000e+03 4.3000000000e+01 5.0000000000e+00
5.0000000000e+00 3.0700000000e+02 4.9450000000e+03 4.7658300000e+03 1.7000000000e+01 3.0000000000e+00
5.0000000000e+00 3.0800000000e+02 9.9570000000e+03 9.5203700000e+03 5.4000000000e+01 6.0000000000e+00
5.0000000000e+00 3.0900000000e+02 8.4370000000e+03 7.9307800000e+03 4.2000000000e+01 5.0000000000e+00
5.0000000000e+00 3.1000000000e+02 6.7240000000e+03 6.3561800000e+03 4.2000000000e+01 4.0000000000e+00
5.0000000000e+00 3.1100000000e+02 8.2760000000e+03 7.9458100000e+03 4.4000000000e+01 5.0000000000e+00
5.0000000000e+00 3.1200000000e+02 5.0550000000e+03 4.7637400000e+03 2.9000000000e+01 3.0000000000e+00
5.0000000000e+00 3.1300000000e+02 5.0250000000e+03 4.7647700000e+03 3.0000000000e+01 3.0000000000e+00
5.0000000000e+00 3.1400000000e+02 1.0007000000e+04 9.5442100000e+03 5.2000000000e+01 6.0000000000e+00
5.0000000000e+00 3.1500000000e+02 5.0120000000e+03 4.7650500000e+03 2.3000000000e+01 3.0000000000e+00
5.0000000000e+00 3.1600000000e+02 1.1662000000e+04 1.1112410000e+04 4.9000000000e+01 7.0000000000e+00
5.0000000000e+00 3.1700000000e+02 6.7350000000e+03 6.3606500000e+03 4.4000000000e+01 4.0000000000e+00
5.0000000000e+00 3.1800000000e+02 8.3350000000e+03 7.9573800000e+03 4.4000000000e+01 5.0000000000e+00
5.0000000000e+00 3.1900000000e+02 8.3720000000e+03 7.9610300000e+03 4.6000000000e+01 5.0000000000e+00
5.0000000000e+00 3.2000000000e+02 4.9280000000e+03 4.7403200000e+03 2.5000000000e+01 3.0000000000e+00
5.0000000000e+00 3.2100000000e+02 6.7080000000e+03 6.3694900000e+03 3.3000000000e+01 4.0000000000e+00
5.0000000000e+00 3.2200000000e+02 1.0066000000e+04 9.5443600000e+03 5.4000000000e+01 6.0000000000e+00
5.0000000000e+00 3.2300000000e+02 8.3480000000e+03 7.9343300000e+03 4.2000000000e+01 5.0000000000e+00
5.0000000000e+00 3.2400000000e+02 6.6490000000e+03 6.3567500000e+03 3.1000000000e+01 4.0000000000e+00
5.0000000000e+00 3.2500000000e+02 4.9860000000e+03 4.7655800000e+03 2.3000000000e+01 3.0000000000e+00
5.0000000000e+00 3.2600000000e+02 1.0201000000e+04 9.5385400000e+03 6.0000000000e+01 6.0000000000e+00
5.0000000000e+00 3.2700000000e+02 8.2590000000e+03 7.9560600000e+03 4.0000000000e+01 5.0000000000e+00
5.0000000000e+00 3.2800000000e+02 1.8539000000e+04 1.7470460000e+04 1.1500000000e+02 1.1000000000e+01
5.0000000000e+00 3.2900000000e+02 1.8822000000e+04 1.7474770000e+04 1.1800000000e+02 1.1000000000e+01
5.0000000000e+00 3.3000000000e+02 4.9780000000e+03 4.7601900000e+03 2.5000000000e+01 3.0000000000e+00
5.0000000000e+00 3.3100000000e+02 6.6480000000e+03 6.3450900000e+03 3.5000000000e+01 4.0000000000e+00
5.0000000000e+00 3.3200000000e+02 1.9913000000e+04 1.9040880000e+04 1.1200000000e+02 1.2000000000e+01
6.0000000000e+00 3.3300000000e+02 6.0021000000e+04 5.7375530000e+04 1.5600000000e+02 3.6000000000e+01
6.0000000000e+00 3.3400000000e+02 8.3390000000e+03 7.9400500000e+03 7.0000000000e+00 5.0000000000e+00
6.0000000000e+00 3.3500000000e+02 1.8180000000e+04 1.7448940000e+04 5.0000000000e+01 1.1000000000e+01
6.0000000000e+00 3.3600000000e+02 3.3100000000e+03 3.1727800000e+03 9.0000000000e+00 2.0000000000e+00
6.0000000000e+00 3.3700000000e+02 6.5810000000e+03 6.3303100000e+03 1.6000000000e+01 4.0000000000e+00
6.0000000000e+00 3.3800000000e+02 6.7250000000e+03 6.3610600000e+03 3.0000000000e+01 4.0000000000e+00
6.0000000000e+00 3.3900000000e+02 6.6500000000e+03 6.3408500000e+03 2.9000000000e+01 4.0000000000e+00
6.0000000000e+00 3.4000000000e+02 5.0030000000e+03 4.7726700000e+03 6.0000000000e+00 3.0000000000e+00
6.0000000000e+00 3.4100000000e+02 6.6040000000e+03 6.3471300000e+03 3.0000000000e+01 4.0000000000e+00
6.0000000000e+00 3.4200000000e+02 6.7060000000e+03 6.3553900000e+03 4.0000000000e+01 4.0000000000e+00
6.0000000000e+00 3.4300000000e+02 6.6030000000e+03 6.3564200000e+03 2.8000000000e+01 4.0000000000e+00
6.0000000000e+00 3.4400000000e+02 8.3530000000e+03 7.9434700000e+03 4.1000000000e+01 5.0000000000e+00
6.0000000000e+00 3.4500000000e+02 4.9850000000e+03 4.7668200000e+03 2.3000000000e+01 3.0000000000e+00
6.0000000000e+00 3.4600000000e+02 4.9600000000e+03 4.7715000000e+03 2.9000000000e+01 3.0000000000e+00
6.0000000000e+00 3.4700000000e+02 8.5240000000e+03 7.9540700000e+03 5.2000000000e+01 5.0000000000e+00
6.0000000000e+00 3.4800000000e+02 1.0069000000e+04 9.5374100000e+03 5.4000000000e+01 6.0000000000e+00
6.0000000000e+00 3.4900000000e+02 1.0102000000e+04 9.5420000000e+03 5.9000000000e+01 6.0000000000e+00
6.0000000000e+00 3.5000000000e+02 1.3333000000e+04 1.2698640000e+04 7.2000000000e+01 8.0000000000e+00
6.0000000000e+00 3.5100000000e+02 1.3444000000e+04 1.2692410000e+04 8.0000000000e+01 8.0000000000e+00
6.0000000000e+00 3.5200000000e+02 2.3464000000e+04 2.2202300000e+04 1.4000000000e+02 1.4000000000e+01
6.0000000000e+00 3.5300000000e+02 1.6844000000e+04 1.5885020000e+04 1.0500000000e+02 1.0000000000e+01
6.0000000000e+00 3.5400000000e+02 1.1673000000e+04 1.1112010000e+04 5.0000000000e+01 7.0000000000e+00
6.0000000000e+00 3.5500000000e+02 8.2920000000e+03 7.9275500000e+03 3.8000000000e+01 5.0000000000e+00
6.0000000000e+00 3.5600000000e+02 8.4410000000e+03 7.9475400000e+03 4.2000000000e+01 5.0000000000e+00
6.0000000000e+00 3.5700000000e+02 1.0011000000e+04 9.5372900000e+03 4.8000000000e+01 6.0000000000e+00
6.0000000000e+00 3.5800000000e+02 1.3336000000e+04 1.2728340000e+04 5.9000000000e+01 8.0000000000e+00
6.0000000000e+00 3.5900000000e+02 1.1662000000e+04 1.1117720000e+04 5.5000000000e+01 7.0000000000e+00
6.0000000000e+00 3.6000000000e+02 8.4140000000e+03 8.0217900000e+03 3.5000000000e+01 5.0000000000e+00
6.0000000000e+00 3.6100000000e+02 8.3970000000e+03 7.9468400000e+03 5.1000000000e+01 5.0000000000e+00
6.0000000000e+00 3.6200000000e+02 8.4310000000e+03 7.9538400000e+03 4.7000000000e+01 5.0000000000e+00
6.0000000000e+00 3.6300000000e+02 1.0150000000e+04 9.5398800000e+03 5.7000000000e+01 6.0000000000e+00
6.0000000000e+00 3.6400000000e+02 1.8562000000e+04 1.7456880000e+04 1.1100000000e+02 1.1000000000e+01
6.0000000000e+00 3.6500000000e+02 3.2880000000e+03 3.1774200000e+03 1.7000000000e+01 2.0000000000e+00
6.0000000000e+00 3.6600000000e+02 6.6090000000e+03 6.3444100000e+03 3.3000000000e+01 4.0000000000e+00
6.0000000000e+00 3.6700000000e+02 6.7110000000e+03 6.3626800000e+03 3.5000000000e+01 4.0000000000e+00
6.0000000000e+00 3.6800000000e+02 5.0120000000e+03 4.7671100000e+03 2.8000000000e+01 3.0000000000e+00
6.0000000000e+00 3.6900000000e+02 8.3340000000e+03 7.9358800000e+03 4.1000000000e+01 5.0000000000e+00
6.0000000000e+00 3.7000000000e+02 5.0340000000e+03 4.7732400000e+03 2.8000000000e+01 3.0000000000e+00
6.0000000000e+00 3.7100000000e+02 6.7750000000e+03 6.3634500000e+03 3.8000000000e+01 4.0000000000e+00
6.0000000000e+00 3.7200000000e+02 8.3630000000e+03 7.9633400000e+03 4.2000000000e+01 5.0000000000e+00
6.0000000000e+00 3.7300000000e+02 5.0150000000e+03 4.7699800000e+03 2.2000000000e+01 3.0000000000e+00
6.0000000000e+00 3.7400000000e+02 1.3279000000e+04 1.2713760000e+04 6.1000000000e+01 8.0000000000e+00
6.0000000000e+00 3.7500000000e+02 1.6701000000e+04 1.5888830000e+04 8.4000000000e+01 1.0000000000e+01
6.0000000000e+00 3.7600000000e+02 5.0300000000e+03 4.7592800000e+03 2.9000000000e+01 3.0000000000e+00
6.0000000000e+00 3.7700000000e+02 8.4330000000e+03 7.9465400000e+03 4.9000000000e+01 5.0000000000e+00
6.0000000000e+00 3.7800000000e+02 1.0090000000e+04 9.5465900000e+03 4.9000000000e+01 6.0000000000e+00
6.0000000000e+00 3.7900000000e+02 1.3264000000e+04 1.2723260000e+04 6.2000000000e+01 8.0000000000e+00
6.0000000000e+00 3.8000000000e+02 1.4991000000e+04 1.4322550000e+04 7.5000000000e+01 9.0000000000e+00
6.0000000000e+00 3.8100000000e+02 6.6800000000e+03 6.4019900000e+03 2.7000000000e+01 4.0000000000e+00
6.0000000000e+00 3.8200000000e+02 8.4010000000e+03 7.9485800000e+03 4.0000000000e+01 5.0000000000e+00
6.0000000000e+00 3.8300000000e+02 1.3314000000e+04 1.2741680000e+04 6.5000000000e+01 8.0000000000e+00
6.0000000000e+00 3.8400000000e+02 2.0003000000e+04 1.9048250000e+04 9.4000000000e+01 1.2000000000e+01
6.0000000000e+00 3.8500000000e+02 6.6510000000e+03 6.3596100000e+03 2.8000000000e+01 4.0000000000e+00
6.0000000000e+00 3.8600000000e+02 5.0300000000e+03 4.7671900000e+03 2.3000000000e+01 3.0000000000e+00
6.0000000000e+00 3.8700000000e+02 8.3830000000e+03 7.9732200000e+03 4.3000000000e+01 5.0000000000e+00
6.0000000000e+00 3.8800000000e+02 6.7590000000e+03 6.3600200000e+03 4.2000000000e+01 4.0000000000e+00
6.0000000000e+00 3.8900000000e+02 6.6650000000e+03 6.3585600000e+03 3.5000000000e+01 4.0000000000e+00
6.0000000000e+00 3.9000000000e+02 1.0165000000e+04 9.5471200000e+03 5.6000000000e+01 6.0000000000e+00
6.0000000000e+00 3.9100000000e+02 8.3080000000e+03 7.9209800000e+03 4.7000000000e+01 5.0000000000e+00
6.0000000000e+00 3.9200000000e+02 1.1566000000e+04 1.1100630000e+04 5.7000000000e+01 7.0000000000e+00
6.0000000000e+00 3.9300000000e+02 3.5276000000e+04 3.3366020000e+04 2.0200000000e+02 2.1000000000e+01
7.0000000000e+00 3.9400000000e+02 8.4661000000e+04 8.0931350000e+04 2.6900000000e+02 5.1000000000e+01
7.0000000000e+00 3.9500000000e+02 4.9690000000e+03 4.7547400000e+03 8.0000000000e+00 3.0000000000e+00
7.0000000000e+00 3.9600000000e+02 6.9470000000e+03 6.3943800000e+03 4.4000000000e+01 4.0000000000e+00
7.0000000000e+00 3.9700000000e+02 1.1831000000e+04 1.1136520000e+04 6.4000000000e+01 7.0000000000e+00
7.0000000000e+00 3.9800000000e+02 6.6170000000e+03 6.3514900000e+03 1.5000000000e+01 4.0000000000e+00
7.0000000000e+00 3.9900000000e+02 9.9030000000e+03 9.5343600000e+03 3.8000000000e+01 6.0000000000e+00
7.0000000000e+00 4.0000000000e+02 4.9710000000e+03 4.7551100000e+03 7.0000000000e+00 3.0000000000e+00
7.0000000000e+00 4.0100000000e+02 1.1726000000e+04 1.1113450000e+04 6.1000000000e+01 7.0000000000e+00
7.0000000000e+00 4.0200000000e+02 1.3263000000e+04 1.2719060000e+04 5.5000000000e+01 8.0000000000e+00
7.0000000000e+00 4.0300000000e+02 6.6420000000e+03 6.3478600000e+03 3.4000000000e+01 4.0000000000e+00
7.0000000000e+00 4.0400000000e+02 8.4370000000e+03 7.9600400000e+03 5.2000000000e+01 5.0000000000e+00
7.0000000000e+00 4.0500000000e+02 1.0055000000e+04 9.5363900000e+03 5.7000000000e+01 6.0000000000e+00
7.0000000000e+00 4.0600000000e+02 6.6020000000e+03 6.3522900000e+03 7.0000000000e+00 4.0000000000e+00
7.0000000000e+00 4.0700000000e+02 1.0038000000e+04 9.5088800000e+03 5.7000000000e+01 6.0000000000e+00
7.0000000000e+00 4.0800000000e+02 5.0110000000e+03 4.7790800000e+03 8.0000000000e+00 3.0000000000e+00
7.0000000000e+00 4.0900000000e+02 9.9780000000e+03 9.5569500000e+03 5.1000000000e+01 6.0000000000e+00
7.0000000000e+00 4.1000000000e+02 1.2045000000e+04 1.1436730000e+04 4.1000000000e+01 7.0000000000e+00
7.0000000000e+00 4.1100000000e+02 8.3960000000e+03 7.9120800000e+03 5.1000000000e+01 5.0000000000e+00
7.0000000000e+00 4.1200000000e+02 6.7700000000e+03 6.3605800000e+03 4.5000000000e+01 4.0000000000e+00
7.0000000000e+00 4.1300000000e+02 6.6410000000e+03 6.3440200000e+03 2.9000000000e+01 4.0000000000e+00
7.0000000000e+00 4.1400000000e+02 1.3301000000e+04 1.2724540000e+04 6.7000000000e+01 8.0000000000e+00
7.0000000000e+00 4.1500000000e+02 1.0039000000e+04 9.5349600000e+03 5.2000000000e+01 6.0000000000e+00
7.0000000000e+00 4.1600000000e+02 5.0090000000e+03 4.7611500000e+03 2.7000000000e+01 3.0000000000e+00
7.0000000000e+00 4.1700000000e+02 8.2720000000e+03 7.9333300000e+03 3.7000000000e+01 5.0000000000e+00
7.0000000000e+00 4.1800000000e+02 6.6640000000e+03 6.3462400000e+03 3.4000000000e+01 4.0000000000e+00
7.0000000000e+00 4.1900000000e+02 8.4050000000e+03 7.9332600000e+03 5.0000000000e+01 5.0000000000e+00
7.0000000000e+00 4.2000000000e+02 8.4110000000e+03 7.9485000000e+03 4.8000000000e+01 5.0000000000e+00
7.0000000000e+00 4.2100000000e+02 6.7220000000e+03 6.3521500000e+03 3.6000000000e+01 4.0000000000e+00
7.0000000000e+00 4.2200000000e+02 1.1891000000e+04 1.1118670000e+04 7.4000000000e+01 7.0000000000e+00
7.0000000000e+00 4.2300000000e+02 1.0049000000e+04 9.5350000000e+03 5.6000000000e+01 6.0000000000e+00
7.0000000000e+00 4.2400000000e+02 8.4010000000e+03 7.9446100000e+03 4.7000000000e+01 5.0000000000e+00
7.0000000000e+00 4.2500000000e+02 1.0101000000e+04 9.5383400000e+03 5.2000000000e+01 6.0000000000e+00
7.0000000000e+00 4.2600000000e+02 9.9270000000e+03 9.5339900000e+03 4.8000000000e+01 6.0000000000e+00
7.0000000000e+00 4.2700000000e+02 6.7020000000e+03 6.3618200000e+03 3.0000000000e+01 4.0000000000e+00
7.0000000000e+00 4.2800000000e+02 6.6320000000e+03 6.3472700000e+03 2.8000000000e+01 4.0000000000e+00
7.0000000000e+00 4.2900000000e+02 1.1754000000e+04 1.1132130000e+04 7.3000000000e+01 7.0000000000e+00
7.0000000000e+00 4.3000000000e+02 4.9990000000e+03 4.7724200000e+03 2.3000000000e+01 3.0000000000e+00
7.0000000000e+00 4.3100000000e+02 4.9600000000e+03 4.7509700000e+03 1.5000000000e+01 3.0000000000e+00
7.0000000000e+00 4.3200000000e+02 1.0065000000e+04 9.5656000000e+03 5.6000000000e+01 6.0000000000e+00
7.0000000000e+00 4.3300000000e+02 4.9840000000e+03 4.7693700000e+03 2.5000000000e+01 3.0000000000e+00
7.0000000000e+00 4.3400000000e+02 5.1490000000e+03 4.7815900000e+03 3.3000000000e+01 3.0000000000e+00
7.0000000000e+00 4.3500000000e+02 1.0091000000e+04 9.5313800000e+03 5.6000000000e+01 6.0000000000e+00
7.0000000000e+00 4.3600000000e+02 1.0020000000e+04 9.5330200000e+03 4.9000000000e+01 6.0000000000e+00
7.0000000000e+00 4.3700000000e+02 1.5321000000e+04 1.4289110000e+04 8.7000000000e+01 9.0000000000e+00
7.0000000000e+00 4.3800000000e+02 1.3653000000e+04 1.2712850000e+04 7.9000000000e+01 8.0000000000e+00
7.0000000000e+00 4.3900000000e+02 9.9840000000e+03 9.5088000000e+03 4.9000000000e+01 6.0000000000e+00
7.0000000000e+00 4.4000000000e+02 9.9190000000e+03 9.5423500000e+03 5.0000000000e+01 6.0000000000e+00
7.0000000000e+00 4.4100000000e+02 1.4944000000e+04 1.4291130000e+04 5.4000000000e+01 9.0000000000e+00
7.0000000000e+00 4.4200000000e+02 8.4330000000e+03 7.9443100000e+03 3.6000000000e+01 5.0000000000e+00
7.0000000000e+00 4.4300000000e+02 1.1611000000e+04 1.1130200000e+04 6.2000000000e+01 7.0000000000e+00
7.0000000000e+00 4.4400000000e+02 6.7430000000e+03 6.3511000000e+03 4.0000000000e+01 4.0000000000e+00
7.0000000000e+00 4.4500000000e+02 4.9940000000e+03 4.7705700000e+03 2.1000000000e+01 3.0000000000e+00
7.0000000000e+00 4.4600000000e+02 8.3510000000e+03 7.9482800000e+03 4.7000000000e+01 5.0000000000e+00
7.0000000000e+00 4.4700000000e+02 4.9950000000e+03 4.7721900000e+03 2.8000000000e+01 3.0000000000e+00
7.0000000000e+00 4.4800000000e+02 5.0320000000e+03 4.7793800000e+03 2.7000000000e+01 3.0000000000e+00
7.0000000000e+00 4.4900000000e+02 6.7170000000e+03 6.3615700000e+03 3.0000000000e+01 4.0000000000e+00
7.0000000000e+00 4.5000000000e+02 6.7220000000e+03 6.3556100000e+03 3.6000000000e+01 4.0000000000e+00
7.0000000000e+00 4.5100000000e+02 1.8241000000e+04 1.7481440000e+04 8.7000000000e+01 1.1000000000e+01
7.0000000000e+00 4.5200000000e+02 4.9940000000e+03 4.7795800000e+03 2.5000000000e+01 3.0000000000e+00
7.0000000000e+00 4.5300000000e+02 1.6956000000e+04 1.5881750000e+04 9.5000000000e+01 1.0000000000e+01
7.0000000000e+00 4.5400000000e+02 1.7460000000e+04 1.5946530000e+04 1.1300000000e+02 1.0000000000e+01
7.0000000000e+00 4.5500000000e+02 8.2450000000e+03 7.9337300000e+03 3.2000000000e+01 5.0000000000e+00
7.0000000000e+00 4.5600000000e+02 5.0000000000e+03 4.7611600000e+03 2.3000000000e+01 3.0000000000e+00
7.0000000000e+00 4.5700000000e+02 6.7230000000e+03 6.3532600000e+03 3.9000000000e+01 4.0000000000e+00
7.0000000000e+00 4.5800000000e+02 4.9390000000e+03 4.7566900000e+03 2.8000000000e+01 3.0000000000e+00
7.0000000000e+00 4.5900000000e+02 4.9750000000e+03 4.7625500000e+03 2.2000000000e+01 3.0000000000e+00
7.0000000000e+00 4.6000000000e+02 8.3520000000e+03 7.9589900000e+03 4.2000000000e+01 5.0000000000e+00
7.0000000000e+00 4.6100000000e+02 6.6450000000e+03 6.3692900000e+03 3.2000000000e+01 4.0000000000e+00
7.0000000000e+00 4.6200000000e+02 1.5106000000e+04 1.4285530000e+04 7.9000000000e+01 9.0000000000e+00
7.0000000000e+00 4.6300000000e+02 2.9068000000e+04 2.7017260000e+04 1.7700000000e+02 1.7000000000e+01
7.0000000000e+00 4.6400000000e+02 5.0180000000e+03 4.7606100000e+03 2.4000000000e+01 3.0000000000e+00
7.0000000000e+00 4.6500000000e+02 1.1885000000e+04 1.1120370000e+04 7.0000000000e+01 7.0000000000e+00
7.0000000000e+00 4.6600000000e+02 5.0080000000e+03 4.7690800000e+03 2.7000000000e+01 3.0000000000e+00
7.0000000000e+00 4.6700000000e+02 2.1746000000e+04 2.0665220000e+04 1.1700000000e+02 1.3000000000e+01
7.0000000000e+00 4.6800000000e+02 1.3297000000e+04 1.2687120000e+04 6.3000000000e+01 8.0000000000e+00
7.0000000000e+00 4.6900000000e+02 4.9540000000e+03 4.7401000000e+03 1.6000000000e+01 3.0000000000e+00
7.0000000000e+00 4.7000000000e+02 1.3327000000e+04 1.2684060000e+04 6.8000000000e+01 8.0000000000e+00
7.0000000000e+00 4.7100000000e+02 5.0960000000e+03 4.7642300000e+03 3.4000000000e+01 3.0000000000e+00
7.0000000000e+00 4.7200000000e+02 1.4887000000e+04 1.4277500000e+04 6.5000000000e+01 9.0000000000e+00
7.0000000000e+00 4.7300000000e+02 1.1607000000e+04 1.1118230000e+04 5.8000000000e+01 7.0000000000e+00
7.0000000000e+00 4.7400000000e+02 5.0010000000e+03 4.7551900000e+03 3.0000000000e+01 3.0000000000e+00
7.0000000000e+00 4.7500000000e+02 5.0160000000e+03 4.7646700000e+03 2.6000000000e+01 3.0000000000e+00
7.0000000000e+00 4.7600000000e+02 2.5154000000e+04 2.3813550000e+04 1.5000000000e+02 1.5000000000e+01
7.0000000000e+00 4.7700000000e+02 2.0217000000e+04 1.9037340000e+04 1.2500000000e+02 1.2000000000e+01
8.0000000000e+00 4.7800000000e+02 6.9510000000e+04 6.6571600000e+04 1.6600000000e+02 4.2000000000e+01
8.0000000000e+00 4.7900000000e+02 1.1644000000e+04 1.1119920000e+04 3.4000000000e+01 7.0000000000e+00
8.0000000000e+00 4.8000000000e+02 1.8543000000e+04 1.7499610000e+04 1.0100000000e+02 1.1000000000e+01
