0.0000000000e+00 0.0000000000e+00 4.3378000000e+04 4.1518920000e+04 8.1000000000e+01 2.6000000000e+01
0.0000000000e+00 1.0000000000e+00 6.6690000000e+03 6.3486100000e+03 1.0000000000e+01 4.0000000000e+00
0.0000000000e+00 2.0000000000e+00 4.9790000000e+03 4.7657300000e+03 1.3000000000e+01 3.0000000000e+00
0.0000000000e+00 3.0000000000e+00 8.4090000000e+03 8.0424800000e+03 1.7000000000e+01 5.0000000000e+00
0.0000000000e+00 4.0000000000e+00 1.3713000000e+04 1.3164190000e+04 2.5000000000e+01 8.0000000000e+00
0.0000000000e+00 5.0000000000e+00 8.3220000000e+03 7.9823500000e+03 1.2000000000e+01 5.0000000000e+00
0.0000000000e+00 6.0000000000e+00 8.3550000000e+03 7.9943100000e+03 1.2000000000e+01 5.0000000000e+00
0.0000000000e+00 7.0000000000e+00 7.8320000000e+03 6.8876800000e+03 1.8000000000e+01 4.0000000000e+00
0.0000000000e+00 8.0000000000e+00 4.9890000000e+03 4.7731300000e+03 1.1000000000e+01 3.0000000000e+00
0.0000000000e+00 9.0000000000e+00 1.5420000000e+04 1.4807120000e+04 2.9000000000e+01 9.0000000000e+00
0.0000000000e+00 1.0000000000e+01 3.3260000000e+03 3.1974800000e+03 6.0000000000e+00 2.0000000000e+00
0.0000000000e+00 1.1000000000e+01 1.0659000000e+04 1.0216070000e+04 2.0000000000e+01 6.0000000000e+00
0.0000000000e+00 1.2000000000e+01 6.6140000000e+03 6.3543300000e+03 1.2000000000e+01 4.0000000000e+00
0.0000000000e+00 1.3000000000e+01 5.4110000000e+03 5.2035700000e+03 9.0000000000e+00 3.0000000000e+00
0.0000000000e+00 1.4000000000e+01 3.3250000000e+03 3.1746100000e+03 8.0000000000e+00 2.0000000000e+00
0.0000000000e+00 1.5000000000e+01 5.0370000000e+03 4.7949800000e+03 1.0000000000e+01 3.0000000000e+00
0.0000000000e+00 1.6000000000e+01 6.6930000000e+03 6.4003700000e+03 1.1000000000e+01 4.0000000000e+00
0.0000000000e+00 1.7000000000e+01 8.3240000000e+03 7.9755900000e+03 2.2000000000e+01 5.0000000000e+00
1.0000000000e+00 1.8000000000e+01 3.3508000000e+04 3.1964730000e+04 6.7000000000e+01 2.0000000000e+01
1.0000000000e+00 1.9000000000e+01 8.3400000000e+03 7.9849800000e+03 1.5000000000e+01 5.0000000000e+00
1.0000000000e+00 2.0000000000e+01 8.3100000000e+03 7.9988400000e+03 1.0000000000e+01 5.0000000000e+00
1.0000000000e+00 2.1000000000e+01 9.9130000000e+03 9.5487900000e+03 2.4000000000e+01 6.0000000000e+00
1.0000000000e+00 2.2000000000e+01 4.9830000000e+03 4.7606100000e+03 1.0000000000e+01 3.0000000000e+00
1.0000000000e+00 2.3000000000e+01 8.8920000000e+03 8.5226000000e+03 2.2000000000e+01 5.0000000000e+00
1.0000000000e+00 2.4000000000e+01 4.9740000000e+03 4.7558000000e+03 1.6000000000e+01 3.0000000000e+00
1.0000000000e+00 2.5000000000e+01 1.0090000000e+04 9.7031100000e+03 1.9000000000e+01 6.0000000000e+00
1.0000000000e+00 2.6000000000e+01 4.9810000000e+03 4.7782800000e+03 1.3000000000e+01 3.0000000000e+00
1.0000000000e+00 2.7000000000e+01 1.3807000000e+04 1.3264270000e+04 3.5000000000e+01 8.0000000000e+00
1.0000000000e+00 2.8000000000e+01 1.6668000000e+04 1.6019850000e+04 2.5000000000e+01 1.0000000000e+01
1.0000000000e+00 2.9000000000e+01 1.3348000000e+04 1.2824990000e+04 2.1000000000e+01 8.0000000000e+00
1.0000000000e+00 3.0000000000e+01 6.6890000000e+03 6.3931400000e+03 1.2000000000e+01 4.0000000000e+00
1.0000000000e+00 3.1000000000e+01 3.3040000000e+03 3.1925500000e+03 6.0000000000e+00 2.0000000000e+00
1.0000000000e+00 3.2000000000e+01 4.9840000000e+03 4.8141400000e+03 1.0000000000e+01 3.0000000000e+00
