0.0000000000e+00 0.0000000000e+00 4.9260000000e+03 4.7888916667e+03 9.0000000000e+00 3.0000000000e+00
0.0000000000e+00 1.0000000000e+00 9.6231000000e+04 8.6764791667e+04 6.8800000000e+02 5.5000000000e+01
0.0000000000e+00 2.0000000000e+00 4.8870000000e+03 4.7392466667e+03 1.3000000000e+01 3.0000000000e+00
0.0000000000e+00 3.0000000000e+00 4.8670000000e+03 4.7387816667e+03 9.0000000000e+00 3.0000000000e+00
0.0000000000e+00 4.0000000000e+00 4.8820000000e+03 4.7412000000e+03 9.0000000000e+00 3.0000000000e+00
0.0000000000e+00 5.0000000000e+00 8.1520000000e+03 7.8759600000e+03 2.9000000000e+01 5.0000000000e+00
0.0000000000e+00 6.0000000000e+00 4.9020000000e+03 4.7423950000e+03 1.9000000000e+01 3.0000000000e+00
0.0000000000e+00 7.0000000000e+00 6.5520000000e+03 6.3802633333e+03 1.2000000000e+01 4.0000000000e+00
0.0000000000e+00 8.0000000000e+00 8.2510000000e+03 8.1863850000e+03 4.2000000000e+01 5.0000000000e+00
0.0000000000e+00 9.0000000000e+00 4.8820000000e+03 4.7314550000e+03 2.0000000000e+01 3.0000000000e+00
0.0000000000e+00 1.0000000000e+01 7.6599000000e+04 6.9387535000e+04 5.2700000000e+02 4.4000000000e+01
0.0000000000e+00 1.1000000000e+01 7.6152000000e+04 6.7862368333e+04 5.6800000000e+02 4.3000000000e+01
0.0000000000e+00 1.2000000000e+01 4.8800000000e+03 4.7859316667e+03 1.0000000000e+01 3.0000000000e+00
0.0000000000e+00 1.3000000000e+01 4.8920000000e+03 4.8584183333e+03 3.0000000000e+00 3.0000000000e+00
