1.0000000000e+00 0.0000000000e+00 2.7787000000e+04 2.5342850000e+04 1.5900000000e+02 1.6000000000e+01 1.0680000000e+03 2.8291430916e+01 4.0400000000e+02 1.6429172880e+01 1.5000000000e+01 2.6000000000e+01
1.0000000000e+00 1.0000000000e+00 1.2136000000e+04 1.1073460000e+04 7.1000000000e+01 7.0000000000e+00 5.9500000000e+02 2.1740350897e+01 7.7600000000e+02 3.4391651811e+01 1.5000000000e+01 1.1000000000e+01
2.0000000000e+00 2.0000000000e+00 7.0340000000e+03 6.3279700000e+03 3.6000000000e+01 4.0000000000e+00 5.8700000000e+02 2.7868569085e+01 3.9900000000e+02 2.0960507082e+01 7.0000000000e+00 7.0000000000e+00
3.0000000000e+00 3.0000000000e+00 1.5654000000e+04 1.4246060000e+04 8.9000000000e+01 9.0000000000e+00 4.1200000000e+02 2.5280472162e+01 7.7300000000e+02 3.2446284281e+01 1.5000000000e+01 1.5000000000e+01
3.0000000000e+00 4.0000000000e+00 4.7879000000e+05 4.0736219000e+05 2.9920000000e+03 2.5700000000e+02 8.7100000000e+02 3.8754868332e+01 1.6160000000e+03 6.7141056225e+01 6.7000000000e+01 2.3100000000e+02
4.0000000000e+00 5.0000000000e+00 1.2364000000e+04 1.1101950000e+04 6.4000000000e+01 7.0000000000e+00 5.8000000000e+02 3.3916798292e+01 6.0200000000e+02 2.0280180332e+01 1.0000000000e+01 1.1000000000e+01
4.0000000000e+00 6.0000000000e+00 1.2130000000e+04 1.1103550000e+04 7.2000000000e+01 7.0000000000e+00 1.3090000000e+03 4.3912525083e+01 1.4420000000e+03 5.1071339224e+01 1.1000000000e+01 1.1000000000e+01
5.0000000000e+00 7.0000000000e+00 6.7500000000e+03 6.3351500000e+03 3.2000000000e+01 4.0000000000e+00 3.8300000000e+02 2.3958970305e+01 7.6100000000e+02 3.0720908085e+01 7.0000000000e+00 1.1000000000e+01
7.0000000000e+00 8.0000000000e+00 1.0333000000e+04 9.4865600000e+03 5.6000000000e+01 6.0000000000e+00 1.4680000000e+03 4.0785246887e+01 1.2300000000e+03 2.8666737139e+01 1.1000000000e+01 1.5000000000e+01
7.0000000000e+00 9.0000000000e+00 8.6570000000e+03 7.9060700000e+03 5.2000000000e+01 5.0000000000e+00 1.5620000000e+03 4.7768436539e+01 1.2380000000e+03 4.5210184520e+01 1.5000000000e+01 7.0000000000e+00
7.0000000000e+00 1.0000000000e+01 1.2042000000e+04 1.1078330000e+04 6.1000000000e+01 7.0000000000e+00 9.0900000000e+02 2.7543299246e+01 1.3900000000e+03 3.2771684933e+01 1.9000000000e+01 1.1000000000e+01
7.0000000000e+00 1.1000000000e+01 7.1030000000e+03 6.3439800000e+03 4.3000000000e+01 4.0000000000e+00 8.9000000000e+02 2.2783661648e+01 1.4640000000e+03 4.1803109932e+01 1.1000000000e+01 7.0000000000e+00
7.0000000000e+00 1.2000000000e+01 6.9250000000e+03 6.3312200000e+03 4.8000000000e+01 4.0000000000e+00 7.5400000000e+02 2.6202566059e+01 1.6240000000e+03 3.3322409558e+01 1.1000000000e+01 7.0000000000e+00
8.0000000000e+00 1.3000000000e+01 6.8530000000e+03 6.3245400000e+03 3.7000000000e+01 4.0000000000e+00 1.0240000000e+03 3.7765725202e+01 6.5800000000e+02 6.6853903734e+00 7.0000000000e+00 1.0000000000e+01
8.0000000000e+00 1.4000000000e+01 6.8950000000e+03 6.3269500000e+03 3.9000000000e+01 4.0000000000e+00 7.3900000000e+02 3.2489269484e+01 9.3500000000e+02 2.9839923804e+01 7.0000000000e+00 7.0000000000e+00
9.0000000000e+00 1.5000000000e+01 8.7840000000e+03 7.9222400000e+03 4.9000000000e+01 5.0000000000e+00 6.2100000000e+02 3.2294220329e+01 7.3700000000e+02 3.0972770299e+01 1.1000000000e+01 1.1000000000e+01
9.0000000000e+00 1.6000000000e+01 1.4166000000e+04 1.2683210000e+04 9.0000000000e+01 8.0000000000e+00 1.2650000000e+03 4.9426713425e+01 8.9500000000e+02 3.0481344451e+01 1.9000000000e+01 2.3000000000e+01
9.0000000000e+00 1.7000000000e+01 1.3952000000e+04 1.2655500000e+04 7.5000000000e+01 8.0000000000e+00 1.2350000000e+03 3.7920970452e+01 8.9600000000e+02 3.4228958816e+01 2.3000000000e+01 1.1000000000e+01
9.0000000000e+00 1.8000000000e+01 1.0468000000e+04 9.5115200000e+03 5.7000000000e+01 6.0000000000e+00 1.1140000000e+03 1.9153981309e+01 9.5000000000e+02 3.5095278478e+01 1.1000000000e+01 1.1000000000e+01
9.0000000000e+00 1.9000000000e+01 1.5671000000e+04 1.4255630000e+04 8.7000000000e+01 9.0000000000e+00 7.5600000000e+02 1.2862872477e+01 1.3590000000e+03 4.2644964805e+01 1.1000000000e+01 1.5000000000e+01
9.0000000000e+00 2.0000000000e+01 2.7601000000e+04 2.5316960000e+04 1.4400000000e+02 1.6000000000e+01 8.3500000000e+02 2.6308285275e+01 1.6340000000e+03 2.5832434754e+01 2.7000000000e+01 1.9000000000e+01
9.0000000000e+00 2.1000000000e+01 1.0381000000e+04 9.5022500000e+03 5.3000000000e+01 6.0000000000e+00 7.7800000000e+02 2.6949382753e+01 1.6340000000e+03 2.9821907280e+01 1.1000000000e+01 1.1000000000e+01
1.0000000000e+01 2.2000000000e+01 6.9020000000e+03 6.3411500000e+03 4.1000000000e+01 4.0000000000e+00 1.0830000000e+03 3.2156259111e+01 1.0390000000e+03 2.7071202411e+01 7.0000000000e+00 7.0000000000e+00
1.1000000000e+01 2.3000000000e+01 1.2151000000e+04 1.1094570000e+04 6.2000000000e+01 7.0000000000e+00 5.4900000000e+02 2.0572542580e+01 5.7400000000e+02 3.0428093145e+01 1.1000000000e+01 1.5000000000e+01
1.1000000000e+01 2.4000000000e+01 1.9161000000e+04 1.7439850000e+04 1.0700000000e+02 1.1000000000e+01 1.0420000000e+03 2.6581664840e+01 1.1550000000e+03 3.2662366551e+01 1.9000000000e+01 1.5000000000e+01
1.2000000000e+01 2.5000000000e+01 6.9530000000e+03 6.3353200000e+03 3.5000000000e+01 4.0000000000e+00 1.1660000000e+03 4.2291008640e+01 2.7700000000e+02 2.2618966534e+01 7.0000000000e+00 9.0000000000e+00
1.2000000000e+01 2.6000000000e+01 6.8970000000e+03 6.3305700000e+03 3.3000000000e+01 4.0000000000e+00 9.5900000000e+02 8.0136602124e+00 1.1850000000e+03 4.3994317815e+01 7.0000000000e+00 1.1000000000e+01
1.2000000000e+01 2.7000000000e+01 1.3515300000e+05 1.1410977000e+05 7.2900000000e+02 7.2000000000e+01 9.7200000000e+02 3.2471204488e+01 1.4800000000e+03 5.7289965176e+01 9.5000000000e+01 1.0700000000e+02
1.4000000000e+01 2.8000000000e+01 6.9240000000e+03 6.3326000000e+03 4.1000000000e+01 4.0000000000e+00 6.5700000000e+02 2.7688896692e+01 8.3200000000e+02 3.4194297770e+01 1.1000000000e+01 7.0000000000e+00
1.4000000000e+01 2.9000000000e+01 2.7467000000e+04 2.3767550000e+04 1.6500000000e+02 1.5000000000e+01 7.1900000000e+02 2.4025139273e+01 9.4600000000e+02 1.8773034631e+01 1.5000000000e+01 2.3000000000e+01
1.4000000000e+01 3.0000000000e+01 3.1756000000e+04 2.8497920000e+04 1.8100000000e+02 1.8000000000e+01 6.8700000000e+02 2.6155305389e+01 1.0860000000e+03 2.8787053417e+01 2.7000000000e+01 1.9000000000e+01
1.5000000000e+01 3.1000000000e+01 1.3885000000e+04 1.2654070000e+04 7.7000000000e+01 8.0000000000e+00 6.6500000000e+02 2.9348182047e+01 7.4500000000e+02 2.9531428397e+01 1.9000000000e+01 1.1000000000e+01
1.6000000000e+01 3.2000000000e+01 8.8400000000e+03 7.9112900000e+03 5.6000000000e+01 5.0000000000e+00 4.6200000000e+02 2.5813667979e+01 6.4700000000e+02 3.1521998091e+01 1.1000000000e+01 7.0000000000e+00
1.6000000000e+01 3.3000000000e+01 8.6320000000e+03 7.9056300000e+03 5.2000000000e+01 5.0000000000e+00 3.7600000000e+02 2.6511928503e+01 7.0700000000e+02 3.0342812568e+01 1.1000000000e+01 7.0000000000e+00
1.6000000000e+01 3.4000000000e+01 6.8680000000e+03 6.3393100000e+03 4.0000000000e+01 4.0000000000e+00 8.8300000000e+02 3.1640610063e+01 1.1110000000e+03 3.5482028676e+01 7.0000000000e+00 7.0000000000e+00
1.7000000000e+01 3.5000000000e+01 1.0537000000e+04 9.4988100000e+03 6.6000000000e+01 6.0000000000e+00 1.0160000000e+03 4.1948319853e+01 1.3340000000e+03 2.3302360395e+01 1.1000000000e+01 1.1000000000e+01
1.9000000000e+01 3.6000000000e+01 1.2253000000e+04 1.1109370000e+04 7.2000000000e+01 7.0000000000e+00 5.3800000000e+02 2.6959280719e+01 7.7500000000e+02 2.3928885250e+01 1.5000000000e+01 7.0000000000e+00
1.9000000000e+01 3.7000000000e+01 1.0479000000e+04 9.5093300000e+03 5.3000000000e+01 6.0000000000e+00 1.1600000000e+03 2.9255177057e+01 1.2290000000e+03 2.5299361500e+01 1.1000000000e+01 1.9000000000e+01
1.9000000000e+01 3.8000000000e+01 1.7660000000e+04 1.5824970000e+04 1.0900000000e+02 1.0000000000e+01 1.2440000000e+03 4.6693246399e+01 1.3020000000e+03 4.1609405098e+01 1.5000000000e+01 1.5000000000e+01
2.0000000000e+01 3.9000000000e+01 7.0270000000e+03 6.3522400000e+03 3.8000000000e+01 4.0000000000e+00 8.2900000000e+02 3.4291280115e+01 9.6600000000e+02 2.5111642610e+01 1.1000000000e+01 7.0000000000e+00
2.0000000000e+01 4.0000000000e+01 8.7510000000e+03 7.9164400000e+03 5.1000000000e+01 5.0000000000e+00 9.3300000000e+02 2.7640549922e+00 1.0770000000e+03 4.1072862087e+01 1.1000000000e+01 1.1000000000e+01
2.0000000000e+01 4.1000000000e+01 1.0521000000e+04 9.5192500000e+03 5.4000000000e+01 6.0000000000e+00 5.5300000000e+02 2.7472112790e+00 1.0880000000e+03 3.6947949109e+01 1.1000000000e+01 1.1000000000e+01
2.0000000000e+01 4.2000000000e+01 1.2081000000e+04 1.1071750000e+04 6.2000000000e+01 7.0000000000e+00 5.7100000000e+02 7.6992654536e+00 1.1740000000e+03 3.5789686215e+01 1.5000000000e+01 1.1000000000e+01
2.1000000000e+01 4.3000000000e+01 1.7286000000e+04 1.5811700000e+04 9.8000000000e+01 1.0000000000e+01 1.0210000000e+03 3.5043566405e+01 8.4500000000e+02 2.6974787770e+01 2.7000000000e+01 2.3000000000e+01
2.1000000000e+01 4.4000000000e+01 6.9230000000e+03 6.3298000000e+03 3.4000000000e+01 4.0000000000e+00 1.0470000000e+03 4.1702045586e+01 8.4100000000e+02 3.4407099338e+01 1.5000000000e+01 1.1000000000e+01
2.1000000000e+01 4.5000000000e+01 7.0150000000e+03 6.3498900000e+03 4.4000000000e+01 4.0000000000e+00 4.5300000000e+02 1.6112973251e+01 1.1890000000e+03 2.9902943777e+01 1.1000000000e+01 1.1000000000e+01
2.1000000000e+01 4.6000000000e+01 1.7567000000e+04 1.5822800000e+04 1.0600000000e+02 1.0000000000e+01 4.2700000000e+02 8.4554856806e+00 1.3270000000e+03 3.0327733654e+01 2.3000000000e+01 1.5000000000e+01
2.1000000000e+01 4.7000000000e+01 8.5650000000e+03 7.9068200000e+03 4.4000000000e+01 5.0000000000e+00 4.5400000000e+02 1.9198473777e+01 1.3430000000e+03 1.7804493815e+01 1.0000000000e+01 7.0000000000e+00
2.1000000000e+01 4.8000000000e+01 2.0912000000e+04 1.9011590000e+04 1.1600000000e+02 1.2000000000e+01 1.0910000000e+03 2.3285748581e+01 1.4940000000e+03 5.1462945724e+01 1.5000000000e+01 2.7000000000e+01
2.2000000000e+01 4.9000000000e+01 6.8470000000e+03 6.3292900000e+03 3.9000000000e+01 4.0000000000e+00 1.0940000000e+03 2.8465121779e+01 7.0900000000e+02 2.8786875665e+01 7.0000000000e+00 1.1000000000e+01
2.3000000000e+01 5.0000000000e+01 8.6820000000e+03 7.9118700000e+03 5.6000000000e+01 5.0000000000e+00 9.6300000000e+02 3.5087682376e+01 5.8100000000e+02 2.5613916672e+01 7.0000000000e+00 1.5000000000e+01
2.3000000000e+01 5.1000000000e+01 6.9460000000e+03 6.3223300000e+03 4.0000000000e+01 4.0000000000e+00 1.1620000000e+03 2.5662004239e+01 8.3500000000e+02 4.1001876130e+01 7.0000000000e+00 1.1000000000e+01
2.3000000000e+01 5.2000000000e+01 2.1062000000e+04 1.9049960000e+04 1.1300000000e+02 1.2000000000e+01 9.1200000000e+02 3.2987551765e+01 1.0740000000e+03 3.8691430391e+01 1.5000000000e+01 1.9000000000e+01
2.3000000000e+01 5.3000000000e+01 1.0551000000e+04 9.5020600000e+03 6.3000000000e+01 6.0000000000e+00 9.2800000000e+02 4.2132088759e+01 1.0910000000e+03 3.5299410577e+01 1.1000000000e+01 1.5000000000e+01
2.6000000000e+01 5.4000000000e+01 1.0501000000e+04 9.4947300000e+03 5.8000000000e+01 6.0000000000e+00 9.9100000000e+02 4.1846838527e+01 4.9400000000e+02 2.5578568332e+01 1.5000000000e+01 1.1000000000e+01
2.6000000000e+01 5.5000000000e+01 1.0335000000e+04 9.4827100000e+03 5.6000000000e+01 6.0000000000e+00 8.1700000000e+02 3.9293534051e+01 5.8800000000e+02 3.2987600976e+01 1.9000000000e+01 1.5000000000e+01
2.6000000000e+01 5.6000000000e+01 2.4876000000e+04 2.2162660000e+04 1.4600000000e+02 1.4000000000e+01 9.7200000000e+02 1.5327010190e+01 6.2100000000e+02 1.8064062246e+01 2.3000000000e+01 1.1000000000e+01
2.6000000000e+01 5.7000000000e+01 2.5474000000e+04 2.2213350000e+04 1.5600000000e+02 1.4000000000e+01 5.6900000000e+02 3.3585711247e+01 8.4100000000e+02 3.7709329726e+01 1.9000000000e+01 1.9000000000e+01
2.6000000000e+01 5.8000000000e+01 2.1660000000e+04 1.8984170000e+04 1.3000000000e+02 1.2000000000e+01 1.1580000000e+03 3.7360074863e+01 8.5600000000e+02 2.3104246397e+01 1.5000000000e+01 1.5000000000e+01
2.8000000000e+01 5.9000000000e+01 6.8550000000e+03 6.3492800000e+03 3.0000000000e+01 4.0000000000e+00 6.7800000000e+02 2.7551832031e+01 7.6300000000e+02 3.0862319398e+01 1.1000000000e+01 7.0000000000e+00
2.8000000000e+01 6.0000000000e+01 1.2071000000e+04 1.1114080000e+04 6.7000000000e+01 7.0000000000e+00 1.2620000000e+03 3.1651511525e+01 1.3240000000e+03 5.0828588949e+01 1.1000000000e+01 1.5000000000e+01
3.0000000000e+01 6.1000000000e+01 7.0010000000e+03 6.3177800000e+03 3.5000000000e+01 4.0000000000e+00 9.6100000000e+02 1.8615300475e+01 1.0910000000e+03 3.2123841247e+01 1.1000000000e+01 7.0000000000e+00
3.0000000000e+01 6.2000000000e+01 1.2168000000e+04 1.1090650000e+04 7.0000000000e+01 7.0000000000e+00 9.4300000000e+02 2.2450589870e+01 1.5400000000e+03 3.4838551027e+01 1.4000000000e+01 1.1000000000e+01
3.1000000000e+01 6.3000000000e+01 6.8810000000e+03 6.3391700000e+03 3.8000000000e+01 4.0000000000e+00 1.1440000000e+03 2.6165275111e+01 5.4900000000e+02 2.7912023952e+01 7.0000000000e+00 1.0000000000e+01
3.1000000000e+01 6.4000000000e+01 1.0476000000e+04 9.4902800000e+03 5.2000000000e+01 6.0000000000e+00 6.0900000000e+02 3.5162647294e+01 7.9400000000e+02 2.5090424703e+01 1.5000000000e+01 1.1000000000e+01
3.2000000000e+01 6.5000000000e+01 6.8820000000e+03 6.3291400000e+03 3.6000000000e+01 4.0000000000e+00 8.8500000000e+02 2.0320292461e+01 6.1100000000e+02 3.5026112708e+01 1.1000000000e+01 7.0000000000e+00
3.2000000000e+01 6.6000000000e+01 1.0389000000e+04 9.4991700000e+03 5.3000000000e+01 6.0000000000e+00 1.1740000000e+03 4.8196512801e+01 8.2200000000e+02 2.7693376048e+01 1.5000000000e+01 1.1000000000e+01
3.2000000000e+01 6.7000000000e+01 7.3880000000e+03 6.3555100000e+03 4.0000000000e+01 4.0000000000e+00 8.5200000000e+02 4.0311924812e+01 1.0470000000e+03 3.2856330616e+01 1.0000000000e+01 7.0000000000e+00
3.3000000000e+01 6.8000000000e+01 6.9320000000e+03 6.3302200000e+03 3.7000000000e+01 4.0000000000e+00 1.2590000000e+03 4.7418936677e+01 5.4600000000e+02 3.3115119071e+01 1.1000000000e+01 7.0000000000e+00
3.3000000000e+01 6.9000000000e+01 8.4930000000e+03 7.9197000000e+03 3.6000000000e+01 5.0000000000e+00 1.2250000000e+03 4.8177350932e+01 1.1150000000e+03 4.4566162693e+01 1.1000000000e+01 1.0000000000e+01
3.3000000000e+01 7.0000000000e+01 1.0545000000e+04 9.5014100000e+03 6.5000000000e+01 6.0000000000e+00 1.0000000000e+03 4.4829886794e+01 1.2400000000e+03 4.2351210136e+01 1.1000000000e+01 1.1000000000e+01
3.3000000000e+01 7.1000000000e+01 6.8970000000e+03 6.3289500000e+03 3.5000000000e+01 4.0000000000e+00 1.0020000000e+03 3.0763806083e+01 1.2750000000e+03 2.9107811767e+01 7.0000000000e+00 1.5000000000e+01
3.4000000000e+01 7.2000000000e+01 6.8360000000e+03 6.3448200000e+03 2.9000000000e+01 4.0000000000e+00 6.5300000000e+02 2.4809992227e+01 1.1750000000e+03 3.8947767220e+01 1.1000000000e+01 7.0000000000e+00
3.6000000000e+01 7.3000000000e+01 8.7540000000e+03 7.9179800000e+03 5.3000000000e+01 5.0000000000e+00 6.7500000000e+02 3.5011811194e+01 1.2440000000e+03 3.7370031185e+01 7.0000000000e+00 1.1000000000e+01
3.8000000000e+01 7.4000000000e+01 6.9900000000e+03 6.3371700000e+03 4.1000000000e+01 4.0000000000e+00 3.4600000000e+02 2.0892582416e+01 5.0300000000e+02 7.8198465458e+00 1.5000000000e+01 1.1000000000e+01
3.8000000000e+01 7.5000000000e+01 6.9610000000e+03 6.3481200000e+03 3.8000000000e+01 4.0000000000e+00 9.1000000000e+02 3.5141028612e+01 6.8300000000e+02 3.4153469216e+01 7.0000000000e+00 1.5000000000e+01
3.8000000000e+01 7.6000000000e+01 1.0564000000e+04 9.4937300000e+03 6.2000000000e+01 6.0000000000e+00 1.0950000000e+03 2.2512655821e+01 1.4450000000e+03 3.6571510904e+01 7.0000000000e+00 1.1000000000e+01
3.8000000000e+01 7.7000000000e+01 1.0464000000e+04 9.4989300000e+03 6.2000000000e+01 6.0000000000e+00 1.0600000000e+03 2.9009325804e+01 1.4970000000e+03 4.8663784629e+01 1.1000000000e+01 1.1000000000e+01
3.9000000000e+01 7.8000000000e+01 1.0464000000e+04 9.5007200000e+03 6.2000000000e+01 6.0000000000e+00 1.0500000000e+03 2.2901428118e+01 9.9900000000e+02 4.2171002391e+01 1.1000000000e+01 1.1000000000e+01
4.0000000000e+01 7.9000000000e+01 1.9409000000e+04 1.7445690000e+04 1.1700000000e+02 1.1000000000e+01 9.8300000000e+02 4.1259377200e+01 1.5140000000e+03 4.9359256547e+01 2.7000000000e+01 1.1000000000e+01
4.0000000000e+01 8.0000000000e+01 8.5610000000e+03 7.9322200000e+03 5.0000000000e+01 5.0000000000e+00 1.2640000000e+03 3.1504129953e+01 1.5330000000e+03 2.9706729809e+01 1.1000000000e+01 1.1000000000e+01
4.1000000000e+01 8.1000000000e+01 1.3955000000e+04 1.2658980000e+04 7.9000000000e+01 8.0000000000e+00 6.2400000000e+02 2.5895004963e+01 5.4900000000e+02 2.7977325984e+01 1.5000000000e+01 1.1000000000e+01
4.1000000000e+01 8.2000000000e+01 6.8890000000e+03 6.3312300000e+03 3.1000000000e+01 4.0000000000e+00 8.8500000000e+02 1.7361835540e+01 9.8300000000e+02 3.7157771731e+01 1.0000000000e+01 7.0000000000e+00
4.1000000000e+01 8.3000000000e+01 1.0644000000e+04 9.5154400000e+03 6.6000000000e+01 6.0000000000e+00 8.8200000000e+02 3.0968718709e+01 1.0960000000e+03 4.3546615165e+01 1.1000000000e+01 1.1000000000e+01
4.2000000000e+01 8.4000000000e+01 1.0356000000e+04 9.4886100000e+03 5.3000000000e+01 6.0000000000e+00 1.0650000000e+03 4.3062789577e+01 3.5400000000e+02 2.3556805321e+01 1.1000000000e+01 1.1000000000e+01
4.3000000000e+01 8.5000000000e+01 1.9496000000e+04 1.7448640000e+04 1.2300000000e+02 1.1000000000e+01 5.7800000000e+02 1.6207162958e+01 9.4600000000e+02 1.7163629102e+01 1.5000000000e+01 1.5000000000e+01
4.3000000000e+01 8.6000000000e+01 1.0408000000e+04 9.5191400000e+03 6.1000000000e+01 6.0000000000e+00 5.6600000000e+02 1.7060187572e+01 9.7300000000e+02 4.2357014374e+01 1.1000000000e+01 1.1000000000e+01
4.4000000000e+01 8.7000000000e+01 6.9200000000e+03 6.3261400000e+03 3.6000000000e+01 4.0000000000e+00 9.7400000000e+02 3.1720205368e+01 5.6900000000e+02 2.9795013964e+01 7.0000000000e+00 1.1000000000e+01
4.4000000000e+01 8.8000000000e+01 6.9050000000e+03 6.3274600000e+03 3.2000000000e+01 4.0000000000e+00 7.0400000000e+02 1.5222012923e+01 6.5900000000e+02 3.5237901149e+01 7.0000000000e+00 1.0000000000e+01
4.4000000000e+01 8.9000000000e+01 1.0533000000e+04 9.5036400000e+03 6.7000000000e+01 6.0000000000e+00 1.7270000000e+03 4.0993717183e+01 1.0050000000e+03 1.1529934689e+01 7.0000000000e+00 1.1000000000e+01
4.4000000000e+01 9.0000000000e+01 4.3461000000e+04 3.9533450000e+04 2.4600000000e+02 2.5000000000e+01 9.3300000000e+02 2.6001098878e+01 1.1960000000e+03 3.0376346867e+01 2.3000000000e+01 4.3000000000e+01
4.5000000000e+01 9.1000000000e+01 1.0423000000e+04 9.5064600000e+03 5.4000000000e+01 6.0000000000e+00 8.9100000000e+02 2.8492302833e+01 7.9300000000e+02 2.8592451834e+01 7.0000000000e+00 1.1000000000e+01
4.5000000000e+01 9.2000000000e+01 6.9150000000e+03 6.3389300000e+03 3.6000000000e+01 4.0000000000e+00 9.6700000000e+02 3.4133770459e+01 9.7400000000e+02 4.3572599516e+01 7.0000000000e+00 7.0000000000e+00
4.5000000000e+01 9.3000000000e+01 1.2140000000e+04 1.1080210000e+04 6.5000000000e+01 7.0000000000e+00 1.5480000000e+03 3.9481799604e+01 1.3490000000e+03 1.7475429179e+01 1.1000000000e+01 1.1000000000e+01
4.6000000000e+01 9.4000000000e+01 1.4029000000e+04 1.2682150000e+04 8.2000000000e+01 8.0000000000e+00 1.0250000000e+03 2.6360979393e+01 3.5300000000e+02 1.5611407668e+01 1.1000000000e+01 1.1000000000e+01
4.6000000000e+01 9.5000000000e+01 8.5920000000e+03 7.9061200000e+03 4.6000000000e+01 5.0000000000e+00 1.3920000000e+03 3.5310055225e+01 1.1460000000e+03 3.7889898976e+01 1.1000000000e+01 1.1000000000e+01
4.6000000000e+01 9.6000000000e+01 8.5600000000e+03 7.8965700000e+03 4.5000000000e+01 5.0000000000e+00 1.3260000000e+03 1.5822883314e+01 1.1720000000e+03 1.4746340070e+01 1.1000000000e+01 7.0000000000e+00
4.8000000000e+01 9.7000000000e+01 6.8400000000e+03 6.3125500000e+03 3.7000000000e+01 4.0000000000e+00 6.3200000000e+02 2.9092763514e+01 4.7700000000e+02 2.6395496249e+01 6.0000000000e+00 1.1000000000e+01
4.8000000000e+01 9.8000000000e+01 2.1277000000e+04 1.9000510000e+04 1.3400000000e+02 1.2000000000e+01 8.5100000000e+02 2.1845665078e+01 7.9500000000e+02 2.4018320075e+01 1.5000000000e+01 1.5000000000e+01
4.8000000000e+01 9.9000000000e+01 1.9249000000e+04 1.7419020000e+04 1.0800000000e+02 1.1000000000e+01 8.8200000000e+02 2.3331019022e+01 8.3700000000e+02 3.6182042326e+01 1.5000000000e+01 1.9000000000e+01
4.8000000000e+01 1.0000000000e+02 1.3763000000e+04 1.2655670000e+04 6.6000000000e+01 8.0000000000e+00 6.6000000000e+02 1.0859239242e+01 1.0080000000e+03 1.1467680337e+01 1.5000000000e+01 1.0000000000e+01
4.8000000000e+01 1.0100000000e+02 1.0563000000e+04 9.4963700000e+03 5.8000000000e+01 6.0000000000e+00 1.5610000000e+03 5.4502534948e+01 1.0670000000e+03 3.5745199653e+01 1.1000000000e+01 7.0000000000e+00
4.9000000000e+01 1.0200000000e+02 8.5720000000e+03 7.9318300000e+03 4.2000000000e+01 5.0000000000e+00 8.0600000000e+02 4.0228311836e+01 1.2910000000e+03 2.4180722013e+01 7.0000000000e+00 1.5000000000e+01
4.9000000000e+01 1.0300000000e+02 6.9590000000e+03 6.3352600000e+03 3.9000000000e+01 4.0000000000e+00 7.8600000000e+02 3.2364291564e+01 1.3120000000e+03 4.2428887875e+01 1.1000000000e+01 7.0000000000e+00
5.0000000000e+01 1.0400000000e+02 8.6590000000e+03 7.9102000000e+03 5.1000000000e+01 5.0000000000e+00 9.9000000000e+02 1.8051038751e+01 9.3300000000e+02 3.2433316204e+01 1.1000000000e+01 1.1000000000e+01
5.1000000000e+01 1.0500000000e+02 6.9590000000e+03 6.3396500000e+03 4.1000000000e+01 4.0000000000e+00 1.0400000000e+03 3.6113363178e+01 1.3600000000e+03 5.1631143702e+01 7.0000000000e+00 1.1000000000e+01
5.2000000000e+01 1.0600000000e+02 6.9800000000e+03 6.3238200000e+03 3.8000000000e+01 4.0000000000e+00 1.6220000000e+03 3.8663831831e+01 7.3300000000e+02 2.2832527769e+01 7.0000000000e+00 1.0000000000e+01
5.2000000000e+01 1.0700000000e+02 8.7770000000e+03 7.9194900000e+03 5.6000000000e+01 5.0000000000e+00 8.8400000000e+02 2.9066068940e+01 1.3390000000e+03 1.5753210351e+01 1.1000000000e+01 7.0000000000e+00
5.4000000000e+01 1.0800000000e+02 6.8580000000e+03 6.3258100000e+03 3.7000000000e+01 4.0000000000e+00 1.2510000000e+03 3.2366392035e+01 8.8700000000e+02 3.7889825665e+01 7.0000000000e+00 7.0000000000e+00
5.4000000000e+01 1.0900000000e+02 8.6220000000e+03 7.9237500000e+03 4.6000000000e+01 5.0000000000e+00 6.3400000000e+02 2.5675323216e+01 1.1200000000e+03 7.4251823771e+00 1.1000000000e+01 7.0000000000e+00
5.4000000000e+01 1.1000000000e+02 6.9710000000e+03 6.3336700000e+03 4.3000000000e+01 4.0000000000e+00 1.2530000000e+03 4.9558286991e+01 1.2710000000e+03 4.7389219188e+01 1.1000000000e+01 7.0000000000e+00
5.6000000000e+01 1.1100000000e+02 6.9060000000e+03 6.3264200000e+03 3.9000000000e+01 4.0000000000e+00 7.1100000000e+02 3.3022719452e+01 7.4700000000e+02 2.5185626644e+01 7.0000000000e+00 7.0000000000e+00
5.7000000000e+01 1.1200000000e+02 8.7750000000e+03 7.9300300000e+03 5.2000000000e+01 5.0000000000e+00 1.4760000000e+03 5.1122498021e+01 6.2600000000e+02 3.0223675955e+01 1.1000000000e+01 7.0000000000e+00
5.8000000000e+01 1.1300000000e+02 1.2343000000e+04 1.1088280000e+04 7.1000000000e+01 7.0000000000e+00 8.5700000000e+02 3.2971849465e+01 5.1400000000e+02 3.0147020701e+01 1.1000000000e+01 1.5000000000e+01
5.9000000000e+01 1.1400000000e+02 7.0060000000e+03 6.3489000000e+03 4.5000000000e+01 4.0000000000e+00 1.3310000000e+03 3.8961227813e+01 7.0500000000e+02 2.7871458193e+01 7.0000000000e+00 1.1000000000e+01
5.9000000000e+01 1.1500000000e+02 1.0319000000e+04 9.5007200000e+03 5.0000000000e+01 6.0000000000e+00 5.8900000000e+02 2.2294869914e+01 1.0370000000e+03 4.4696938671e+01 1.5000000000e+01 1.1000000000e+01
5.9000000000e+01 1.1600000000e+02 1.3768000000e+04 1.2663850000e+04 7.3000000000e+01 8.0000000000e+00 6.4200000000e+02 3.3430067969e+01 1.0410000000e+03 2.9103503035e+01 1.8000000000e+01 1.1000000000e+01
5.9000000000e+01 1.1700000000e+02 2.0784000000e+04 1.9008180000e+04 1.1200000000e+02 1.2000000000e+01 1.5800000000e+03 3.0357628128e+01 1.1100000000e+03 2.0787426900e+01 2.6000000000e+01 1.5000000000e+01
6.0000000000e+01 1.1800000000e+02 3.4626000000e+04 3.0103710000e+04 2.1200000000e+02 1.9000000000e+01 1.1440000000e+03 2.9726876792e+01 7.7700000000e+02 3.7857427727e+01 1.5000000000e+01 2.7000000000e+01
6.1000000000e+01 1.1900000000e+02 1.2254000000e+04 1.1088500000e+04 6.6000000000e+01 7.0000000000e+00 9.7300000000e+02 3.5177134182e+01 7.0000000000e+02 1.5828406791e+01 1.1000000000e+01 1.5000000000e+01
6.2000000000e+01 1.2000000000e+02 6.8910000000e+03 6.3256700000e+03 3.4000000000e+01 4.0000000000e+00 1.0910000000e+03 3.2599498044e+01 1.1030000000e+03 3.3796628844e+01 7.0000000000e+00 7.0000000000e+00
6.3000000000e+01 1.2100000000e+02 1.2241000000e+04 1.1067780000e+04 7.7000000000e+01 7.0000000000e+00 8.8200000000e+02 3.6291219759e+01 5.5700000000e+02 2.5677401492e+01 1.5000000000e+01 1.9000000000e+01
6.3000000000e+01 1.2200000000e+02 2.7864000000e+04 2.5355100000e+04 1.4900000000e+02 1.6000000000e+01 5.9100000000e+02 3.4651449796e+01 9.8000000000e+02 9.9905360622e+00 2.7000000000e+01 1.8000000000e+01
6.3000000000e+01 1.2300000000e+02 6.8990000000e+03 6.3375500000e+03 3.8000000000e+01 4.0000000000e+00 1.0110000000e+03 3.6305014172e+01 1.1060000000e+03 1.7632126698e+01 7.0000000000e+00 1.1000000000e+01
6.4000000000e+01 1.2400000000e+02 1.0369000000e+04 9.5085500000e+03 6.2000000000e+01 6.0000000000e+00 7.8200000000e+02 3.4485920149e+01 5.0000000000e+02 1.1847390250e+01 1.1000000000e+01 1.1000000000e+01
6.4000000000e+01 1.2500000000e+02 1.2231000000e+04 1.1096290000e+04 7.1000000000e+01 7.0000000000e+00 7.5800000000e+02 3.2186288119e+01 5.1900000000e+02 2.0132063978e+01 1.5000000000e+01 7.0000000000e+00
6.4000000000e+01 1.2600000000e+02 1.2117000000e+04 1.1097860000e+04 6.2000000000e+01 7.0000000000e+00 3.4600000000e+02 5.4215719697e+00 5.8600000000e+02 1.0350417747e+01 1.5000000000e+01 1.1000000000e+01
6.4000000000e+01 1.2700000000e+02 6.9170000000e+03 6.3495100000e+03 3.8000000000e+01 4.0000000000e+00 1.2300000000e+03 2.3227430196e+01 1.0280000000e+03 3.3390401599e+01 1.1000000000e+01 7.0000000000e+00
6.5000000000e+01 1.2800000000e+02 8.5420000000e+03 7.9150400000e+03 4.6000000000e+01 5.0000000000e+00 7.6200000000e+02 3.4237081911e+01 7.0800000000e+02 2.6548069610e+01 1.5000000000e+01 1.1000000000e+01
6.5000000000e+01 1.2900000000e+02 8.8330000000e+03 7.9418800000e+03 5.9000000000e+01 5.0000000000e+00 9.8800000000e+02 3.0481481094e+01 1.0210000000e+03 3.8550012299e+01 1.1000000000e+01 1.1000000000e+01
6.7000000000e+01 1.3000000000e+02 6.9060000000e+03 6.3420300000e+03 2.9000000000e+01 4.0000000000e+00 7.7300000000e+02 2.4825821811e+01 5.2600000000e+02 2.6069960820e+01 1.1000000000e+01 7.0000000000e+00
6.7000000000e+01 1.3100000000e+02 1.4065000000e+04 1.2694710000e+04 8.5000000000e+01 8.0000000000e+00 4.8200000000e+02 1.9072855306e+01 6.5600000000e+02 2.5276565469e+01 1.1000000000e+01 1.5000000000e+01
6.8000000000e+01 1.3200000000e+02 1.2021000000e+04 1.1097570000e+04 6.1000000000e+01 7.0000000000e+00 1.1270000000e+03 4.4771084418e+01 8.4400000000e+02 2.8485083816e+01 1.5000000000e+01 1.5000000000e+01
6.8000000000e+01 1.3300000000e+02 1.5991000000e+04 1.4265730000e+04 9.5000000000e+01 9.0000000000e+00 1.1170000000e+03 4.0328702624e+01 8.5900000000e+02 5.6596744512e+00 1.1000000000e+01 1.5000000000e+01
6.8000000000e+01 1.3400000000e+02 6.8370000000e+03 6.3378200000e+03 3.7000000000e+01 4.0000000000e+00 1.4130000000e+03 4.1678664939e+01 1.5750000000e+03 3.5072939870e+01 1.1000000000e+01 7.0000000000e+00
6.9000000000e+01 1.3500000000e+02 6.8820000000e+03 6.3129100000e+03 3.5000000000e+01 4.0000000000e+00 7.9100000000e+02 3.2798403835e+01 8.4300000000e+02 3.8634029499e+01 7.0000000000e+00 7.0000000000e+00
6.9000000000e+01 1.3600000000e+02 1.2247000000e+04 1.1065170000e+04 8.2000000000e+01 7.0000000000e+00 1.5100000000e+03 2.1328124364e+01 1.0750000000e+03 4.4773917672e+01 1.1000000000e+01 1.5000000000e+01
7.0000000000e+01 1.3700000000e+02 6.9470000000e+03 6.3425200000e+03 4.1000000000e+01 4.0000000000e+00 4.8500000000e+02 1.8053393033e+01 4.8400000000e+02 2.5179356624e+01 1.1000000000e+01 7.0000000000e+00
7.0000000000e+01 1.3800000000e+02 8.6340000000e+03 7.9190100000e+03 4.6000000000e+01 5.0000000000e+00 1.3770000000e+03 4.1493774633e+01 6.8100000000e+02 2.8138151246e+01 1.1000000000e+01 1.9000000000e+01
7.0000000000e+01 1.3900000000e+02 8.6440000000e+03 7.9018100000e+03 4.6000000000e+01 5.0000000000e+00 1.3710000000e+03 2.0756257423e+01 7.4400000000e+02 8.6152319889e+00 7.0000000000e+00 1.0000000000e+01
7.0000000000e+01 1.4000000000e+02 2.1527000000e+04 1.8990650000e+04 1.4200000000e+02 1.2000000000e+01 1.3300000000e+03 4.2317442709e+01 1.0660000000e+03 4.4049536912e+01 1.5000000000e+01 1.5000000000e+01
7.0000000000e+01 1.4100000000e+02 1.8972000000e+04 1.7406550000e+04 1.0100000000e+02 1.1000000000e+01 2.1700000000e+02 1.5971537183e+01 1.1180000000e+03 4.2998372062e+01 1.8000000000e+01 1.5000000000e+01
7.0000000000e+01 1.4200000000e+02 6.8470000000e+03 6.3476400000e+03 3.5000000000e+01 4.0000000000e+00 1.3100000000e+03 4.0380178597e+01 1.1520000000e+03 3.3996107044e+01 1.1000000000e+01 7.0000000000e+00
7.0000000000e+01 1.4300000000e+02 1.5733000000e+04 1.4254190000e+04 9.4000000000e+01 9.0000000000e+00 1.6150000000e+03 4.1428653530e+01 1.2620000000e+03 4.7337952220e+01 1.5000000000e+01 1.5000000000e+01
7.1000000000e+01 1.4400000000e+02 5.7912000000e+04 5.2293130000e+04 3.1600000000e+02 3.3000000000e+01 4.8700000000e+02 2.6404905749e+01 5.0100000000e+02 1.5909166770e+01 3.9000000000e+01 3.1000000000e+01
7.1000000000e+01 1.4500000000e+02 1.5612000000e+04 1.4260290000e+04 8.5000000000e+01 9.0000000000e+00 4.9600000000e+02 1.7368896667e+01 5.2700000000e+02 3.2415274177e+01 1.9000000000e+01 1.1000000000e+01
7.1000000000e+01 1.4600000000e+02 1.2020000000e+04 1.1080030000e+04 6.5000000000e+01 7.0000000000e+00 6.7900000000e+02 1.6732733638e+01 1.5710000000e+03 5.3754360288e+01 7.0000000000e+00 2.3000000000e+01
7.1000000000e+01 1.4700000000e+02 8.5900000000e+03 7.9238500000e+03 4.4000000000e+01 5.0000000000e+00 6.6100000000e+02 2.3667267161e+01 1.5840000000e+03 5.3710464097e+01 1.1000000000e+01 1.1000000000e+01
7.2000000000e+01 1.4800000000e+02 1.0298000000e+04 9.4873400000e+03 5.6000000000e+01 6.0000000000e+00 9.7400000000e+02 3.0992374429e+01 2.7000000000e+02 1.5603612635e+01 7.0000000000e+00 1.5000000000e+01
7.2000000000e+01 1.4900000000e+02 6.8360000000e+03 6.3225100000e+03 3.6000000000e+01 4.0000000000e+00 9.0300000000e+02 2.6013732637e+01 4.7200000000e+02 9.1885021319e+00 7.0000000000e+00 6.0000000000e+00
7.2000000000e+01 1.5000000000e+02 2.1172000000e+04 1.9007790000e+04 1.2300000000e+02 1.2000000000e+01 1.0480000000e+03 4.1921178966e+01 1.6100000000e+03 3.2286753108e+01 1.9000000000e+01 1.5000000000e+01
7.3000000000e+01 1.5100000000e+02 6.8870000000e+03 6.3286100000e+03 2.8000000000e+01 4.0000000000e+00 5.7500000000e+02 2.5395391825e+01 5.3100000000e+02 1.2748275119e+01 7.0000000000e+00 7.0000000000e+00
7.3000000000e+01 1.5200000000e+02 7.1400000000e+03 6.3380800000e+03 4.8000000000e+01 4.0000000000e+00 6.6900000000e+02 2.6814968827e+01 7.1600000000e+02 2.4150679476e+01 1.1000000000e+01 7.0000000000e+00
7.4000000000e+01 1.5300000000e+02 6.8530000000e+03 6.3408100000e+03 3.5000000000e+01 4.0000000000e+00 8.2500000000e+02 3.6287657925e+01 1.2860000000e+03 3.7978709206e+01 1.0000000000e+01 7.0000000000e+00
7.5000000000e+01 1.5400000000e+02 1.3855000000e+04 1.2663360000e+04 7.9000000000e+01 8.0000000000e+00 1.1620000000e+03 3.5913892748e+01 3.2300000000e+02 1.3491687849e+01 1.1000000000e+01 1.5000000000e+01
7.5000000000e+01 1.5500000000e+02 1.4451000000e+04 1.2699700000e+04 8.9000000000e+01 8.0000000000e+00 7.1000000000e+02 3.6541383762e+01 7.6600000000e+02 3.3419339801e+01 1.5000000000e+01 1.5000000000e+01
7.5000000000e+01 1.5600000000e+02 1.2334000000e+04 1.1094190000e+04 7.3000000000e+01 7.0000000000e+00 1.1260000000e+03 3.8045294643e+01 7.8100000000e+02 1.9459002487e+01 1.1000000000e+01 1.1000000000e+01
7.5000000000e+01 1.5700000000e+02 3.9284000000e+04 3.4888960000e+04 2.4700000000e+02 2.2000000000e+01 5.9500000000e+02 3.2246131677e+01 1.0120000000e+03 4.0958336952e+01 3.5000000000e+01 2.2000000000e+01
7.6000000000e+01 1.5800000000e+02 1.2547000000e+04 1.1089360000e+04 7.4000000000e+01 7.0000000000e+00 6.9600000000e+02 3.6935152355e+01 3.1600000000e+02 1.1384921535e+01 1.1000000000e+01 1.1000000000e+01
7.6000000000e+01 1.5900000000e+02 1.0662000000e+04 9.5043400000e+03 6.8000000000e+01 6.0000000000e+00 8.3300000000e+02 1.1885649192e+01 6.7200000000e+02 8.0511424980e+00 1.4000000000e+01 7.0000000000e+00
7.6000000000e+01 1.6000000000e+02 8.9290000000e+03 7.9231600000e+03 5.7000000000e+01 5.0000000000e+00 1.3030000000e+03 3.2790187992e+01 9.6800000000e+02 3.4421235140e+01 7.0000000000e+00 1.1000000000e+01
7.6000000000e+01 1.6100000000e+02 7.0310000000e+03 6.3598900000e+03 3.9000000000e+01 4.0000000000e+00 6.1500000000e+02 3.1246052382e+01 1.0850000000e+03 4.6674686028e+01 7.0000000000e+00 1.1000000000e+01
7.7000000000e+01 1.6200000000e+02 6.8700000000e+03 6.3237600000e+03 3.6000000000e+01 4.0000000000e+00 4.1400000000e+02 2.8982753492e+00 9.5200000000e+02 3.8466683172e+01 1.0000000000e+01 1.0000000000e+01
7.8000000000e+01 1.6300000000e+02 1.9190000000e+04 1.7426950000e+04 1.0700000000e+02 1.1000000000e+01 4.6000000000e+02 3.0394574988e+01 1.0160000000e+03 1.8578492333e+01 1.7000000000e+01 1.9000000000e+01
7.8000000000e+01 1.6400000000e+02 1.2328000000e+04 1.1073990000e+04 8.1000000000e+01 7.0000000000e+00 5.1000000000e+02 2.8552364175e+01 1.0330000000e+03 1.5638494173e+01 1.5000000000e+01 1.1000000000e+01
8.0000000000e+01 1.6500000000e+02 8.7580000000e+03 7.9235500000e+03 4.9000000000e+01 5.0000000000e+00 1.1360000000e+03 3.0916554357e+01 2.9300000000e+02 2.3880780278e+01 1.1000000000e+01 1.1000000000e+01
8.0000000000e+01 1.6600000000e+02 8.9510000000e+03 7.9399300000e+03 5.4000000000e+01 5.0000000000e+00 6.5000000000e+02 2.6363210501e+01 4.3900000000e+02 1.7426936426e+01 1.0000000000e+01 7.0000000000e+00
8.0000000000e+01 1.6700000000e+02 6.8910000000e+03 6.3192800000e+03 3.4000000000e+01 4.0000000000e+00 9.3500000000e+02 4.3310366874e+01 6.5400000000e+02 1.6978596151e+01 7.0000000000e+00 1.1000000000e+01
8.0000000000e+01 1.6800000000e+02 1.1994000000e+04 1.1098820000e+04 6.1000000000e+01 7.0000000000e+00 4.0900000000e+02 2.1340493590e+01 9.6600000000e+02 4.2105423245e+01 1.1000000000e+01 1.9000000000e+01
8.0000000000e+01 1.6900000000e+02 1.2114000000e+04 1.1069640000e+04 6.5000000000e+01 7.0000000000e+00 1.1540000000e+03 3.5649991234e+01 1.0050000000e+03 3.7510415220e+01 1.1000000000e+01 1.9000000000e+01
8.0000000000e+01 1.7000000000e+02 1.0592000000e+04 9.5293800000e+03 6.3000000000e+01 6.0000000000e+00 1.1840000000e+03 4.2911762430e+01 1.0290000000e+03 4.3637620644e+01 1.0000000000e+01 1.1000000000e+01
8.1000000000e+01 1.7100000000e+02 8.7530000000e+03 7.9154200000e+03 4.7000000000e+01 5.0000000000e+00 5.6500000000e+02 2.4437142080e+01 4.2100000000e+02 2.7518768299e+01 1.1000000000e+01 1.1000000000e+01
8.1000000000e+01 1.7200000000e+02 6.8600000000e+03 6.3268300000e+03 3.8000000000e+01 4.0000000000e+00 1.6490000000e+03 3.6685294204e+01 6.0700000000e+02 2.0781358590e+01 1.1000000000e+01 7.0000000000e+00
8.1000000000e+01 1.7300000000e+02 8.5430000000e+03 7.9034300000e+03 4.6000000000e+01 5.0000000000e+00 1.0620000000e+03 4.5112452087e+01 8.5300000000e+02 2.0658600576e+01 7.0000000000e+00 1.1000000000e+01
8.1000000000e+01 1.7400000000e+02 1.2066000000e+04 1.1092960000e+04 6.3000000000e+01 7.0000000000e+00 5.0000000000e+02 2.4737003756e+01 9.5900000000e+02 2.5749725962e+01 1.5000000000e+01 1.5000000000e+01
8.2000000000e+01 1.7500000000e+02 1.0381000000e+04 9.4936200000e+03 5.4000000000e+01 6.0000000000e+00 1.0940000000e+03 4.6836729660e+01 4.4300000000e+02 1.2733109419e+01 7.0000000000e+00 1.5000000000e+01
8.2000000000e+01 1.7600000000e+02 8.7060000000e+03 7.9120300000e+03 4.5000000000e+01 5.0000000000e+00 1.2590000000e+03 4.9081564767e+01 5.1200000000e+02 2.5687811047e+01 7.0000000000e+00 1.0000000000e+01
8.3000000000e+01 1.7700000000e+02 1.2103000000e+04 1.1077890000e+04 5.9000000000e+01 7.0000000000e+00 8.3800000000e+02 3.0111574129e+01 2.9000000000e+02 2.4090347187e+01 1.5000000000e+01 1.5000000000e+01
8.5000000000e+01 1.7800000000e+02 8.6730000000e+03 7.9095800000e+03 4.5000000000e+01 5.0000000000e+00 9.3900000000e+02 3.6013255135e+01 6.4400000000e+02 2.7670134868e+01 1.3000000000e+01 7.0000000000e+00
8.6000000000e+01 1.7900000000e+02 1.4072000000e+04 1.2673560000e+04 7.9000000000e+01 8.0000000000e+00 1.3470000000e+03 3.7133680890e+01 8.7200000000e+02 1.6202643026e+01 1.9000000000e+01 1.5000000000e+01
8.7000000000e+01 1.8000000000e+02 1.3815000000e+04 1.2687650000e+04 7.2000000000e+01 8.0000000000e+00 9.1200000000e+02 1.5403036101e+01 8.6500000000e+02 2.0910607861e+01 9.0000000000e+00 1.9000000000e+01
8.7000000000e+01 1.8100000000e+02 6.8550000000e+03 6.3197000000e+03 3.4000000000e+01 4.0000000000e+00 9.2300000000e+02 1.9886800861e+01 8.8900000000e+02 1.8356734377e+01 7.0000000000e+00 1.1000000000e+01
8.7000000000e+01 1.8200000000e+02 8.6490000000e+03 7.9027200000e+03 4.5000000000e+01 5.0000000000e+00 8.4100000000e+02 3.6148054141e+01 8.9300000000e+02 3.0654600722e+01 1.1000000000e+01 1.1000000000e+01
8.8000000000e+01 1.8300000000e+02 6.9650000000e+03 6.3377500000e+03 4.0000000000e+01 4.0000000000e+00 1.2650000000e+03 4.8430230017e+01 5.0300000000e+02 2.1661735139e+01 1.1000000000e+01 7.0000000000e+00
8.8000000000e+01 1.8400000000e+02 1.0422000000e+04 9.4916800000e+03 5.8000000000e+01 6.0000000000e+00 9.1700000000e+02 3.1166221031e+01 8.0000000000e+02 1.5404487840e+01 1.1000000000e+01 1.5000000000e+01
8.8000000000e+01 1.8500000000e+02 1.2337000000e+04 1.1087600000e+04 7.4000000000e+01 7.0000000000e+00 1.4190000000e+03 4.3708091474e+01 9.1500000000e+02 2.6361813395e+01 7.0000000000e+00 1.5000000000e+01
8.8000000000e+01 1.8600000000e+02 1.0590000000e+04 9.5052200000e+03 6.1000000000e+01 6.0000000000e+00 1.4180000000e+03 4.2429942258e+01 9.4200000000e+02 2.7797481900e+01 7.0000000000e+00 1.5000000000e+01
8.8000000000e+01 1.8700000000e+02 8.7540000000e+03 7.9396400000e+03 5.3000000000e+01 5.0000000000e+00 1.2940000000e+03 4.9442857460e+01 1.3690000000e+03 5.1425824102e+01 7.0000000000e+00 1.1000000000e+01
8.9000000000e+01 1.8800000000e+02 8.7130000000e+03 7.9247600000e+03 4.8000000000e+01 5.0000000000e+00 8.9300000000e+02 2.7800964318e+01 1.0700000000e+03 4.3269811598e+01 1.1000000000e+01 7.0000000000e+00
8.9000000000e+01 1.8900000000e+02 8.8020000000e+03 7.9387400000e+03 4.4000000000e+01 5.0000000000e+00 9.1500000000e+02 2.2701295937e+01 1.0740000000e+03 4.1327393922e+01 7.0000000000e+00 1.1000000000e+01
8.9000000000e+01 1.9000000000e+02 2.8368000000e+04 2.5326110000e+04 1.6700000000e+02 1.6000000000e+01 8.4000000000e+02 3.4723780956e+01 1.1020000000e+03 3.4405711910e+01 1.9000000000e+01 2.2000000000e+01
8.9000000000e+01 1.9100000000e+02 8.5600000000e+03 7.9239300000e+03 4.4000000000e+01 5.0000000000e+00 1.0740000000e+03 3.6152776599e+01 1.1030000000e+03 4.2438738337e+01 1.0000000000e+01 7.0000000000e+00
9.1000000000e+01 1.9200000000e+02 7.1680000000e+03 6.3435500000e+03 4.7000000000e+01 4.0000000000e+00 4.8700000000e+02 1.7963126483e+01 5.0700000000e+02 2.6660506535e+01 7.0000000000e+00 7.0000000000e+00
9.1000000000e+01 1.9300000000e+02 2.7798000000e+04 2.5324440000e+04 1.7000000000e+02 1.6000000000e+01 1.3530000000e+03 2.2017072450e+01 9.5300000000e+02 4.3726489879e+01 1.9000000000e+01 1.9000000000e+01
9.1000000000e+01 1.9400000000e+02 6.8620000000e+03 6.3555200000e+03 3.2000000000e+01 4.0000000000e+00 1.3120000000e+03 5.0438720405e+01 1.4050000000e+03 4.0519210896e+01 7.0000000000e+00 1.1000000000e+01
9.2000000000e+01 1.9500000000e+02 8.7390000000e+03 7.9131600000e+03 5.0000000000e+01 5.0000000000e+00 9.4300000000e+02 4.2140193620e+01 5.3600000000e+02 3.1186077480e+01 7.0000000000e+00 1.1000000000e+01
9.2000000000e+01 1.9600000000e+02 2.6613000000e+04 2.3796410000e+04 1.6800000000e+02 1.5000000000e+01 8.5300000000e+02 1.7223087137e+01 5.7600000000e+02 1.0740265053e+01 1.1000000000e+01 2.7000000000e+01
9.2000000000e+01 1.9700000000e+02 8.5220000000e+03 7.9075100000e+03 4.6000000000e+01 5.0000000000e+00 8.3000000000e+02 3.1349641146e+01 5.7900000000e+02 3.2787870386e+01 1.5000000000e+01 1.5000000000e+01
9.3000000000e+01 1.9800000000e+02 2.1925000000e+04 1.8995340000e+04 1.3600000000e+02 1.2000000000e+01 1.1660000000e+03 2.2362336060e+01 5.3900000000e+02 3.2657481702e+01 1.5000000000e+01 1.8000000000e+01
9.3000000000e+01 1.9900000000e+02 1.4024000000e+04 1.2698590000e+04 8.1000000000e+01 8.0000000000e+00 4.7700000000e+02 1.0829935365e+01 1.0580000000e+03 2.4326425960e+01 1.1000000000e+01 1.1000000000e+01
9.4000000000e+01 2.0000000000e+02 1.1995000000e+04 1.1077040000e+04 6.6000000000e+01 7.0000000000e+00 1.0150000000e+03 9.5014168984e+00 2.6500000000e+02 6.9603271364e+00 1.9000000000e+01 1.1000000000e+01
9.4000000000e+01 2.0100000000e+02 8.7130000000e+03 7.8991600000e+03 5.8000000000e+01 5.0000000000e+00 1.5890000000e+03 1.5018117713e+01 1.4710000000e+03 3.0770799555e+01 6.0000000000e+00 1.5000000000e+01
9.5000000000e+01 2.0200000000e+02 2.9922000000e+04 2.6866740000e+04 1.8100000000e+02 1.7000000000e+01 7.9900000000e+02 3.2603084380e+01 1.0070000000e+03 3.2784057779e+01 2.3000000000e+01 2.3000000000e+01
9.6000000000e+01 2.0300000000e+02 6.8610000000e+03 6.3280800000e+03 3.6000000000e+01 4.0000000000e+00 8.8700000000e+02 3.7742738185e+01 9.0100000000e+02 4.0695384084e+01 7.0000000000e+00 1.1000000000e+01
9.6000000000e+01 2.0400000000e+02 6.9710000000e+03 6.3331100000e+03 4.4000000000e+01 4.0000000000e+00 1.1590000000e+03 1.9529941235e+01 1.1470000000e+03 2.7420074127e+01 7.0000000000e+00 7.0000000000e+00
9.7000000000e+01 2.0500000000e+02 8.7570000000e+03 7.9246800000e+03 4.6000000000e+01 5.0000000000e+00 4.0900000000e+02 4.7328638265e+00 4.9500000000e+02 7.4087035903e+00 1.5000000000e+01 1.1000000000e+01
9.7000000000e+01 2.0600000000e+02 8.7350000000e+03 7.9075800000e+03 5.1000000000e+01 5.0000000000e+00 1.2060000000e+03 3.4862300555e+01 4.9500000000e+02 2.1725560982e+00 1.1000000000e+01 7.0000000000e+00
9.7000000000e+01 2.0700000000e+02 8.5980000000e+03 7.9065700000e+03 4.8000000000e+01 5.0000000000e+00 5.5900000000e+02 1.7729048168e+01 8.2400000000e+02 1.3502560829e+01 7.0000000000e+00 1.0000000000e+01
9.8000000000e+01 2.0800000000e+02 1.4043000000e+04 1.2667450000e+04 8.5000000000e+01 8.0000000000e+00 3.6900000000e+02 2.6482024451e+01 1.1560000000e+03 1.6637951454e+01 1.1000000000e+01 1.9000000000e+01
9.8000000000e+01 2.0900000000e+02 6.8460000000e+03 6.3165900000e+03 3.3000000000e+01 4.0000000000e+00 1.9500000000e+02 1.3252358281e+01 1.2410000000e+03 4.1419349343e+01 7.0000000000e+00 1.1000000000e+01
9.8000000000e+01 2.1000000000e+02 8.5440000000e+03 7.9137500000e+03 4.8000000000e+01 5.0000000000e+00 6.6600000000e+02 2.0172658977e+01 1.5760000000e+03 3.2939015216e+01 1.1000000000e+01 1.1000000000e+01
9.9000000000e+01 2.1100000000e+02 1.2381000000e+04 1.1076090000e+04 7.3000000000e+01 7.0000000000e+00 1.0270000000e+03 4.5098811268e+01 1.0050000000e+03 4.3365853182e+01 1.1000000000e+01 1.1000000000e+01
