0.0000000000e+00 0.0000000000e+00 8.3662100000e+05 8.3549354000e+05 6.7000000000e+02 1.2600000000e+02
0.0000000000e+00 1.0000000000e+00 2.1083300000e+05 2.0098723667e+05 7.8900000000e+02 3.1000000000e+01
0.0000000000e+00 2.0000000000e+00 8.2941000000e+04 7.5904170000e+04 5.1500000000e+02 1.2000000000e+01
0.0000000000e+00 3.0000000000e+00 1.0377000000e+05 9.5599511667e+04 5.8100000000e+02 1.5000000000e+01
1.0000000000e+00 4.0000000000e+00 7.3128800000e+05 7.2967320333e+05 5.9700000000e+02 1.1000000000e+02
1.0000000000e+00 5.0000000000e+00 1.0287200000e+05 9.5073116667e+04 6.1300000000e+02 1.5000000000e+01
1.0000000000e+00 6.0000000000e+00 8.7467000000e+04 8.2528648333e+04 4.8400000000e+02 1.3000000000e+01
1.0000000000e+00 7.0000000000e+00 1.4463900000e+05 1.3561995500e+05 6.3700000000e+02 2.1000000000e+01
1.0000000000e+00 8.0000000000e+00 9.6895000000e+04 8.8384981667e+04 6.2500000000e+02 1.4000000000e+01
1.0000000000e+00 9.0000000000e+00 1.9203600000e+05 1.8360901333e+05 9.3200000000e+02 2.9000000000e+01
1.0000000000e+00 1.0000000000e+01 1.3099500000e+05 1.2134423333e+05 6.2600000000e+02 1.9000000000e+01
1.0000000000e+00 1.1000000000e+01 1.0992200000e+05 1.0246558667e+05 6.1100000000e+02 1.6000000000e+01
1.0000000000e+00 1.2000000000e+01 9.6948000000e+04 8.9081286667e+04 6.1800000000e+02 1.4000000000e+01
1.0000000000e+00 1.3000000000e+01 8.9760000000e+04 8.2039400000e+04 5.9700000000e+02 1.3000000000e+01
1.0000000000e+00 1.4000000000e+01 5.7444500000e+05 5.3171826667e+05 3.5330000000e+03 8.4000000000e+01
1.0000000000e+00 1.5000000000e+01 1.2184600000e+05 1.0737191000e+05 8.4700000000e+02 1.7000000000e+01
1.0000000000e+00 1.6000000000e+01 9.9926000000e+04 8.9159408333e+04 6.2400000000e+02 1.4000000000e+01
4.0000000000e+00 1.7000000000e+01 8.0413800000e+05 7.9916056500e+05 1.0110000000e+03 1.2100000000e+02
4.0000000000e+00 1.8000000000e+01 1.3903200000e+05 1.3853224167e+05 1.5500000000e+02 2.1000000000e+01
4.0000000000e+00 1.9000000000e+01 4.4554000000e+05 4.4111597833e+05 7.8800000000e+02 6.8000000000e+01
5.0000000000e+00 2.0000000000e+01 1.1343220000e+06 1.1291493533e+06 1.1620000000e+03 1.7100000000e+02
6.0000000000e+00 2.1000000000e+01 6.1879100000e+05 6.1715430167e+05 5.7700000000e+02 9.3000000000e+01
6.0000000000e+00 2.2000000000e+01 1.3260500000e+05 1.3230732333e+05 1.4400000000e+02 2.0000000000e+01
6.0000000000e+00 2.3000000000e+01 1.5736400000e+05 1.5689125500e+05 1.7300000000e+02 2.4000000000e+01
6.0000000000e+00 2.4000000000e+01 1.4619400000e+05 1.4584680167e+05 1.1900000000e+02 2.2000000000e+01
