0.0000000000e+00 0.0000000000e+00 5.1887000000e+04 4.8999840000e+04 3.3100000000e+02 3.1000000000e+01 1.2180000000e+03 1.9852625060e+00 4.1200000000e+02 6.7449944029e-01 3.8000000000e+01 2.7000000000e+01
0.0000000000e+00 1.0000000000e+00 2.3177000000e+04 2.2128960000e+04 1.2700000000e+02 1.4000000000e+01 5.2000000000e+02 1.9661887527e+00 4.3200000000e+02 1.6616515627e+00 1.8000000000e+01 2.3000000000e+01
0.0000000000e+00 2.0000000000e+00 1.8219000000e+04 1.7387040000e+04 8.8000000000e+01 1.1000000000e+01 1.3640000000e+03 5.1839717610e+00 4.5900000000e+02 3.2260377135e+00 1.7000000000e+01 9.0000000000e+00
0.0000000000e+00 3.0000000000e+00 1.6547000000e+04 1.5806400000e+04 9.1000000000e+01 1.0000000000e+01 8.1400000000e+02 4.1642956217e+00 4.6400000000e+02 2.9066335370e+00 1.9000000000e+01 1.1000000000e+01
0.0000000000e+00 4.0000000000e+00 4.4904000000e+04 4.2677280000e+04 2.5200000000e+02 2.7000000000e+01 4.9500000000e+02 1.7132817514e+00 5.0800000000e+02 1.9673289023e+00 2.3000000000e+01 3.0000000000e+01
0.0000000000e+00 5.0000000000e+00 1.4903000000e+04 1.4225760000e+04 8.2000000000e+01 9.0000000000e+00 3.4600000000e+02 2.9572218041e+00 5.0200000000e+02 2.5822545205e+00 1.5000000000e+01 1.0000000000e+01
0.0000000000e+00 6.0000000000e+00 1.6496000000e+04 1.5806400000e+04 8.4000000000e+01 1.0000000000e+01 3.5800000000e+02 1.1658144106e+00 5.6100000000e+02 2.7851658978e+00 1.9000000000e+01 1.1000000000e+01
0.0000000000e+00 7.0000000000e+00 5.2830000000e+04 5.0580480000e+04 2.6500000000e+02 3.2000000000e+01 4.4600000000e+02 1.6310766161e+00 5.8400000000e+02 1.2599523454e+00 3.7000000000e+01 3.1000000000e+01
0.0000000000e+00 8.0000000000e+00 1.4819000000e+04 1.4225760000e+04 7.9000000000e+01 9.0000000000e+00 3.3300000000e+02 2.9242856250e+00 5.9200000000e+02 3.6951778375e+00 1.1000000000e+01 1.5000000000e+01
0.0000000000e+00 9.0000000000e+00 1.1606000000e+04 1.1064480000e+04 6.5000000000e+01 7.0000000000e+00 2.9700000000e+02 1.2142344232e+00 6.1600000000e+02 2.7057880668e+00 1.1000000000e+01 1.0000000000e+01
0.0000000000e+00 1.0000000000e+01 1.3159000000e+04 1.2645120000e+04 6.7000000000e+01 8.0000000000e+00 4.5400000000e+02 2.6460549841e+00 6.1700000000e+02 2.0701649943e+00 1.1000000000e+01 1.5000000000e+01
0.0000000000e+00 1.1000000000e+01 2.8540000000e+04 2.6870880000e+04 1.7200000000e+02 1.7000000000e+01 5.5300000000e+02 2.5033475075e+00 6.3200000000e+02 8.2410505393e-01 2.2000000000e+01 1.9000000000e+01
0.0000000000e+00 1.2000000000e+01 1.1638000000e+04 1.1064480000e+04 7.3000000000e+01 7.0000000000e+00 2.3700000000e+02 2.5572156444e+00 6.4900000000e+02 2.9403141891e+00 1.1000000000e+01 1.1000000000e+01
0.0000000000e+00 1.3000000000e+01 8.1400000000e+03 7.9032000000e+03 3.7000000000e+01 5.0000000000e+00 4.4000000000e+02 2.5213593727e+00 6.6500000000e+02 3.0798278371e+00 1.1000000000e+01 1.1000000000e+01
0.0000000000e+00 1.4000000000e+01 3.6099000000e+04 3.4774080000e+04 1.7500000000e+02 2.2000000000e+01 2.7400000000e+02 1.5710377457e+00 6.7600000000e+02 8.4312519070e-01 3.5000000000e+01 2.7000000000e+01
0.0000000000e+00 1.5000000000e+01 2.3106000000e+04 2.2128960000e+04 1.3100000000e+02 1.4000000000e+01 3.2200000000e+02 2.1670747605e+00 6.8500000000e+02 2.4185427663e+00 1.5000000000e+01 1.9000000000e+01
0.0000000000e+00 1.6000000000e+01 2.1534000000e+04 2.0548320000e+04 1.2100000000e+02 1.3000000000e+01 4.4800000000e+02 1.6289695107e+00 6.9100000000e+02 2.4526771088e+00 1.5000000000e+01 1.9000000000e+01
0.0000000000e+00 1.7000000000e+01 1.8282000000e+04 1.7387040000e+04 1.0300000000e+02 1.1000000000e+01 3.4500000000e+02 2.0542900601e+00 6.9800000000e+02 3.0905842296e+00 1.1000000000e+01 1.5000000000e+01
0.0000000000e+00 1.8000000000e+01 2.0091000000e+04 1.8967680000e+04 1.2000000000e+02 1.2000000000e+01 1.3530000000e+03 4.7644613338e+00 7.0200000000e+02 1.8411417599e+00 1.8000000000e+01 1.4000000000e+01
0.0000000000e+00 1.9000000000e+01 6.5330000000e+03 6.3225600000e+03 3.0000000000e+01 4.0000000000e+00 1.2440000000e+03 3.0736113615e+00 7.1000000000e+02 4.6999127171e+00 1.4000000000e+01 7.0000000000e+00
0.0000000000e+00 2.0000000000e+01 1.6344000000e+04 1.5806400000e+04 7.0000000000e+01 1.0000000000e+01 1.3120000000e+03 6.1064044047e+00 7.4500000000e+02 2.5256508059e+00 1.9000000000e+01 1.1000000000e+01
0.0000000000e+00 2.1000000000e+01 2.5151000000e+04 2.3709600000e+04 1.4800000000e+02 1.5000000000e+01 8.2900000000e+02 3.0669409966e+00 7.7000000000e+02 2.9908927430e+00 1.9000000000e+01 1.8000000000e+01
0.0000000000e+00 2.2000000000e+01 9.7620000000e+03 9.4838400000e+03 4.0000000000e+01 6.0000000000e+00 1.3830000000e+03 5.0678499604e+00 7.8000000000e+02 6.1108540978e+00 1.1000000000e+01 1.5000000000e+01
0.0000000000e+00 2.3000000000e+01 8.2110000000e+03 7.9032000000e+03 4.3000000000e+01 5.0000000000e+00 1.4700000000e+03 8.2762329442e+00 8.1400000000e+02 5.0117209558e+00 7.0000000000e+00 1.0000000000e+01
0.0000000000e+00 2.4000000000e+01 1.9796000000e+04 1.8967680000e+04 1.0200000000e+02 1.2000000000e+01 3.0200000000e+02 1.4653799836e+00 8.5600000000e+02 3.0319993885e+00 1.8000000000e+01 1.5000000000e+01
0.0000000000e+00 2.5000000000e+01 2.6698000000e+04 2.5290240000e+04 1.6800000000e+02 1.6000000000e+01 7.9000000000e+02 1.1355478705e+00 8.6000000000e+02 2.9758731982e+00 1.9000000000e+01 1.9000000000e+01
0.0000000000e+00 2.6000000000e+01 1.1518000000e+04 1.1064480000e+04 4.8000000000e+01 7.0000000000e+00 1.6340000000e+03 3.0059545553e+00 8.8300000000e+02 4.2285327135e+00 1.0000000000e+01 1.5000000000e+01
0.0000000000e+00 2.7000000000e+01 3.3326000000e+04 3.1612800000e+04 1.9900000000e+02 2.0000000000e+01 6.4700000000e+02 2.4330385454e+00 8.9500000000e+02 2.6874572151e+00 2.3000000000e+01 1.9000000000e+01
0.0000000000e+00 2.8000000000e+01 1.7906000000e+04 1.7387040000e+04 6.9000000000e+01 1.1000000000e+01 1.6900000000e+03 4.3490393880e+00 9.0800000000e+02 4.1859874999e+00 2.6000000000e+01 1.5000000000e+01
0.0000000000e+00 2.9000000000e+01 1.9716000000e+04 1.8967680000e+04 1.0000000000e+02 1.2000000000e+01 2.9700000000e+02 1.8362458430e+00 9.4200000000e+02 2.3556369860e+00 1.7000000000e+01 1.5000000000e+01
0.0000000000e+00 3.0000000000e+01 6.5930000000e+03 6.3225600000e+03 3.5000000000e+01 4.0000000000e+00 3.5600000000e+02 1.7921879690e+00 9.4700000000e+02 6.9052535038e+00 7.0000000000e+00 7.0000000000e+00
0.0000000000e+00 3.1000000000e+01 1.6518000000e+04 1.5806400000e+04 8.8000000000e+01 1.0000000000e+01 3.0100000000e+02 2.2268613223e+00 1.0150000000e+03 2.6243420808e+00 1.9000000000e+01 1.5000000000e+01
0.0000000000e+00 3.2000000000e+01 2.6362000000e+04 2.5290240000e+04 1.3500000000e+02 1.6000000000e+01 4.3300000000e+02 1.3431799297e+00 1.0610000000e+03 3.2664495376e+00 2.0000000000e+01 1.9000000000e+01
0.0000000000e+00 3.3000000000e+01 3.4685000000e+04 3.3193440000e+04 1.9400000000e+02 2.1000000000e+01 6.4600000000e+02 7.6636660962e-01 1.0660000000e+03 3.1758995400e+00 2.3000000000e+01 2.2000000000e+01
0.0000000000e+00 3.4000000000e+01 2.3259000000e+04 2.2128960000e+04 1.3300000000e+02 1.4000000000e+01 1.4960000000e+03 4.7004386017e+00 1.1400000000e+03 4.0140221396e+00 1.7000000000e+01 1.9000000000e+01
0.0000000000e+00 3.5000000000e+01 2.3217000000e+04 2.2128960000e+04 1.3400000000e+02 1.4000000000e+01 4.4000000000e+02 4.9292581663e-01 1.2120000000e+03 4.2334098887e+00 1.8000000000e+01 1.5000000000e+01
0.0000000000e+00 3.6000000000e+01 3.4691000000e+04 3.3193440000e+04 1.9100000000e+02 2.1000000000e+01 6.6000000000e+02 1.3419917393e+00 1.3540000000e+03 3.3955486585e+00 2.2000000000e+01 2.0000000000e+01
0.0000000000e+00 3.7000000000e+01 1.6537000000e+04 1.5806400000e+04 9.1000000000e+01 1.0000000000e+01 1.4760000000e+03 3.7438344376e+00 1.4540000000e+03 2.1913691532e+00 1.7000000000e+01 1.5000000000e+01
0.0000000000e+00 3.8000000000e+01 2.3116000000e+04 2.2128960000e+04 1.3000000000e+02 1.4000000000e+01 1.0160000000e+03 2.8195749688e+00 1.5450000000e+03 3.9438627311e+00 1.9000000000e+01 1.9000000000e+01
0.0000000000e+00 3.9000000000e+01 2.4808000000e+04 2.3709600000e+04 1.5300000000e+02 1.5000000000e+01 8.7500000000e+02 1.8369170359e+00 1.5700000000e+03 4.2169461748e+00 1.5000000000e+01 1.5000000000e+01
1.0000000000e+00 4.0000000000e+01 6.5160000000e+03 6.3225600000e+03 2.7000000000e+01 4.0000000000e+00 9.4100000000e+02 5.8052720377e+00 2.6600000000e+02 1.9115036369e+00 1.0000000000e+01 1.1000000000e+01
1.0000000000e+00 4.1000000000e+01 9.7560000000e+03 9.4838400000e+03 4.3000000000e+01 6.0000000000e+00 9.7100000000e+02 6.7572502424e+00 2.9700000000e+02 2.7095823912e+00 1.5000000000e+01 1.1000000000e+01
1.0000000000e+00 4.2000000000e+01 1.1458000000e+04 1.1064480000e+04 5.6000000000e+01 7.0000000000e+00 8.7800000000e+02 4.2051522904e+00 3.2800000000e+02 1.3736601285e+00 1.4000000000e+01 1.1000000000e+01
1.0000000000e+00 4.3000000000e+01 6.5370000000e+03 6.3225600000e+03 2.6000000000e+01 4.0000000000e+00 6.0200000000e+02 2.8028556866e+00 3.3900000000e+02 3.3385026584e+00 7.0000000000e+00 9.0000000000e+00
1.0000000000e+00 4.4000000000e+01 3.0200000000e+04 2.8451520000e+04 1.8400000000e+02 1.8000000000e+01 8.0400000000e+02 2.0490418897e+00 3.9600000000e+02 1.9428592695e+00 2.7000000000e+01 1.5000000000e+01
1.0000000000e+00 4.5000000000e+01 9.9280000000e+03 9.4838400000e+03 4.6000000000e+01 6.0000000000e+00 7.6200000000e+02 5.5892754450e+00 4.5100000000e+02 1.8320871185e+00 1.5000000000e+01 1.1000000000e+01
1.0000000000e+00 4.6000000000e+01 2.3479000000e+04 2.2128960000e+04 1.4400000000e+02 1.4000000000e+01 8.1800000000e+02 2.8895507684e+00 4.7000000000e+02 2.4627798046e+00 1.5000000000e+01 1.8000000000e+01
1.0000000000e+00 4.7000000000e+01 1.6714000000e+04 1.5806400000e+04 1.0600000000e+02 1.0000000000e+01 6.1500000000e+02 1.5358453248e+00 4.9000000000e+02 2.6924939758e+00 1.5000000000e+01 1.5000000000e+01
1.0000000000e+00 4.8000000000e+01 4.4052000000e+04 4.1096640000e+04 2.7600000000e+02 2.6000000000e+01 7.0500000000e+02 2.3031907440e+00 4.9600000000e+02 1.6222380215e+00 2.7000000000e+01 2.7000000000e+01
1.0000000000e+00 4.9000000000e+01 1.1471000000e+04 1.1064480000e+04 6.2000000000e+01 7.0000000000e+00 6.8100000000e+02 3.6509930248e+00 5.3600000000e+02 4.0417732744e+00 1.1000000000e+01 1.1000000000e+01
1.0000000000e+00 5.0000000000e+01 8.1900000000e+03 7.9032000000e+03 3.6000000000e+01 5.0000000000e+00 6.6500000000e+02 4.3861563295e+00 5.5000000000e+02 3.9539182323e+00 1.5000000000e+01 1.1000000000e+01
1.0000000000e+00 5.1000000000e+01 1.9778000000e+04 1.8967680000e+04 1.1400000000e+02 1.2000000000e+01 1.5810000000e+03 2.2673872007e+00 5.6900000000e+02 3.0664451076e+00 1.8000000000e+01 1.5000000000e+01
1.0000000000e+00 5.2000000000e+01 1.4826000000e+04 1.4225760000e+04 7.3000000000e+01 9.0000000000e+00 3.1800000000e+02 2.3886870070e+00 5.8100000000e+02 3.1949576882e+00 1.4000000000e+01 1.1000000000e+01
1.0000000000e+00 5.3000000000e+01 3.3392000000e+04 3.1612800000e+04 2.0000000000e+02 2.0000000000e+01 6.4600000000e+02 1.4725504536e+00 5.8900000000e+02 1.2163918369e+00 2.2000000000e+01 1.9000000000e+01
1.0000000000e+00 5.4000000000e+01 1.1437000000e+04 1.1064480000e+04 5.5000000000e+01 7.0000000000e+00 6.1300000000e+02 4.4533090608e+00 6.0700000000e+02 3.8565231646e+00 1.9000000000e+01 1.5000000000e+01
1.0000000000e+00 5.5000000000e+01 8.1570000000e+03 7.9032000000e+03 3.6000000000e+01 5.0000000000e+00 2.5700000000e+02 3.8099761636e+00 6.2300000000e+02 5.0753505961e+00 1.1000000000e+01 1.1000000000e+01
1.0000000000e+00 5.6000000000e+01 1.9756000000e+04 1.8967680000e+04 9.7000000000e+01 1.2000000000e+01 3.3500000000e+02 9.9084349588e-01 6.4200000000e+02 2.6557597587e+00 1.5000000000e+01 1.7000000000e+01
1.0000000000e+00 5.7000000000e+01 2.4826000000e+04 2.3709600000e+04 1.3400000000e+02 1.5000000000e+01 7.4800000000e+02 2.9839679410e+00 6.4000000000e+02 2.5850013338e+00 1.5000000000e+01 1.8000000000e+01
1.0000000000e+00 5.8000000000e+01 2.5026000000e+04 2.3709600000e+04 1.4400000000e+02 1.5000000000e+01 2.9500000000e+02 1.7687055247e+00 6.6700000000e+02 1.1161023186e+00 1.5000000000e+01 2.3000000000e+01
1.0000000000e+00 5.9000000000e+01 6.5710000000e+03 6.3225600000e+03 3.0000000000e+01 4.0000000000e+00 5.6500000000e+02 5.3420459948e-01 6.5900000000e+02 6.4167586767e+00 1.1000000000e+01 1.1000000000e+01
1.0000000000e+00 6.0000000000e+01 6.5330000000e+03 6.3225600000e+03 3.1000000000e+01 4.0000000000e+00 3.2200000000e+02 2.6964997888e+00 6.8500000000e+02 5.2658227172e+00 7.0000000000e+00 1.1000000000e+01
1.0000000000e+00 6.1000000000e+01 1.1430000000e+04 1.1064480000e+04 5.3000000000e+01 7.0000000000e+00 5.2300000000e+02 4.3099667759e+00 7.0200000000e+02 2.4801728562e+00 1.8000000000e+01 1.5000000000e+01
1.0000000000e+00 6.2000000000e+01 2.1319000000e+04 2.0548320000e+04 1.0200000000e+02 1.3000000000e+01 2.0700000000e+02 1.0874875420e+00 7.5800000000e+02 1.6946029763e+00 1.5000000000e+01 1.9000000000e+01
1.0000000000e+00 6.3000000000e+01 1.8032000000e+04 1.7387040000e+04 9.8000000000e+01 1.1000000000e+01 1.7300000000e+02 1.4122958818e+00 7.6100000000e+02 1.3457458864e+00 1.5000000000e+01 1.9000000000e+01
1.0000000000e+00 6.4000000000e+01 2.3269000000e+04 2.2128960000e+04 1.4000000000e+02 1.4000000000e+01 5.5000000000e+02 8.0224698674e-01 7.7000000000e+02 2.8022760201e+00 1.9000000000e+01 1.5000000000e+01
1.0000000000e+00 6.5000000000e+01 2.0131000000e+04 1.8967680000e+04 1.1500000000e+02 1.2000000000e+01 1.0060000000e+03 2.7485131267e+00 7.7000000000e+02 3.6148334155e+00 1.5000000000e+01 1.8000000000e+01
1.0000000000e+00 6.6000000000e+01 3.1478000000e+04 3.0032160000e+04 1.7200000000e+02 1.9000000000e+01 5.1900000000e+02 1.5023094746e+00 8.1500000000e+02 3.0959707220e+00 2.3000000000e+01 2.1000000000e+01
1.0000000000e+00 6.7000000000e+01 6.6040000000e+03 6.3225600000e+03 3.4000000000e+01 4.0000000000e+00 4.4100000000e+02 3.5283191200e+00 8.1500000000e+02 3.5339102393e-01 1.1000000000e+01 7.0000000000e+00
1.0000000000e+00 6.8000000000e+01 8.1060000000e+03 7.9032000000e+03 2.9000000000e+01 5.0000000000e+00 3.9700000000e+02 4.8860745481e+00 8.3700000000e+02 5.8628021440e+00 1.1000000000e+01 1.0000000000e+01
1.0000000000e+00 6.9000000000e+01 1.3021000000e+04 1.2645120000e+04 5.5000000000e+01 8.0000000000e+00 4.7000000000e+02 3.1886824039e+00 8.7000000000e+02 3.8395458694e+00 1.1000000000e+01 1.9000000000e+01
1.0000000000e+00 7.0000000000e+01 9.7720000000e+03 9.4838400000e+03 4.2000000000e+01 6.0000000000e+00 3.4900000000e+02 3.4476625642e+00 8.9200000000e+02 9.6086417578e-01 1.9000000000e+01 1.9000000000e+01
1.0000000000e+00 7.1000000000e+01 2.1275000000e+04 2.0548320000e+04 9.8000000000e+01 1.3000000000e+01 4.8500000000e+02 2.7153942488e+00 9.0300000000e+02 3.6874949899e+00 1.5000000000e+01 2.3000000000e+01
1.0000000000e+00 7.2000000000e+01 2.9836000000e+04 2.8451520000e+04 1.6500000000e+02 1.8000000000e+01 6.2000000000e+02 1.1129510429e+00 9.7800000000e+02 2.4759927014e+00 2.3000000000e+01 1.5000000000e+01
1.0000000000e+00 7.3000000000e+01 6.5280000000e+03 6.3225600000e+03 3.1000000000e+01 4.0000000000e+00 7.1700000000e+02 1.3650396820e+00 9.8700000000e+02 7.1134457973e+00 1.0000000000e+01 7.0000000000e+00
1.0000000000e+00 7.4000000000e+01 8.3370000000e+03 7.9032000000e+03 4.7000000000e+01 5.0000000000e+00 7.1700000000e+02 2.2162187863e+00 1.0010000000e+03 3.3892134022e+00 1.1000000000e+01 1.0000000000e+01
1.0000000000e+00 7.5000000000e+01 2.4572000000e+04 2.3709600000e+04 1.1800000000e+02 1.5000000000e+01 5.2000000000e+02 2.0982166158e+00 1.0070000000e+03 4.0542922208e+00 1.9000000000e+01 2.3000000000e+01
1.0000000000e+00 7.6000000000e+01 2.8537000000e+04 2.6870880000e+04 1.7700000000e+02 1.7000000000e+01 1.0990000000e+03 1.6776668667e+00 1.0230000000e+03 2.2186390526e+00 1.8000000000e+01 1.5000000000e+01
1.0000000000e+00 7.7000000000e+01 1.4785000000e+04 1.4225760000e+04 8.0000000000e+01 9.0000000000e+00 1.6600000000e+02 1.8879440243e+00 1.0240000000e+03 4.0682764480e+00 1.5000000000e+01 1.1000000000e+01
1.0000000000e+00 7.8000000000e+01 2.1464000000e+04 2.0548320000e+04 1.1700000000e+02 1.3000000000e+01 4.5600000000e+02 2.0560299646e+00 1.0470000000e+03 3.0763665119e+00 1.9000000000e+01 1.5000000000e+01
1.0000000000e+00 7.9000000000e+01 1.6448000000e+04 1.5806400000e+04 8.4000000000e+01 1.0000000000e+01 5.3600000000e+02 3.1594992906e+00 1.0540000000e+03 3.2574267233e+00 1.5000000000e+01 1.5000000000e+01
1.0000000000e+00 8.0000000000e+01 3.1520000000e+04 3.0032160000e+04 1.7500000000e+02 1.9000000000e+01 9.1700000000e+02 2.0527059050e+00 1.0600000000e+03 3.2373415790e+00 1.9000000000e+01 1.9000000000e+01
1.0000000000e+00 8.1000000000e+01 1.8228000000e+04 1.7387040000e+04 1.0200000000e+02 1.1000000000e+01 2.2000000000e+02 6.8072457173e-01 1.0900000000e+03 2.8341227461e+00 1.5000000000e+01 1.4000000000e+01
1.0000000000e+00 8.2000000000e+01 3.1616000000e+04 3.0032160000e+04 1.6800000000e+02 1.9000000000e+01 5.5200000000e+02 1.3695175008e+00 1.0930000000e+03 2.2670820008e+00 1.9000000000e+01 1.9000000000e+01
1.0000000000e+00 8.3000000000e+01 1.4766000000e+04 1.4225760000e+04 7.9000000000e+01 9.0000000000e+00 2.1400000000e+02 9.8376031247e-01 1.1510000000e+03 5.3361832869e+00 1.9000000000e+01 1.0000000000e+01
1.0000000000e+00 8.4000000000e+01 1.4875000000e+04 1.4225760000e+04 7.9000000000e+01 9.0000000000e+00 5.7100000000e+02 1.7542565872e+00 1.1870000000e+03 3.5574093212e+00 1.9000000000e+01 1.4000000000e+01
1.0000000000e+00 8.5000000000e+01 2.0151000000e+04 1.8967680000e+04 1.3400000000e+02 1.2000000000e+01 1.0650000000e+03 3.0618310214e+00 1.2400000000e+03 1.3919931264e+00 1.5000000000e+01 1.5000000000e+01
1.0000000000e+00 8.6000000000e+01 3.9875000000e+04 3.7935360000e+04 2.3500000000e+02 2.4000000000e+01 5.8000000000e+02 1.5592669635e+00 1.2950000000e+03 2.4526861837e+00 1.9000000000e+01 3.4000000000e+01
1.0000000000e+00 8.7000000000e+01 1.4973000000e+04 1.4225760000e+04 8.7000000000e+01 9.0000000000e+00 1.5930000000e+03 2.5015949482e+00 1.4440000000e+03 1.2864480638e+00 1.9000000000e+01 1.1000000000e+01
1.0000000000e+00 8.8000000000e+01 1.3026000000e+04 1.2645120000e+04 5.0000000000e+01 8.0000000000e+00 5.2900000000e+02 3.7654582127e+00 1.4720000000e+03 6.1904051727e+00 1.9000000000e+01 1.1000000000e+01
1.0000000000e+00 8.9000000000e+01 2.1222000000e+04 2.0548320000e+04 8.5000000000e+01 1.3000000000e+01 1.8870000000e+03 1.5278035454e+00 1.5260000000e+03 1.6723118681e+00 1.5000000000e+01 2.3000000000e+01
1.0000000000e+00 9.0000000000e+01 8.1290000000e+03 7.9032000000e+03 2.8000000000e+01 5.0000000000e+00 1.2720000000e+03 5.3057413839e+00 1.5360000000e+03 8.9735933287e+00 7.0000000000e+00 1.4000000000e+01
1.0000000000e+00 9.1000000000e+01 1.7952000000e+04 1.7387040000e+04 8.3000000000e+01 1.1000000000e+01 4.6700000000e+02 2.1238077104e+00 1.5470000000e+03 1.9786186061e+00 1.9000000000e+01 1.5000000000e+01
1.0000000000e+00 9.2000000000e+01 9.7430000000e+03 9.4838400000e+03 3.7000000000e+01 6.0000000000e+00 1.1460000000e+03 5.9792594199e+00 1.5580000000e+03 2.7226473591e+00 1.5000000000e+01 1.0000000000e+01
1.0000000000e+00 9.3000000000e+01 6.4870000000e+03 6.3225600000e+03 2.2000000000e+01 4.0000000000e+00 9.6000000000e+02 9.1568593176e+00 1.5950000000e+03 1.2039428799e+01 1.5000000000e+01 7.0000000000e+00
1.0000000000e+00 9.4000000000e+01 2.4695000000e+04 2.3709600000e+04 1.3100000000e+02 1.5000000000e+01 9.1600000000e+02 3.5489059903e+00 1.6060000000e+03 4.7342201297e+00 1.9000000000e+01 1.9000000000e+01
1.0000000000e+00 9.5000000000e+01 1.1524000000e+04 1.1064480000e+04 6.1000000000e+01 7.0000000000e+00 9.3600000000e+02 3.6874411483e+00 1.6040000000e+03 1.1079259903e+00 7.0000000000e+00 1.8000000000e+01
1.0000000000e+00 9.6000000000e+01 8.1220000000e+03 7.9032000000e+03 3.3000000000e+01 5.0000000000e+00 1.1350000000e+03 6.3613518119e+00 1.6540000000e+03 5.9886774677e+00 1.5000000000e+01 1.1000000000e+01
1.0000000000e+00 9.7000000000e+01 1.4647000000e+04 1.4225760000e+04 5.9000000000e+01 9.0000000000e+00 1.1620000000e+03 3.1322419060e+00 1.7180000000e+03 7.2534587264e+00 1.1000000000e+01 1.9000000000e+01
