0.0000000000e+00 0.0000000000e+00 4.8650000000e+03 4.7294700000e+03 7.0000000000e+00 3.0000000000e+00
0.0000000000e+00 1.0000000000e+00 3.2420000000e+03 3.1583700000e+03 8.0000000000e+00 2.0000000000e+00
0.0000000000e+00 2.0000000000e+00 4.8670000000e+03 4.7174700000e+03 1.3000000000e+01 3.0000000000e+00
0.0000000000e+00 3.0000000000e+00 4.8690000000e+03 4.7289500000e+03 7.0000000000e+00 3.0000000000e+00
0.0000000000e+00 4.0000000000e+00 6.5110000000e+03 6.3279500000e+03 1.4000000000e+01 4.0000000000e+00
0.0000000000e+00 5.0000000000e+00 3.2460000000e+03 3.1344700000e+03 4.0000000000e+00 2.0000000000e+00
0.0000000000e+00 6.0000000000e+00 3.2550000000e+03 3.1601900000e+03 7.0000000000e+00 2.0000000000e+00
0.0000000000e+00 7.0000000000e+00 3.2790000000e+03 3.1547900000e+03 7.0000000000e+00 2.0000000000e+00
0.0000000000e+00 8.0000000000e+00 1.1356000000e+04 1.1049490000e+04 2.3000000000e+01 7.0000000000e+00
0.0000000000e+00 9.0000000000e+00 3.3220000000e+03 3.2241500000e+03 5.0000000000e+00 2.0000000000e+00
0.0000000000e+00 1.0000000000e+01 8.1310000000e+03 7.9052200000e+03 2.5000000000e+01 5.0000000000e+00
0.0000000000e+00 1.1000000000e+01 6.4910000000e+03 6.2871500000e+03 1.5000000000e+01 4.0000000000e+00
0.0000000000e+00 1.2000000000e+01 3.2530000000e+03 3.1560400000e+03 9.0000000000e+00 2.0000000000e+00
0.0000000000e+00 1.3000000000e+01 9.7470000000e+03 9.4540200000e+03 2.0000000000e+01 6.0000000000e+00
0.0000000000e+00 1.4000000000e+01 8.1260000000e+03 7.9422800000e+03 1.5000000000e+01 5.0000000000e+00
0.0000000000e+00 1.5000000000e+01 8.1270000000e+03 7.9032800000e+03 1.2000000000e+01 5.0000000000e+00
0.0000000000e+00 1.6000000000e+01 8.1200000000e+03 7.8941000000e+03 2.2000000000e+01 5.0000000000e+00
0.0000000000e+00 1.7000000000e+01 3.2360000000e+03 3.1633800000e+03 7.0000000000e+00 2.0000000000e+00
0.0000000000e+00 1.8000000000e+01 8.1080000000e+03 7.8874800000e+03 1.7000000000e+01 5.0000000000e+00
0.0000000000e+00 1.9000000000e+01 3.2440000000e+03 3.1532200000e+03 8.0000000000e+00 2.0000000000e+00
0.0000000000e+00 2.0000000000e+01 4.8530000000e+03 4.7387500000e+03 7.0000000000e+00 3.0000000000e+00
0.0000000000e+00 2.1000000000e+01 4.8930000000e+03 4.7234400000e+03 1.2000000000e+01 3.0000000000e+00
0.0000000000e+00 2.2000000000e+01 4.8740000000e+03 4.7420600000e+03 1.2000000000e+01 3.0000000000e+00
0.0000000000e+00 2.3000000000e+01 4.8760000000e+03 4.7510000000e+03 8.0000000000e+00 3.0000000000e+00
0.0000000000e+00 2.4000000000e+01 3.2420000000e+03 3.1675300000e+03 6.0000000000e+00 2.0000000000e+00
0.0000000000e+00 2.5000000000e+01 4.8690000000e+03 4.7368300000e+03 6.0000000000e+00 3.0000000000e+00
0.0000000000e+00 2.6000000000e+01 1.6246000000e+04 1.5817360000e+04 2.8000000000e+01 1.0000000000e+01
0.0000000000e+00 2.7000000000e+01 6.5240000000e+03 6.3115000000e+03 1.4000000000e+01 4.0000000000e+00
0.0000000000e+00 2.8000000000e+01 3.2370000000e+03 3.1602000000e+03 6.0000000000e+00 2.0000000000e+00
0.0000000000e+00 2.9000000000e+01 8.1180000000e+03 7.9179000000e+03 1.7000000000e+01 5.0000000000e+00
0.0000000000e+00 3.0000000000e+01 6.4890000000e+03 6.3350000000e+03 1.5000000000e+01 4.0000000000e+00
0.0000000000e+00 3.1000000000e+01 4.8920000000e+03 4.7387600000e+03 9.0000000000e+00 3.0000000000e+00
0.0000000000e+00 3.2000000000e+01 3.2670000000e+03 3.1521800000e+03 6.0000000000e+00 2.0000000000e+00
0.0000000000e+00 3.3000000000e+01 4.8920000000e+03 4.7767800000e+03 9.0000000000e+00 3.0000000000e+00
0.0000000000e+00 3.4000000000e+01 3.2540000000e+03 3.1712200000e+03 6.0000000000e+00 2.0000000000e+00
0.0000000000e+00 3.5000000000e+01 3.2540000000e+03 3.1532500000e+03 5.0000000000e+00 2.0000000000e+00
0.0000000000e+00 3.6000000000e+01 6.5120000000e+03 6.3331600000e+03 1.1000000000e+01 4.0000000000e+00
0.0000000000e+00 3.7000000000e+01 4.8640000000e+03 4.7457000000e+03 1.3000000000e+01 3.0000000000e+00
0.0000000000e+00 3.8000000000e+01 4.8760000000e+03 4.7452300000e+03 9.0000000000e+00 3.0000000000e+00
0.0000000000e+00 3.9000000000e+01 4.8680000000e+03 4.7407200000e+03 7.0000000000e+00 3.0000000000e+00
0.0000000000e+00 4.0000000000e+01 3.2450000000e+03 3.1675500000e+03 7.0000000000e+00 2.0000000000e+00
0.0000000000e+00 4.1000000000e+01 4.8660000000e+03 4.7440100000e+03 8.0000000000e+00 3.0000000000e+00
0.0000000000e+00 4.2000000000e+01 9.7430000000e+03 9.5000100000e+03 1.9000000000e+01 6.0000000000e+00
0.0000000000e+00 4.3000000000e+01 3.2580000000e+03 3.1869000000e+03 7.0000000000e+00 2.0000000000e+00
0.0000000000e+00 4.4000000000e+01 4.9220000000e+03 4.7794200000e+03 1.1000000000e+01 3.0000000000e+00
0.0000000000e+00 4.5000000000e+01 6.5810000000e+03 6.4696400000e+03 1.0000000000e+01 4.0000000000e+00
0.0000000000e+00 4.6000000000e+01 8.1360000000e+03 7.8923600000e+03 1.5000000000e+01 5.0000000000e+00
0.0000000000e+00 4.7000000000e+01 3.0979000000e+04 3.0209440000e+04 5.3000000000e+01 1.9000000000e+01
0.0000000000e+00 4.8000000000e+01 3.2610000000e+03 3.1668500000e+03 9.0000000000e+00 2.0000000000e+00
0.0000000000e+00 4.9000000000e+01 3.2560000000e+03 3.1678100000e+03 8.0000000000e+00 2.0000000000e+00
0.0000000000e+00 5.0000000000e+01 3.2690000000e+03 3.2180900000e+03 6.0000000000e+00 2.0000000000e+00
0.0000000000e+00 5.1000000000e+01 8.1330000000e+03 7.9197500000e+03 1.3000000000e+01 5.0000000000e+00
0.0000000000e+00 5.2000000000e+01 4.8750000000e+03 4.7420300000e+03 9.0000000000e+00 3.0000000000e+00
0.0000000000e+00 5.3000000000e+01 3.2640000000e+03 3.1639400000e+03 3.0000000000e+00 2.0000000000e+00
0.0000000000e+00 5.4000000000e+01 3.2400000000e+03 3.1613100000e+03 5.0000000000e+00 2.0000000000e+00
0.0000000000e+00 5.5000000000e+01 3.2350000000e+03 3.1660700000e+03 6.0000000000e+00 2.0000000000e+00
0.0000000000e+00 5.6000000000e+01 6.5070000000e+03 6.3147700000e+03 1.7000000000e+01 4.0000000000e+00
0.0000000000e+00 5.7000000000e+01 3.2480000000e+03 3.1622400000e+03 7.0000000000e+00 2.0000000000e+00
0.0000000000e+00 5.8000000000e+01 3.2490000000e+03 3.1563100000e+03 6.0000000000e+00 2.0000000000e+00
0.0000000000e+00 5.9000000000e+01 6.5210000000e+03 6.3206400000e+03 1.1000000000e+01 4.0000000000e+00
0.0000000000e+00 6.0000000000e+01 4.8980000000e+03 4.7410800000e+03 1.2000000000e+01 3.0000000000e+00
0.0000000000e+00 6.1000000000e+01 3.2650000000e+03 3.1570100000e+03 2.0000000000e+00 2.0000000000e+00
0.0000000000e+00 6.2000000000e+01 3.2460000000e+03 3.1907100000e+03 6.0000000000e+00 2.0000000000e+00
0.0000000000e+00 6.3000000000e+01 3.2530000000e+03 3.1707900000e+03 9.0000000000e+00 2.0000000000e+00
0.0000000000e+00 6.4000000000e+01 1.1349000000e+04 1.1084480000e+04 2.0000000000e+01 7.0000000000e+00
0.0000000000e+00 6.5000000000e+01 8.1200000000e+03 7.9781600000e+03 1.3000000000e+01 5.0000000000e+00
0.0000000000e+00 6.6000000000e+01 1.6252000000e+04 1.5816670000e+04 3.0000000000e+01 1.0000000000e+01
0.0000000000e+00 6.7000000000e+01 6.5060000000e+03 6.3257200000e+03 1.2000000000e+01 4.0000000000e+00
0.0000000000e+00 6.8000000000e+01 4.9040000000e+03 4.8503900000e+03 1.2000000000e+01 3.0000000000e+00
0.0000000000e+00 6.9000000000e+01 4.8600000000e+03 4.7301500000e+03 1.0000000000e+01 3.0000000000e+00
0.0000000000e+00 7.0000000000e+01 3.2470000000e+03 3.1673100000e+03 7.0000000000e+00 2.0000000000e+00
0.0000000000e+00 7.1000000000e+01 3.2370000000e+03 3.1626000000e+03 6.0000000000e+00 2.0000000000e+00
0.0000000000e+00 7.2000000000e+01 3.2810000000e+03 3.1580800000e+03 4.0000000000e+00 2.0000000000e+00
0.0000000000e+00 7.3000000000e+01 4.8850000000e+03 4.7444200000e+03 9.0000000000e+00 3.0000000000e+00
0.0000000000e+00 7.4000000000e+01 4.8960000000e+03 4.7285900000e+03 6.0000000000e+00 3.0000000000e+00
0.0000000000e+00 7.5000000000e+01 3.2530000000e+03 3.1566100000e+03 7.0000000000e+00 2.0000000000e+00
0.0000000000e+00 7.6000000000e+01 3.2840000000e+03 3.2390300000e+03 8.0000000000e+00 2.0000000000e+00
0.0000000000e+00 7.7000000000e+01 1.4585000000e+04 1.4238930000e+04 3.5000000000e+01 9.0000000000e+00
0.0000000000e+00 7.8000000000e+01 8.1360000000e+03 7.8925500000e+03 1.8000000000e+01 5.0000000000e+00
0.0000000000e+00 7.9000000000e+01 3.2660000000e+03 3.1642800000e+03 6.0000000000e+00 2.0000000000e+00
0.0000000000e+00 8.0000000000e+01 8.1200000000e+03 7.9427800000e+03 1.5000000000e+01 5.0000000000e+00
0.0000000000e+00 8.1000000000e+01 3.2580000000e+03 3.1691400000e+03 7.0000000000e+00 2.0000000000e+00
0.0000000000e+00 8.2000000000e+01 3.2490000000e+03 3.1671600000e+03 5.0000000000e+00 2.0000000000e+00
0.0000000000e+00 8.3000000000e+01 4.9010000000e+03 4.7245400000e+03 6.0000000000e+00 3.0000000000e+00
0.0000000000e+00 8.4000000000e+01 9.7980000000e+03 9.5533000000e+03 1.5000000000e+01 6.0000000000e+00
0.0000000000e+00 8.5000000000e+01 8.1190000000e+03 7.9134600000e+03 1.5000000000e+01 5.0000000000e+00
0.0000000000e+00 8.6000000000e+01 3.2650000000e+03 3.1602900000e+03 7.0000000000e+00 2.0000000000e+00
0.0000000000e+00 8.7000000000e+01 6.4950000000e+03 6.3358400000e+03 1.3000000000e+01 4.0000000000e+00
0.0000000000e+00 8.8000000000e+01 4.8730000000e+03 4.7388200000e+03 1.2000000000e+01 3.0000000000e+00
0.0000000000e+00 8.9000000000e+01 3.2460000000e+03 3.1716700000e+03 1.0000000000e+01 2.0000000000e+00
0.0000000000e+00 9.0000000000e+01 3.2420000000e+03 3.1792600000e+03 5.0000000000e+00 2.0000000000e+00
0.0000000000e+00 9.1000000000e+01 2.2745000000e+04 2.2189490000e+04 4.4000000000e+01 1.4000000000e+01
0.0000000000e+00 9.2000000000e+01 9.7730000000e+03 9.4977800000e+03 1.7000000000e+01 6.0000000000e+00
0.0000000000e+00 9.3000000000e+01 3.2350000000e+03 3.1695700000e+03 7.0000000000e+00 2.0000000000e+00
0.0000000000e+00 9.4000000000e+01 3.2480000000e+03 3.1571800000e+03 4.0000000000e+00 2.0000000000e+00
0.0000000000e+00 9.5000000000e+01 1.6297000000e+04 1.5854770000e+04 3.0000000000e+01 1.0000000000e+01
0.0000000000e+00 9.6000000000e+01 3.2400000000e+03 3.1697300000e+03 6.0000000000e+00 2.0000000000e+00
0.0000000000e+00 9.7000000000e+01 3.2820000000e+03 3.2048000000e+03 6.0000000000e+00 2.0000000000e+00
0.0000000000e+00 9.8000000000e+01 9.7410000000e+03 9.4938300000e+03 1.8000000000e+01 6.0000000000e+00
0.0000000000e+00 9.9000000000e+01 3.2390000000e+03 3.1642700000e+03 6.0000000000e+00 2.0000000000e+00
0.0000000000e+00 1.0000000000e+02 4.8900000000e+03 4.7487500000e+03 1.2000000000e+01 3.0000000000e+00
0.0000000000e+00 1.0100000000e+02 3.2370000000e+03 3.1709600000e+03 7.0000000000e+00 2.0000000000e+00
0.0000000000e+00 1.0200000000e+02 4.8960000000e+03 4.8090900000e+03 1.0000000000e+01 3.0000000000e+00
0.0000000000e+00 1.0300000000e+02 4.8640000000e+03 4.7484200000e+03 1.2000000000e+01 3.0000000000e+00
0.0000000000e+00 1.0400000000e+02 1.1387000000e+04 1.1097310000e+04 4.0000000000e+01 7.0000000000e+00
0.0000000000e+00 1.0500000000e+02 3.2680000000e+03 3.1634900000e+03 1.0000000000e+01 2.0000000000e+00
0.0000000000e+00 1.0600000000e+02 4.8950000000e+03 4.7363600000e+03 8.0000000000e+00 3.0000000000e+00
0.0000000000e+00 1.0700000000e+02 6.5030000000e+03 6.3329700000e+03 1.3000000000e+01 4.0000000000e+00
0.0000000000e+00 1.0800000000e+02 3.2610000000e+03 3.1621000000e+03 7.0000000000e+00 2.0000000000e+00
0.0000000000e+00 1.0900000000e+02 3.2820000000e+03 3.1639800000e+03 2.0000000000e+00 2.0000000000e+00
0.0000000000e+00 1.1000000000e+02 4.9420000000e+03 4.7362000000e+03 9.0000000000e+00 3.0000000000e+00
0.0000000000e+00 1.1100000000e+02 8.1430000000e+03 7.9241500000e+03 1.7000000000e+01 5.0000000000e+00
0.0000000000e+00 1.1200000000e+02 3.3100000000e+03 3.1948100000e+03 1.1000000000e+01 2.0000000000e+00
0.0000000000e+00 1.1300000000e+02 3.2480000000e+03 3.1582700000e+03 6.0000000000e+00 2.0000000000e+00
0.0000000000e+00 1.1400000000e+02 3.2540000000e+03 3.1738500000e+03 8.0000000000e+00 2.0000000000e+00
0.0000000000e+00 1.1500000000e+02 4.8700000000e+03 4.7480900000e+03 1.1000000000e+01 3.0000000000e+00
0.0000000000e+00 1.1600000000e+02 3.2390000000e+03 3.1704500000e+03 6.0000000000e+00 2.0000000000e+00
0.0000000000e+00 1.1700000000e+02 4.8660000000e+03 4.7460000000e+03 7.0000000000e+00 3.0000000000e+00
0.0000000000e+00 1.1800000000e+02 1.7906000000e+04 1.7478150000e+04 3.4000000000e+01 1.1000000000e+01
0.0000000000e+00 1.1900000000e+02 3.2430000000e+03 3.1596100000e+03 2.0000000000e+00 2.0000000000e+00
0.0000000000e+00 1.2000000000e+02 3.2470000000e+03 3.1668200000e+03 6.0000000000e+00 2.0000000000e+00
0.0000000000e+00 1.2100000000e+02 1.1438000000e+04 1.1203920000e+04 3.6000000000e+01 7.0000000000e+00
0.0000000000e+00 1.2200000000e+02 4.8680000000e+03 4.7432400000e+03 8.0000000000e+00 3.0000000000e+00
0.0000000000e+00 1.2300000000e+02 4.9200000000e+03 4.8159600000e+03 7.0000000000e+00 3.0000000000e+00
0.0000000000e+00 1.2400000000e+02 3.2360000000e+03 3.1556400000e+03 8.0000000000e+00 2.0000000000e+00
0.0000000000e+00 1.2500000000e+02 3.2610000000e+03 3.1630200000e+03 3.0000000000e+00 2.0000000000e+00
0.0000000000e+00 1.2600000000e+02 3.2840000000e+03 3.1692200000e+03 6.0000000000e+00 2.0000000000e+00
0.0000000000e+00 1.2700000000e+02 3.2460000000e+03 3.1671400000e+03 8.0000000000e+00 2.0000000000e+00
0.0000000000e+00 1.2800000000e+02 3.2700000000e+03 3.1580800000e+03 6.0000000000e+00 2.0000000000e+00
0.0000000000e+00 1.2900000000e+02 3.2370000000e+03 3.1745700000e+03 7.0000000000e+00 2.0000000000e+00
0.0000000000e+00 1.3000000000e+02 3.2600000000e+03 3.2226300000e+03 4.0000000000e+00 2.0000000000e+00
0.0000000000e+00 1.3100000000e+02 1.1384000000e+04 1.1071910000e+04 2.5000000000e+01 7.0000000000e+00
0.0000000000e+00 1.3200000000e+02 6.5240000000e+03 6.3843700000e+03 1.1000000000e+01 4.0000000000e+00
0.0000000000e+00 1.3300000000e+02 4.8730000000e+03 4.7547100000e+03 9.0000000000e+00 3.0000000000e+00
0.0000000000e+00 1.3400000000e+02 6.4780000000e+03 6.3284000000e+03 1.0000000000e+01 4.0000000000e+00
0.0000000000e+00 1.3500000000e+02 3.2610000000e+03 3.1617300000e+03 4.0000000000e+00 2.0000000000e+00
0.0000000000e+00 1.3600000000e+02 6.5110000000e+03 6.3324800000e+03 1.2000000000e+01 4.0000000000e+00
0.0000000000e+00 1.3700000000e+02 3.2480000000e+03 3.1714600000e+03 7.0000000000e+00 2.0000000000e+00
0.0000000000e+00 1.3800000000e+02 4.8570000000e+03 4.7416200000e+03 7.0000000000e+00 3.0000000000e+00
0.0000000000e+00 1.3900000000e+02 3.2580000000e+03 3.2212300000e+03 4.0000000000e+00 2.0000000000e+00
0.0000000000e+00 1.4000000000e+02 3.2420000000e+03 3.1701700000e+03 6.0000000000e+00 2.0000000000e+00
0.0000000000e+00 1.4100000000e+02 3.2550000000e+03 3.1585300000e+03 1.0000000000e+01 2.0000000000e+00
0.0000000000e+00 1.4200000000e+02 3.2590000000e+03 3.1605800000e+03 6.0000000000e+00 2.0000000000e+00
0.0000000000e+00 1.4300000000e+02 6.4970000000e+03 6.3441000000e+03 1.6000000000e+01 4.0000000000e+00
0.0000000000e+00 1.4400000000e+02 3.2500000000e+03 3.1628000000e+03 6.0000000000e+00 2.0000000000e+00
0.0000000000e+00 1.4500000000e+02 4.8720000000e+03 4.7553800000e+03 1.1000000000e+01 3.0000000000e+00
0.0000000000e+00 1.4600000000e+02 3.2450000000e+03 3.1684600000e+03 3.0000000000e+00 2.0000000000e+00
0.0000000000e+00 1.4700000000e+02 4.8710000000e+03 4.7636500000e+03 1.2000000000e+01 3.0000000000e+00
0.0000000000e+00 1.4800000000e+02 4.9620000000e+03 4.8679400000e+03 1.0000000000e+01 3.0000000000e+00
0.0000000000e+00 1.4900000000e+02 3.2420000000e+03 3.1584700000e+03 5.0000000000e+00 2.0000000000e+00
0.0000000000e+00 1.5000000000e+02 1.1396000000e+04 1.1095900000e+04 1.6000000000e+01 7.0000000000e+00
0.0000000000e+00 1.5100000000e+02 5.1887000000e+04 4.9105000000e+04 3.3300000000e+02 3.1000000000e+01
0.0000000000e+00 1.5200000000e+02 3.2770000000e+03 3.1625800000e+03 9.0000000000e+00 2.0000000000e+00
0.0000000000e+00 1.5300000000e+02 9.7430000000e+03 9.4765200000e+03 2.5000000000e+01 6.0000000000e+00
0.0000000000e+00 1.5400000000e+02 6.4860000000e+03 6.3339100000e+03 1.3000000000e+01 4.0000000000e+00
0.0000000000e+00 1.5500000000e+02 3.2380000000e+03 3.1707800000e+03 7.0000000000e+00 2.0000000000e+00
0.0000000000e+00 1.5600000000e+02 3.2560000000e+03 3.1729400000e+03 1.1000000000e+01 2.0000000000e+00
0.0000000000e+00 1.5700000000e+02 9.7290000000e+03 9.4860100000e+03 1.7000000000e+01 6.0000000000e+00
0.0000000000e+00 1.5800000000e+02 3.2370000000e+03 3.1641900000e+03 8.0000000000e+00 2.0000000000e+00
0.0000000000e+00 1.5900000000e+02 2.8058000000e+04 2.6909070000e+04 1.4200000000e+02 1.7000000000e+01
0.0000000000e+00 1.6000000000e+02 3.3490000000e+03 3.2764200000e+03 8.0000000000e+00 2.0000000000e+00
0.0000000000e+00 1.6100000000e+02 3.2770000000e+03 3.1568500000e+03 5.0000000000e+00 2.0000000000e+00
0.0000000000e+00 1.6200000000e+02 3.2440000000e+03 3.1584600000e+03 7.0000000000e+00 2.0000000000e+00
0.0000000000e+00 1.6300000000e+02 3.2450000000e+03 3.1585500000e+03 3.0000000000e+00 2.0000000000e+00
0.0000000000e+00 1.6400000000e+02 3.2490000000e+03 3.1503400000e+03 5.0000000000e+00 2.0000000000e+00
0.0000000000e+00 1.6500000000e+02 1.4649000000e+04 1.4263170000e+04 3.2000000000e+01 9.0000000000e+00
0.0000000000e+00 1.6600000000e+02 5.2380000000e+03 5.1973200000e+03 5.0000000000e+00 3.0000000000e+00
0.0000000000e+00 1.6700000000e+02 1.3117000000e+04 1.2813990000e+04 2.7000000000e+01 8.0000000000e+00
0.0000000000e+00 1.6800000000e+02 6.4880000000e+03 6.3320300000e+03 1.1000000000e+01 4.0000000000e+00
0.0000000000e+00 1.6900000000e+02 3.2530000000e+03 3.2116000000e+03 4.0000000000e+00 2.0000000000e+00
0.0000000000e+00 1.7000000000e+02 3.4403000000e+04 3.3247650000e+04 1.1700000000e+02 2.1000000000e+01
0.0000000000e+00 1.7100000000e+02 3.2500000000e+03 3.1608700000e+03 7.0000000000e+00 2.0000000000e+00
0.0000000000e+00 1.7200000000e+02 6.4970000000e+03 6.3319000000e+03 1.5000000000e+01 4.0000000000e+00
0.0000000000e+00 1.7300000000e+02 2.4698000000e+04 2.3693390000e+04 1.0900000000e+02 1.5000000000e+01
0.0000000000e+00 1.7400000000e+02 1.6547000000e+04 1.5832210000e+04 9.1000000000e+01 1.0000000000e+01
0.0000000000e+00 1.7500000000e+02 3.2590000000e+03 3.1547600000e+03 2.0000000000e+00 2.0000000000e+00
0.0000000000e+00 1.7600000000e+02 3.3100000000e+03 3.1401900000e+03 1.1000000000e+01 2.0000000000e+00
0.0000000000e+00 1.7700000000e+02 3.2570000000e+03 3.1648100000e+03 6.0000000000e+00 2.0000000000e+00
0.0000000000e+00 1.7800000000e+02 4.8800000000e+03 4.7534700000e+03 7.0000000000e+00 3.0000000000e+00
0.0000000000e+00 1.7900000000e+02 3.2450000000e+03 3.1610800000e+03 7.0000000000e+00 2.0000000000e+00
0.0000000000e+00 1.8000000000e+02 3.2840000000e+03 3.1623900000e+03 6.0000000000e+00 2.0000000000e+00
0.0000000000e+00 1.8100000000e+02 4.8680000000e+03 4.7204500000e+03 8.0000000000e+00 3.0000000000e+00
0.0000000000e+00 1.8200000000e+02 4.8580000000e+03 4.7691100000e+03 1.3000000000e+01 3.0000000000e+00
0.0000000000e+00 1.8300000000e+02 4.8159000000e+04 4.5878470000e+04 2.5800000000e+02 2.9000000000e+01
0.0000000000e+00 1.8400000000e+02 4.8840000000e+03 4.7546800000e+03 9.0000000000e+00 3.0000000000e+00
0.0000000000e+00 1.8500000000e+02 6.4900000000e+03 6.3379900000e+03 1.2000000000e+01 4.0000000000e+00
0.0000000000e+00 1.8600000000e+02 3.2440000000e+03 3.1654500000e+03 3.0000000000e+00 2.0000000000e+00
0.0000000000e+00 1.8700000000e+02 3.2360000000e+03 3.1631800000e+03 3.0000000000e+00 2.0000000000e+00
0.0000000000e+00 1.8800000000e+02 1.3048000000e+04 1.2651560000e+04 2.3000000000e+01 8.0000000000e+00
0.0000000000e+00 1.8900000000e+02 4.8750000000e+03 4.7571600000e+03 7.0000000000e+00 3.0000000000e+00
0.0000000000e+00 1.9000000000e+02 4.8700000000e+03 4.7383700000e+03 1.1000000000e+01 3.0000000000e+00
0.0000000000e+00 1.9100000000e+02 3.3080000000e+03 3.1688000000e+03 4.0000000000e+00 2.0000000000e+00
0.0000000000e+00 1.9200000000e+02 4.8720000000e+03 4.7815200000e+03 1.3000000000e+01 3.0000000000e+00
0.0000000000e+00 1.9300000000e+02 3.2450000000e+03 3.1642800000e+03 4.0000000000e+00 2.0000000000e+00
0.0000000000e+00 1.9400000000e+02 3.5806000000e+04 3.4870630000e+04 8.0000000000e+01 2.2000000000e+01
0.0000000000e+00 1.9500000000e+02 3.2520000000e+03 3.1887500000e+03 6.0000000000e+00 2.0000000000e+00
0.0000000000e+00 1.9600000000e+02 3.2790000000e+03 3.1677200000e+03 7.0000000000e+00 2.0000000000e+00
0.0000000000e+00 1.9700000000e+02 1.3074000000e+04 1.2715480000e+04 2.4000000000e+01 8.0000000000e+00
0.0000000000e+00 1.9800000000e+02 4.8590000000e+03 4.7396000000e+03 1.0000000000e+01 3.0000000000e+00
0.0000000000e+00 1.9900000000e+02 2.7675000000e+04 2.6966170000e+04 5.4000000000e+01 1.7000000000e+01
0.0000000000e+00 2.0000000000e+02 8.1100000000e+03 7.9309800000e+03 1.0000000000e+01 5.0000000000e+00
0.0000000000e+00 2.0100000000e+02 3.2660000000e+03 3.1653000000e+03 5.0000000000e+00 2.0000000000e+00
0.0000000000e+00 2.0200000000e+02 3.2600000000e+03 3.1730800000e+03 7.0000000000e+00 2.0000000000e+00
0.0000000000e+00 2.0300000000e+02 3.2600000000e+03 3.1735300000e+03 1.0000000000e+01 2.0000000000e+00
0.0000000000e+00 2.0400000000e+02 3.2530000000e+03 3.1703800000e+03 6.0000000000e+00 2.0000000000e+00
0.0000000000e+00 2.0500000000e+02 3.2660000000e+03 3.1708800000e+03 5.0000000000e+00 2.0000000000e+00
0.0000000000e+00 2.0600000000e+02 3.2880000000e+03 3.2268400000e+03 6.0000000000e+00 2.0000000000e+00
0.0000000000e+00 2.0700000000e+02 3.2460000000e+03 3.1540800000e+03 7.0000000000e+00 2.0000000000e+00
0.0000000000e+00 2.0800000000e+02 3.2440000000e+03 3.1664100000e+03 6.0000000000e+00 2.0000000000e+00
0.0000000000e+00 2.0900000000e+02 1.7237700000e+05 1.6658421000e+05 7.3700000000e+02 1.0500000000e+02
0.0000000000e+00 2.1000000000e+02 7.7341000000e+04 7.4496450000e+04 3.6700000000e+02 4.7000000000e+01
0.0000000000e+00 2.1100000000e+02 9.7370000000e+03 9.5002600000e+03 2.0000000000e+01 6.0000000000e+00
0.0000000000e+00 2.1200000000e+02 3.2560000000e+03 3.1515000000e+03 6.0000000000e+00 2.0000000000e+00
0.0000000000e+00 2.1300000000e+02 4.8880000000e+03 4.7550700000e+03 7.0000000000e+00 3.0000000000e+00
0.0000000000e+00 2.1400000000e+02 3.2390000000e+03 3.1489100000e+03 9.0000000000e+00 2.0000000000e+00
0.0000000000e+00 2.1500000000e+02 1.6338000000e+04 1.5903350000e+04 2.6000000000e+01 1.0000000000e+01
0.0000000000e+00 2.1600000000e+02 8.1010000000e+03 7.9007000000e+03 1.1000000000e+01 5.0000000000e+00
0.0000000000e+00 2.1700000000e+02 4.1545000000e+04 3.9612110000e+04 2.0400000000e+02 2.5000000000e+01
0.0000000000e+00 2.1800000000e+02 1.1368000000e+04 1.1092000000e+04 1.3000000000e+01 7.0000000000e+00
0.0000000000e+00 2.1900000000e+02 1.6320000000e+04 1.5845330000e+04 3.7000000000e+01 1.0000000000e+01
0.0000000000e+00 2.2000000000e+02 3.2380000000e+03 3.1729900000e+03 9.0000000000e+00 2.0000000000e+00
0.0000000000e+00 2.2100000000e+02 9.7860000000e+03 9.5980500000e+03 1.5000000000e+01 6.0000000000e+00
0.0000000000e+00 2.2200000000e+02 2.4612000000e+04 2.3756900000e+04 8.6000000000e+01 1.5000000000e+01
0.0000000000e+00 2.2300000000e+02 4.8580000000e+03 4.7393700000e+03 9.0000000000e+00 3.0000000000e+00
0.0000000000e+00 2.2400000000e+02 8.1220000000e+03 7.9050200000e+03 1.5000000000e+01 5.0000000000e+00
0.0000000000e+00 2.2500000000e+02 9.7480000000e+03 9.5516800000e+03 1.5000000000e+01 6.0000000000e+00
0.0000000000e+00 2.2600000000e+02 2.1115000000e+04 2.0605320000e+04 4.1000000000e+01 1.3000000000e+01
0.0000000000e+00 2.2700000000e+02 1.2991000000e+04 1.2645140000e+04 2.7000000000e+01 8.0000000000e+00
0.0000000000e+00 2.2800000000e+02 3.2380000000e+03 3.1548700000e+03 5.0000000000e+00 2.0000000000e+00
0.0000000000e+00 2.2900000000e+02 3.2630000000e+03 3.1570900000e+03 7.0000000000e+00 2.0000000000e+00
0.0000000000e+00 2.3000000000e+02 1.1385000000e+04 1.1083180000e+04 2.0000000000e+01 7.0000000000e+00
0.0000000000e+00 2.3100000000e+02 4.8800000000e+03 4.7270400000e+03 9.0000000000e+00 3.0000000000e+00
0.0000000000e+00 2.3200000000e+02 1.9613000000e+04 1.9152500000e+04 2.8000000000e+01 1.2000000000e+01
0.0000000000e+00 2.3300000000e+02 6.4910000000e+03 6.3587700000e+03 1.0000000000e+01 4.0000000000e+00
0.0000000000e+00 2.3400000000e+02 3.2670000000e+03 3.1563400000e+03 9.0000000000e+00 2.0000000000e+00
0.0000000000e+00 2.3500000000e+02 2.3450000000e+04 2.2329860000e+04 1.2700000000e+02 1.4000000000e+01
0.0000000000e+00 2.3600000000e+02 3.2620000000e+03 3.1597100000e+03 6.0000000000e+00 2.0000000000e+00
0.0000000000e+00 2.3700000000e+02 4.8710000000e+03 4.7395500000e+03 8.0000000000e+00 3.0000000000e+00
0.0000000000e+00 2.3800000000e+02 3.9431000000e+04 3.8008610000e+04 1.8100000000e+02 2.4000000000e+01
0.0000000000e+00 2.3900000000e+02 3.2430000000e+03 3.1602700000e+03 3.0000000000e+00 2.0000000000e+00
0.0000000000e+00 2.4000000000e+02 9.7730000000e+03 9.5290200000e+03 2.4000000000e+01 6.0000000000e+00
0.0000000000e+00 2.4100000000e+02 8.1370000000e+03 7.9062400000e+03 1.7000000000e+01 5.0000000000e+00
0.0000000000e+00 2.4200000000e+02 3.2360000000e+03 3.1689800000e+03 7.0000000000e+00 2.0000000000e+00
0.0000000000e+00 2.4300000000e+02 4.8750000000e+03 4.7509200000e+03 1.1000000000e+01 3.0000000000e+00
0.0000000000e+00 2.4400000000e+02 3.2480000000e+03 3.1611700000e+03 6.0000000000e+00 2.0000000000e+00
0.0000000000e+00 2.4500000000e+02 3.2540000000e+03 3.1729100000e+03 9.0000000000e+00 2.0000000000e+00
0.0000000000e+00 2.4600000000e+02 1.4619000000e+04 1.4337000000e+04 2.7000000000e+01 9.0000000000e+00
0.0000000000e+00 2.4700000000e+02 1.6298000000e+04 1.5851710000e+04 5.8000000000e+01 1.0000000000e+01
0.0000000000e+00 2.4800000000e+02 6.4950000000e+03 6.3204600000e+03 1.5000000000e+01 4.0000000000e+00
0.0000000000e+00 2.4900000000e+02 3.2380000000e+03 3.1655800000e+03 7.0000000000e+00 2.0000000000e+00
0.0000000000e+00 2.5000000000e+02 3.2630000000e+03 3.1412700000e+03 5.0000000000e+00 2.0000000000e+00
0.0000000000e+00 2.5100000000e+02 4.3033000000e+04 4.1265520000e+04 1.7800000000e+02 2.6000000000e+01
0.0000000000e+00 2.5200000000e+02 6.5230000000e+03 6.3325500000e+03 1.9000000000e+01 4.0000000000e+00
0.0000000000e+00 2.5300000000e+02 4.8790000000e+03 4.7337300000e+03 7.0000000000e+00 3.0000000000e+00
0.0000000000e+00 2.5400000000e+02 3.2670000000e+03 3.1639000000e+03 6.0000000000e+00 2.0000000000e+00
0.0000000000e+00 2.5500000000e+02 8.1110000000e+03 7.8884500000e+03 1.3000000000e+01 5.0000000000e+00
0.0000000000e+00 2.5600000000e+02 3.2520000000e+03 3.1609100000e+03 8.0000000000e+00 2.0000000000e+00
0.0000000000e+00 2.5700000000e+02 6.5670000000e+03 6.4333400000e+03 1.1000000000e+01 4.0000000000e+00
0.0000000000e+00 2.5800000000e+02 4.8610000000e+03 4.7447100000e+03 8.0000000000e+00 3.0000000000e+00
0.0000000000e+00 2.5900000000e+02 4.9060000000e+03 4.7477100000e+03 8.0000000000e+00 3.0000000000e+00
0.0000000000e+00 2.6000000000e+02 3.2650000000e+03 3.1555400000e+03 4.0000000000e+00 2.0000000000e+00
0.0000000000e+00 2.6100000000e+02 1.7974000000e+04 1.7413400000e+04 7.7000000000e+01 1.1000000000e+01
0.0000000000e+00 2.6200000000e+02 3.2390000000e+03 3.1743800000e+03 8.0000000000e+00 2.0000000000e+00
0.0000000000e+00 2.6300000000e+02 4.8780000000e+03 4.7598900000e+03 8.0000000000e+00 3.0000000000e+00
0.0000000000e+00 2.6400000000e+02 1.4791000000e+04 1.4395120000e+04 3.0000000000e+01 9.0000000000e+00
0.0000000000e+00 2.6500000000e+02 3.2450000000e+03 3.1687000000e+03 6.0000000000e+00 2.0000000000e+00
0.0000000000e+00 2.6600000000e+02 4.8590000000e+03 4.7469400000e+03 1.7000000000e+01 3.0000000000e+00
0.0000000000e+00 2.6700000000e+02 1.3004000000e+04 1.2665170000e+04 4.8000000000e+01 8.0000000000e+00
0.0000000000e+00 2.6800000000e+02 3.2410000000e+03 3.1653400000e+03 6.0000000000e+00 2.0000000000e+00
0.0000000000e+00 2.6900000000e+02 1.2969000000e+04 1.2660940000e+04 2.5000000000e+01 8.0000000000e+00
0.0000000000e+00 2.7000000000e+02 4.8930000000e+03 4.7540800000e+03 1.3000000000e+01 3.0000000000e+00
0.0000000000e+00 2.7100000000e+02 3.2490000000e+03 3.1893200000e+03 6.0000000000e+00 2.0000000000e+00
0.0000000000e+00 2.7200000000e+02 3.2500000000e+03 3.1624200000e+03 7.0000000000e+00 2.0000000000e+00
0.0000000000e+00 2.7300000000e+02 4.8710000000e+03 4.7587200000e+03 1.3000000000e+01 3.0000000000e+00
0.0000000000e+00 2.7400000000e+02 1.6295000000e+04 1.5857840000e+04 5.2000000000e+01 1.0000000000e+01
0.0000000000e+00 2.7500000000e+02 9.7770000000e+03 9.5092200000e+03 2.0000000000e+01 6.0000000000e+00
0.0000000000e+00 2.7600000000e+02 3.2610000000e+03 3.1814200000e+03 8.0000000000e+00 2.0000000000e+00
0.0000000000e+00 2.7700000000e+02 3.2450000000e+03 3.1685400000e+03 6.0000000000e+00 2.0000000000e+00
0.0000000000e+00 2.7800000000e+02 3.2460000000e+03 3.1704600000e+03 8.0000000000e+00 2.0000000000e+00
0.0000000000e+00 2.7900000000e+02 6.5320000000e+03 6.3387500000e+03 1.5000000000e+01 4.0000000000e+00
0.0000000000e+00 2.8000000000e+02 3.2410000000e+03 3.1658500000e+03 9.0000000000e+00 2.0000000000e+00
0.0000000000e+00 2.8100000000e+02 3.2790000000e+03 3.1616300000e+03 9.0000000000e+00 2.0000000000e+00
0.0000000000e+00 2.8200000000e+02 3.2570000000e+03 3.1697300000e+03 4.0000000000e+00 2.0000000000e+00
0.0000000000e+00 2.8300000000e+02 1.4613000000e+04 1.4230830000e+04 2.5000000000e+01 9.0000000000e+00
0.0000000000e+00 2.8400000000e+02 6.6798000000e+04 6.5089670000e+04 2.1000000000e+02 4.1000000000e+01
0.0000000000e+00 2.8500000000e+02 3.5867000000e+04 3.4814050000e+04 1.0100000000e+02 2.2000000000e+01
0.0000000000e+00 2.8600000000e+02 3.2740000000e+03 3.1659100000e+03 6.0000000000e+00 2.0000000000e+00
0.0000000000e+00 2.8700000000e+02 2.7754000000e+04 2.6994110000e+04 8.9000000000e+01 1.7000000000e+01
0.0000000000e+00 2.8800000000e+02 3.2680000000e+03 3.1579900000e+03 5.0000000000e+00 2.0000000000e+00
0.0000000000e+00 2.8900000000e+02 3.2420000000e+03 3.1616700000e+03 5.0000000000e+00 2.0000000000e+00
0.0000000000e+00 2.9000000000e+02 4.9220000000e+03 4.7479500000e+03 1.3000000000e+01 3.0000000000e+00
0.0000000000e+00 2.9100000000e+02 3.2500000000e+03 3.1586000000e+03 3.0000000000e+00 2.0000000000e+00
0.0000000000e+00 2.9200000000e+02 4.8710000000e+03 4.7430500000e+03 1.0000000000e+01 3.0000000000e+00
0.0000000000e+00 2.9300000000e+02 3.2610000000e+03 3.1692300000e+03 5.0000000000e+00 2.0000000000e+00
0.0000000000e+00 2.9400000000e+02 4.8760000000e+03 4.7594300000e+03 1.1000000000e+01 3.0000000000e+00
0.0000000000e+00 2.9500000000e+02 6.5170000000e+03 6.3294400000e+03 7.0000000000e+00 4.0000000000e+00
0.0000000000e+00 2.9600000000e+02 3.3188000000e+04 3.1681820000e+04 1.8100000000e+02 2.0000000000e+01
0.0000000000e+00 2.9700000000e+02 3.2540000000e+03 3.1699400000e+03 8.0000000000e+00 2.0000000000e+00
0.0000000000e+00 2.9800000000e+02 6.4890000000e+03 6.3342600000e+03 1.7000000000e+01 4.0000000000e+00
0.0000000000e+00 2.9900000000e+02 8.2620000000e+03 8.1533700000e+03 1.5000000000e+01 5.0000000000e+00
0.0000000000e+00 3.0000000000e+02 8.1110000000e+03 7.9029300000e+03 1.5000000000e+01 5.0000000000e+00
0.0000000000e+00 3.0100000000e+02 3.2790000000e+03 3.2066800000e+03 7.0000000000e+00 2.0000000000e+00
0.0000000000e+00 3.0200000000e+02 2.2801000000e+04 2.2197440000e+04 4.4000000000e+01 1.4000000000e+01
0.0000000000e+00 3.0300000000e+02 9.7550000000e+03 9.5102100000e+03 1.7000000000e+01 6.0000000000e+00
0.0000000000e+00 3.0400000000e+02 1.9796000000e+04 1.9014400000e+04 1.0300000000e+02 1.2000000000e+01
0.0000000000e+00 3.0500000000e+02 6.5280000000e+03 6.4041200000e+03 1.1000000000e+01 4.0000000000e+00
0.0000000000e+00 3.0600000000e+02 9.8240000000e+03 9.5072800000e+03 2.0000000000e+01 6.0000000000e+00
0.0000000000e+00 3.0700000000e+02 3.2470000000e+03 3.1741000000e+03 5.0000000000e+00 2.0000000000e+00
0.0000000000e+00 3.0800000000e+02 8.1340000000e+03 7.9239200000e+03 1.3000000000e+01 5.0000000000e+00
0.0000000000e+00 3.0900000000e+02 3.2390000000e+03 3.1556800000e+03 4.0000000000e+00 2.0000000000e+00
0.0000000000e+00 3.1000000000e+02 3.2550000000e+03 3.1718800000e+03 5.0000000000e+00 2.0000000000e+00
0.0000000000e+00 3.1100000000e+02 3.2400000000e+03 3.1663100000e+03 6.0000000000e+00 2.0000000000e+00
0.0000000000e+00 3.1200000000e+02 3.6565000000e+04 3.4901780000e+04 2.0400000000e+02 2.2000000000e+01
0.0000000000e+00 3.1300000000e+02 3.2580000000e+03 3.1631500000e+03 6.0000000000e+00 2.0000000000e+00
0.0000000000e+00 3.1400000000e+02 4.9020000000e+03 4.7802600000e+03 1.1000000000e+01 3.0000000000e+00
0.0000000000e+00 3.1500000000e+02 6.4930000000e+03 6.3260800000e+03 9.0000000000e+00 4.0000000000e+00
0.0000000000e+00 3.1600000000e+02 4.8520000000e+03 4.7459800000e+03 9.0000000000e+00 3.0000000000e+00
0.0000000000e+00 3.1700000000e+02 3.2410000000e+03 3.1641000000e+03 5.0000000000e+00 2.0000000000e+00
0.0000000000e+00 3.1800000000e+02 4.8700000000e+03 4.7517100000e+03 9.0000000000e+00 3.0000000000e+00
0.0000000000e+00 3.1900000000e+02 8.1420000000e+03 7.9216500000e+03 1.7000000000e+01 5.0000000000e+00
0.0000000000e+00 3.2000000000e+02 3.2560000000e+03 3.1710400000e+03 6.0000000000e+00 2.0000000000e+00
0.0000000000e+00 3.2100000000e+02 4.9030000000e+03 4.7412400000e+03 5.0000000000e+00 3.0000000000e+00
0.0000000000e+00 3.2200000000e+02 2.1356000000e+04 2.0534300000e+04 1.0400000000e+02 1.3000000000e+01
0.0000000000e+00 3.2300000000e+02 6.5010000000e+03 6.3182400000e+03 1.0000000000e+01 4.0000000000e+00
0.0000000000e+00 3.2400000000e+02 4.8900000000e+03 4.7734000000e+03 7.0000000000e+00 3.0000000000e+00
0.0000000000e+00 3.2500000000e+02 6.4930000000e+03 6.3465700000e+03 1.5000000000e+01 4.0000000000e+00
0.0000000000e+00 3.2600000000e+02 3.2500000000e+03 3.1721100000e+03 7.0000000000e+00 2.0000000000e+00
0.0000000000e+00 3.2700000000e+02 4.8730000000e+03 4.7509600000e+03 1.5000000000e+01 3.0000000000e+00
0.0000000000e+00 3.2800000000e+02 8.1050000000e+03 7.8890400000e+03 1.9000000000e+01 5.0000000000e+00
0.0000000000e+00 3.2900000000e+02 6.4980000000e+03 6.3145500000e+03 1.7000000000e+01 4.0000000000e+00
0.0000000000e+00 3.3000000000e+02 4.8820000000e+03 4.7550400000e+03 2.0000000000e+00 3.0000000000e+00
0.0000000000e+00 3.3100000000e+02 1.1483000000e+04 1.1081950000e+04 4.6000000000e+01 7.0000000000e+00
0.0000000000e+00 3.3200000000e+02 3.2400000000e+03 3.1752300000e+03 8.0000000000e+00 2.0000000000e+00
0.0000000000e+00 3.3300000000e+02 1.1432000000e+04 1.1063810000e+04 2.4000000000e+01 7.0000000000e+00
0.0000000000e+00 3.3400000000e+02 6.4870000000e+03 6.3506500000e+03 1.4000000000e+01 4.0000000000e+00
0.0000000000e+00 3.3500000000e+02 6.5100000000e+03 6.3384300000e+03 1.4000000000e+01 4.0000000000e+00
0.0000000000e+00 3.3600000000e+02 8.1260000000e+03 7.9177100000e+03 1.7000000000e+01 5.0000000000e+00
0.0000000000e+00 3.3700000000e+02 4.8730000000e+03 4.7530500000e+03 1.4000000000e+01 3.0000000000e+00
0.0000000000e+00 3.3800000000e+02 6.5070000000e+03 6.3147700000e+03 1.2000000000e+01 4.0000000000e+00
0.0000000000e+00 3.3900000000e+02 4.9070000000e+03 4.7446900000e+03 9.0000000000e+00 3.0000000000e+00
0.0000000000e+00 3.4000000000e+02 3.2560000000e+03 3.1593900000e+03 2.0000000000e+00 2.0000000000e+00
0.0000000000e+00 3.4100000000e+02 9.7410000000e+03 9.4921600000e+03 2.0000000000e+01 6.0000000000e+00
0.0000000000e+00 3.4200000000e+02 6.5180000000e+03 6.3944900000e+03 8.0000000000e+00 4.0000000000e+00
0.0000000000e+00 3.4300000000e+02 3.2520000000e+03 3.1632900000e+03 7.0000000000e+00 2.0000000000e+00
0.0000000000e+00 3.4400000000e+02 6.5050000000e+03 6.3249100000e+03 1.4000000000e+01 4.0000000000e+00
0.0000000000e+00 3.4500000000e+02 3.2730000000e+03 3.1792300000e+03 9.0000000000e+00 2.0000000000e+00
0.0000000000e+00 3.4600000000e+02 4.8680000000e+03 4.7610100000e+03 1.0000000000e+01 3.0000000000e+00
0.0000000000e+00 3.4700000000e+02 3.2670000000e+03 3.1769200000e+03 6.0000000000e+00 2.0000000000e+00
0.0000000000e+00 3.4800000000e+02 3.2440000000e+03 3.1561300000e+03 6.0000000000e+00 2.0000000000e+00
0.0000000000e+00 3.4900000000e+02 3.2480000000e+03 3.1600400000e+03 5.0000000000e+00 2.0000000000e+00
0.0000000000e+00 3.5000000000e+02 4.8660000000e+03 4.7519400000e+03 8.0000000000e+00 3.0000000000e+00
0.0000000000e+00 3.5100000000e+02 8.1270000000e+03 7.9354300000e+03 2.0000000000e+01 5.0000000000e+00
0.0000000000e+00 3.5200000000e+02 2.1462000000e+04 2.0724690000e+04 9.7000000000e+01 1.3000000000e+01
0.0000000000e+00 3.5300000000e+02 3.2410000000e+03 3.1674300000e+03 8.0000000000e+00 2.0000000000e+00
0.0000000000e+00 3.5400000000e+02 9.7530000000e+03 9.4871400000e+03 1.7000000000e+01 6.0000000000e+00
0.0000000000e+00 3.5500000000e+02 3.2630000000e+03 3.1599100000e+03 4.0000000000e+00 2.0000000000e+00
0.0000000000e+00 3.5600000000e+02 4.8750000000e+03 4.7622700000e+03 1.0000000000e+01 3.0000000000e+00
0.0000000000e+00 3.5700000000e+02 1.1398000000e+04 1.1080760000e+04 3.1000000000e+01 7.0000000000e+00
0.0000000000e+00 3.5800000000e+02 1.1366000000e+04 1.1075130000e+04 2.6000000000e+01 7.0000000000e+00
0.0000000000e+00 3.5900000000e+02 3.2540000000e+03 3.1620500000e+03 9.0000000000e+00 2.0000000000e+00
0.0000000000e+00 3.6000000000e+02 6.5220000000e+03 6.3685200000e+03 1.2000000000e+01 4.0000000000e+00
0.0000000000e+00 3.6100000000e+02 1.3014000000e+04 1.2727510000e+04 2.8000000000e+01 8.0000000000e+00
0.0000000000e+00 3.6200000000e+02 9.7220000000e+03 9.4919900000e+03 1.5000000000e+01 6.0000000000e+00
0.0000000000e+00 3.6300000000e+02 3.2650000000e+03 3.1639200000e+03 6.0000000000e+00 2.0000000000e+00
0.0000000000e+00 3.6400000000e+02 3.2470000000e+03 3.1791900000e+03 8.0000000000e+00 2.0000000000e+00
0.0000000000e+00 3.6500000000e+02 3.2420000000e+03 3.1715400000e+03 8.0000000000e+00 2.0000000000e+00
0.0000000000e+00 3.6600000000e+02 3.3070000000e+03 3.2502500000e+03 6.0000000000e+00 2.0000000000e+00
0.0000000000e+00 3.6700000000e+02 4.8710000000e+03 4.7516500000e+03 8.0000000000e+00 3.0000000000e+00
0.0000000000e+00 3.6800000000e+02 3.2600000000e+03 3.1671400000e+03 6.0000000000e+00 2.0000000000e+00
0.0000000000e+00 3.6900000000e+02 3.2470000000e+03 3.1626100000e+03 8.0000000000e+00 2.0000000000e+00
0.0000000000e+00 3.7000000000e+02 3.2560000000e+03 3.1615200000e+03 9.0000000000e+00 2.0000000000e+00
0.0000000000e+00 3.7100000000e+02 4.3877000000e+04 4.2799190000e+04 1.1900000000e+02 2.7000000000e+01
0.0000000000e+00 3.7200000000e+02 8.1220000000e+03 7.9092700000e+03 2.3000000000e+01 5.0000000000e+00
0.0000000000e+00 3.7300000000e+02 4.8890000000e+03 4.7508800000e+03 8.0000000000e+00 3.0000000000e+00
0.0000000000e+00 3.7400000000e+02 8.1130000000e+03 7.9135500000e+03 1.7000000000e+01 5.0000000000e+00
0.0000000000e+00 3.7500000000e+02 3.2480000000e+03 3.1692000000e+03 4.0000000000e+00 2.0000000000e+00
0.0000000000e+00 3.7600000000e+02 5.5844000000e+04 5.3956990000e+04 2.5100000000e+02 3.4000000000e+01
0.0000000000e+00 3.7700000000e+02 3.2520000000e+03 3.1639600000e+03 4.0000000000e+00 2.0000000000e+00
0.0000000000e+00 3.7800000000e+02 3.1219000000e+04 3.0104490000e+04 1.4900000000e+02 1.9000000000e+01
0.0000000000e+00 3.7900000000e+02 1.4685000000e+04 1.4326200000e+04 3.5000000000e+01 9.0000000000e+00
0.0000000000e+00 3.8000000000e+02 2.1109000000e+04 2.0721260000e+04 4.1000000000e+01 1.3000000000e+01
0.0000000000e+00 3.8100000000e+02 1.1355000000e+04 1.1130220000e+04 2.4000000000e+01 7.0000000000e+00
0.0000000000e+00 3.8200000000e+02 8.1030000000e+03 7.9224100000e+03 1.6000000000e+01 5.0000000000e+00
0.0000000000e+00 3.8300000000e+02 1.3004000000e+04 1.2682130000e+04 2.2000000000e+01 8.0000000000e+00
0.0000000000e+00 3.8400000000e+02 3.2500000000e+03 3.1707000000e+03 6.0000000000e+00 2.0000000000e+00
0.0000000000e+00 3.8500000000e+02 4.8600000000e+03 4.7516700000e+03 1.1000000000e+01 3.0000000000e+00
0.0000000000e+00 3.8600000000e+02 4.8690000000e+03 4.7614500000e+03 1.5000000000e+01 3.0000000000e+00
0.0000000000e+00 3.8700000000e+02 3.2520000000e+03 3.1738500000e+03 8.0000000000e+00 2.0000000000e+00
0.0000000000e+00 3.8800000000e+02 4.8650000000e+03 4.7897500000e+03 6.0000000000e+00 3.0000000000e+00
0.0000000000e+00 3.8900000000e+02 1.1434000000e+04 1.1119990000e+04 3.4000000000e+01 7.0000000000e+00
0.0000000000e+00 3.9000000000e+02 8.1460000000e+03 7.8909900000e+03 1.8000000000e+01 5.0000000000e+00
0.0000000000e+00 3.9100000000e+02 4.9250000000e+03 4.7577400000e+03 1.3000000000e+01 3.0000000000e+00
0.0000000000e+00 3.9200000000e+02 1.3007000000e+04 1.2770640000e+04 2.8000000000e+01 8.0000000000e+00
0.0000000000e+00 3.9300000000e+02 6.5060000000e+03 6.3298100000e+03 1.8000000000e+01 4.0000000000e+00
0.0000000000e+00 3.9400000000e+02 3.2390000000e+03 3.1614200000e+03 4.0000000000e+00 2.0000000000e+00
0.0000000000e+00 3.9500000000e+02 9.7350000000e+03 9.5391900000e+03 1.9000000000e+01 6.0000000000e+00
0.0000000000e+00 3.9600000000e+02 8.1540000000e+03 7.9647800000e+03 1.6000000000e+01 5.0000000000e+00
0.0000000000e+00 3.9700000000e+02 9.8030000000e+03 9.5382300000e+03 2.2000000000e+01 6.0000000000e+00
0.0000000000e+00 3.9800000000e+02 6.4870000000e+03 6.3166100000e+03 1.2000000000e+01 4.0000000000e+00
0.0000000000e+00 3.9900000000e+02 3.2670000000e+03 3.2197600000e+03 5.0000000000e+00 2.0000000000e+00
0.0000000000e+00 4.0000000000e+02 2.6501000000e+04 2.5349320000e+04 1.3900000000e+02 1.6000000000e+01
0.0000000000e+00 4.0100000000e+02 3.2650000000e+03 3.1678700000e+03 4.0000000000e+00 2.0000000000e+00
0.0000000000e+00 4.0200000000e+02 4.8580000000e+03 4.7492800000e+03 1.1000000000e+01 3.0000000000e+00
0.0000000000e+00 4.0300000000e+02 1.6265000000e+04 1.5869980000e+04 4.1000000000e+01 1.0000000000e+01
0.0000000000e+00 4.0400000000e+02 1.6314000000e+04 1.5829010000e+04 3.2000000000e+01 1.0000000000e+01
0.0000000000e+00 4.0500000000e+02 3.2510000000e+03 3.1681000000e+03 6.0000000000e+00 2.0000000000e+00
0.0000000000e+00 4.0600000000e+02 6.4920000000e+03 6.3291200000e+03 1.3000000000e+01 4.0000000000e+00
0.0000000000e+00 4.0700000000e+02 1.1377000000e+04 1.1108010000e+04 2.5000000000e+01 7.0000000000e+00
0.0000000000e+00 4.0800000000e+02 1.6242000000e+04 1.5865250000e+04 3.8000000000e+01 1.0000000000e+01
0.0000000000e+00 4.0900000000e+02 4.8590000000e+03 4.7473300000e+03 7.0000000000e+00 3.0000000000e+00
0.0000000000e+00 4.1000000000e+02 3.2570000000e+03 3.1697200000e+03 8.0000000000e+00 2.0000000000e+00
0.0000000000e+00 4.1100000000e+02 8.1430000000e+03 7.9102400000e+03 1.2000000000e+01 5.0000000000e+00
0.0000000000e+00 4.1200000000e+02 6.4860000000e+03 6.3296900000e+03 1.0000000000e+01 4.0000000000e+00
0.0000000000e+00 4.1300000000e+02 4.8890000000e+03 4.7498600000e+03 1.1000000000e+01 3.0000000000e+00
0.0000000000e+00 4.1400000000e+02 8.1440000000e+03 7.8988000000e+03 1.3000000000e+01 5.0000000000e+00
0.0000000000e+00 4.1500000000e+02 3.2430000000e+03 3.1606200000e+03 9.0000000000e+00 2.0000000000e+00
0.0000000000e+00 4.1600000000e+02 3.2560000000e+03 3.1571000000e+03 5.0000000000e+00 2.0000000000e+00
0.0000000000e+00 4.1700000000e+02 6.5410000000e+03 6.3316900000e+03 9.0000000000e+00 4.0000000000e+00
0.0000000000e+00 4.1800000000e+02 3.2640000000e+03 3.1840300000e+03 9.0000000000e+00 2.0000000000e+00
0.0000000000e+00 4.1900000000e+02 1.3049000000e+04 1.2812890000e+04 3.0000000000e+01 8.0000000000e+00
0.0000000000e+00 4.2000000000e+02 6.4910000000e+03 6.3253800000e+03 9.0000000000e+00 4.0000000000e+00
0.0000000000e+00 4.2100000000e+02 3.2600000000e+03 3.1639400000e+03 6.0000000000e+00 2.0000000000e+00
0.0000000000e+00 4.2200000000e+02 3.2450000000e+03 3.1700400000e+03 8.0000000000e+00 2.0000000000e+00
0.0000000000e+00 4.2300000000e+02 8.1320000000e+03 7.9108000000e+03 2.5000000000e+01 5.0000000000e+00
0.0000000000e+00 4.2400000000e+02 3.6770000000e+03 4.6186900000e+03 5.0000000000e+00 2.0000000000e+00
0.0000000000e+00 4.2500000000e+02 4.8720000000e+03 4.7536500000e+03 8.0000000000e+00 3.0000000000e+00
0.0000000000e+00 4.2600000000e+02 3.2550000000e+03 3.1707800000e+03 9.0000000000e+00 2.0000000000e+00
0.0000000000e+00 4.2700000000e+02 6.5110000000e+03 6.4032100000e+03 7.0000000000e+00 4.0000000000e+00
0.0000000000e+00 4.2800000000e+02 2.3217000000e+04 2.2205610000e+04 1.3400000000e+02 1.4000000000e+01
0.0000000000e+00 4.2900000000e+02 3.2370000000e+03 3.1637100000e+03 5.0000000000e+00 2.0000000000e+00
0.0000000000e+00 4.3000000000e+02 6.5140000000e+03 6.3273600000e+03 1.0000000000e+01 4.0000000000e+00
0.0000000000e+00 4.3100000000e+02 6.5720000000e+03 6.3574300000e+03 1.6000000000e+01 4.0000000000e+00
0.0000000000e+00 4.3200000000e+02 1.3019000000e+04 1.2706550000e+04 2.0000000000e+01 8.0000000000e+00
0.0000000000e+00 4.3300000000e+02 3.2580000000e+03 3.1530200000e+03 4.0000000000e+00 2.0000000000e+00
0.0000000000e+00 4.3400000000e+02 1.4655000000e+04 1.4236130000e+04 3.6000000000e+01 9.0000000000e+00
0.0000000000e+00 4.3500000000e+02 8.1270000000e+03 7.8839200000e+03 1.5000000000e+01 5.0000000000e+00
0.0000000000e+00 4.3600000000e+02 3.2490000000e+03 3.1880300000e+03 1.0000000000e+01 2.0000000000e+00
0.0000000000e+00 4.3700000000e+02 4.8670000000e+03 4.7446400000e+03 1.2000000000e+01 3.0000000000e+00
0.0000000000e+00 4.3800000000e+02 4.8840000000e+03 4.7385300000e+03 9.0000000000e+00 3.0000000000e+00
0.0000000000e+00 4.3900000000e+02 4.8790000000e+03 4.7560700000e+03 6.0000000000e+00 3.0000000000e+00
0.0000000000e+00 4.4000000000e+02 4.8820000000e+03 4.7574900000e+03 1.1000000000e+01 3.0000000000e+00
0.0000000000e+00 4.4100000000e+02 3.2650000000e+03 3.1711100000e+03 7.0000000000e+00 2.0000000000e+00
0.0000000000e+00 4.4200000000e+02 6.4840000000e+03 6.3285600000e+03 1.1000000000e+01 4.0000000000e+00
0.0000000000e+00 4.4300000000e+02 3.2530000000e+03 3.1694600000e+03 8.0000000000e+00 2.0000000000e+00
0.0000000000e+00 4.4400000000e+02 4.8740000000e+03 4.7579000000e+03 1.1000000000e+01 3.0000000000e+00
0.0000000000e+00 4.4500000000e+02 3.2550000000e+03 3.1732300000e+03 4.0000000000e+00 2.0000000000e+00
0.0000000000e+00 4.4600000000e+02 3.2450000000e+03 3.1550700000e+03 8.0000000000e+00 2.0000000000e+00
0.0000000000e+00 4.4700000000e+02 4.8810000000e+03 4.7461200000e+03 1.2000000000e+01 3.0000000000e+00
0.0000000000e+00 4.4800000000e+02 6.4770000000e+03 6.3439600000e+03 1.0000000000e+01 4.0000000000e+00
0.0000000000e+00 4.4900000000e+02 3.3000000000e+03 3.1608900000e+03 4.0000000000e+00 2.0000000000e+00
0.0000000000e+00 4.5000000000e+02 4.8840000000e+03 4.7559600000e+03 8.0000000000e+00 3.0000000000e+00
0.0000000000e+00 4.5100000000e+02 4.8680000000e+03 4.7523700000e+03 1.1000000000e+01 3.0000000000e+00
0.0000000000e+00 4.5200000000e+02 4.8730000000e+03 4.7489300000e+03 7.0000000000e+00 3.0000000000e+00
0.0000000000e+00 4.5300000000e+02 1.2975000000e+04 1.2661480000e+04 2.4000000000e+01 8.0000000000e+00
0.0000000000e+00 4.5400000000e+02 1.1547000000e+04 1.1353930000e+04 1.6000000000e+01 7.0000000000e+00
0.0000000000e+00 4.5500000000e+02 3.2360000000e+03 3.1748400000e+03 4.0000000000e+00 2.0000000000e+00
0.0000000000e+00 4.5600000000e+02 4.8650000000e+03 4.7529200000e+03 9.0000000000e+00 3.0000000000e+00
0.0000000000e+00 4.5700000000e+02 8.1710000000e+03 8.0053100000e+03 1.1000000000e+01 5.0000000000e+00
0.0000000000e+00 4.5800000000e+02 9.7840000000e+03 9.5013500000e+03 1.8000000000e+01 6.0000000000e+00
0.0000000000e+00 4.5900000000e+02 3.2420000000e+03 3.1775900000e+03 6.0000000000e+00 2.0000000000e+00
0.0000000000e+00 4.6000000000e+02 3.2450000000e+03 3.1658900000e+03 8.0000000000e+00 2.0000000000e+00
0.0000000000e+00 4.6100000000e+02 3.2570000000e+03 3.1623800000e+03 7.0000000000e+00 2.0000000000e+00
0.0000000000e+00 4.6200000000e+02 3.5470000000e+03 3.5086800000e+03 6.0000000000e+00 2.0000000000e+00
0.0000000000e+00 4.6300000000e+02 3.2480000000e+03 3.1711400000e+03 5.0000000000e+00 2.0000000000e+00
0.0000000000e+00 4.6400000000e+02 6.4850000000e+03 6.4011800000e+03 1.5000000000e+01 4.0000000000e+00
0.0000000000e+00 4.6500000000e+02 4.8770000000e+03 4.7392000000e+03 9.0000000000e+00 3.0000000000e+00
0.0000000000e+00 4.6600000000e+02 4.1185000000e+04 3.9645680000e+04 2.0600000000e+02 2.5000000000e+01
0.0000000000e+00 4.6700000000e+02 3.2380000000e+03 3.1709200000e+03 8.0000000000e+00 2.0000000000e+00
0.0000000000e+00 4.6800000000e+02 3.2460000000e+03 3.1677300000e+03 4.0000000000e+00 2.0000000000e+00
0.0000000000e+00 4.6900000000e+02 4.8830000000e+03 4.7658800000e+03 1.2000000000e+01 3.0000000000e+00
0.0000000000e+00 4.7000000000e+02 3.2480000000e+03 3.1735300000e+03 8.0000000000e+00 2.0000000000e+00
0.0000000000e+00 4.7100000000e+02 9.7420000000e+03 9.5109700000e+03 2.0000000000e+01 6.0000000000e+00
0.0000000000e+00 4.7200000000e+02 4.9460000000e+03 4.8434700000e+03 7.0000000000e+00 3.0000000000e+00
0.0000000000e+00 4.7300000000e+02 3.2490000000e+03 3.1663000000e+03 5.0000000000e+00 2.0000000000e+00
0.0000000000e+00 4.7400000000e+02 3.2350000000e+03 3.1726900000e+03 6.0000000000e+00 2.0000000000e+00
0.0000000000e+00 4.7500000000e+02 6.4800000000e+03 6.3429800000e+03 1.3000000000e+01 4.0000000000e+00
0.0000000000e+00 4.7600000000e+02 8.1070000000e+03 7.9190700000e+03 1.9000000000e+01 5.0000000000e+00
0.0000000000e+00 4.7700000000e+02 6.4850000000e+03 6.3644000000e+03 1.2000000000e+01 4.0000000000e+00
0.0000000000e+00 4.7800000000e+02 1.1389000000e+04 1.1091690000e+04 1.7000000000e+01 7.0000000000e+00
0.0000000000e+00 4.7900000000e+02 3.2390000000e+03 3.1511800000e+03 4.0000000000e+00 2.0000000000e+00
0.0000000000e+00 4.8000000000e+02 6.4970000000e+03 6.3426200000e+03 1.0000000000e+01 4.0000000000e+00
0.0000000000e+00 4.8100000000e+02 3.2710000000e+03 3.1549000000e+03 8.0000000000e+00 2.0000000000e+00
0.0000000000e+00 4.8200000000e+02 3.2610000000e+03 3.1597000000e+03 5.0000000000e+00 2.0000000000e+00
0.0000000000e+00 4.8300000000e+02 3.2470000000e+03 3.1631300000e+03 9.0000000000e+00 2.0000000000e+00
0.0000000000e+00 4.8400000000e+02 1.1385000000e+04 1.1093610000e+04 1.9000000000e+01 7.0000000000e+00
0.0000000000e+00 4.8500000000e+02 9.7190000000e+03 9.5100100000e+03 2.4000000000e+01 6.0000000000e+00
0.0000000000e+00 4.8600000000e+02 6.5030000000e+03 6.3404000000e+03 1.3000000000e+01 4.0000000000e+00
0.0000000000e+00 4.8700000000e+02 3.2390000000e+03 3.1725400000e+03 6.0000000000e+00 2.0000000000e+00
0.0000000000e+00 4.8800000000e+02 9.7930000000e+03 9.5114500000e+03 1.8000000000e+01 6.0000000000e+00
0.0000000000e+00 4.8900000000e+02 2.1140000000e+04 2.0595640000e+04 4.4000000000e+01 1.3000000000e+01
0.0000000000e+00 4.9000000000e+02 3.2430000000e+03 3.2118700000e+03 3.0000000000e+00 2.0000000000e+00
0.0000000000e+00 4.9100000000e+02 3.2360000000e+03 3.1627400000e+03 6.0000000000e+00 2.0000000000e+00
0.0000000000e+00 4.9200000000e+02 4.8840000000e+03 4.7656300000e+03 7.0000000000e+00 3.0000000000e+00
0.0000000000e+00 4.9300000000e+02 4.8730000000e+03 4.7902400000e+03 1.0000000000e+01 3.0000000000e+00
0.0000000000e+00 4.9400000000e+02 3.2430000000e+03 3.2178600000e+03 1.4000000000e+01 2.0000000000e+00
0.0000000000e+00 4.9500000000e+02 3.2580000000e+03 3.1687500000e+03 7.0000000000e+00 2.0000000000e+00
0.0000000000e+00 4.9600000000e+02 3.2750000000e+03 3.1637600000e+03 5.0000000000e+00 2.0000000000e+00
0.0000000000e+00 4.9700000000e+02 6.4800000000e+03 6.3225400000e+03 9.0000000000e+00 4.0000000000e+00
0.0000000000e+00 4.9800000000e+02 4.8920000000e+03 4.7443400000e+03 1.0000000000e+01 3.0000000000e+00
0.0000000000e+00 4.9900000000e+02 6.4950000000e+03 6.3438500000e+03 1.8000000000e+01 4.0000000000e+00
0.0000000000e+00 5.0000000000e+02 2.6020000000e+04 2.5431390000e+04 5.1000000000e+01 1.6000000000e+01
0.0000000000e+00 5.0100000000e+02 4.8780000000e+03 4.7651900000e+03 9.0000000000e+00 3.0000000000e+00
0.0000000000e+00 5.0200000000e+02 4.9080000000e+03 4.7440000000e+03 1.1000000000e+01 3.0000000000e+00
0.0000000000e+00 5.0300000000e+02 2.7934000000e+04 2.6955040000e+04 1.1500000000e+02 1.7000000000e+01
0.0000000000e+00 5.0400000000e+02 9.7430000000e+03 9.5103700000e+03 2.0000000000e+01 6.0000000000e+00
0.0000000000e+00 5.0500000000e+02 6.5020000000e+03 6.3271700000e+03 1.2000000000e+01 4.0000000000e+00
0.0000000000e+00 5.0600000000e+02 6.4990000000e+03 6.3362500000e+03 1.3000000000e+01 4.0000000000e+00
0.0000000000e+00 5.0700000000e+02 3.2710000000e+03 3.1989000000e+03 8.0000000000e+00 2.0000000000e+00
0.0000000000e+00 5.0800000000e+02 6.5340000000e+03 6.3501500000e+03 1.1000000000e+01 4.0000000000e+00
0.0000000000e+00 5.0900000000e+02 3.2640000000e+03 3.1629100000e+03 7.0000000000e+00 2.0000000000e+00
0.0000000000e+00 5.1000000000e+02 9.7350000000e+03 9.4972900000e+03 2.2000000000e+01 6.0000000000e+00
0.0000000000e+00 5.1100000000e+02 3.2410000000e+03 3.1651400000e+03 6.0000000000e+00 2.0000000000e+00
0.0000000000e+00 5.1200000000e+02 3.2440000000e+03 3.1622800000e+03 1.0000000000e+01 2.0000000000e+00
0.0000000000e+00 5.1300000000e+02 4.9150000000e+03 4.8008000000e+03 1.1000000000e+01 3.0000000000e+00
0.0000000000e+00 5.1400000000e+02 3.2850000000e+03 3.1631400000e+03 8.0000000000e+00 2.0000000000e+00
0.0000000000e+00 5.1500000000e+02 4.8590000000e+03 4.7392000000e+03 1.2000000000e+01 3.0000000000e+00
0.0000000000e+00 5.1600000000e+02 3.2490000000e+03 3.1641800000e+03 4.0000000000e+00 2.0000000000e+00
0.0000000000e+00 5.1700000000e+02 4.8760000000e+03 4.7458200000e+03 9.0000000000e+00 3.0000000000e+00
0.0000000000e+00 5.1800000000e+02 9.7640000000e+03 9.4874600000e+03 2.0000000000e+01 6.0000000000e+00
0.0000000000e+00 5.1900000000e+02 6.6250000000e+03 6.5009000000e+03 1.3000000000e+01 4.0000000000e+00
0.0000000000e+00 5.2000000000e+02 3.2490000000e+03 3.1624300000e+03 9.0000000000e+00 2.0000000000e+00
0.0000000000e+00 5.2100000000e+02 3.2590000000e+03 3.1674900000e+03 4.0000000000e+00 2.0000000000e+00
0.0000000000e+00 5.2200000000e+02 3.2720000000e+03 3.1684200000e+03 9.0000000000e+00 2.0000000000e+00
0.0000000000e+00 5.2300000000e+02 6.4850000000e+03 6.3427000000e+03 1.5000000000e+01 4.0000000000e+00
0.0000000000e+00 5.2400000000e+02 3.2430000000e+03 3.1704700000e+03 6.0000000000e+00 2.0000000000e+00
0.0000000000e+00 5.2500000000e+02 3.2520000000e+03 3.1581800000e+03 6.0000000000e+00 2.0000000000e+00
0.0000000000e+00 5.2600000000e+02 9.7550000000e+03 9.5106400000e+03 1.9000000000e+01 6.0000000000e+00
0.0000000000e+00 5.2700000000e+02 8.1100000000e+03 7.9147300000e+03 1.5000000000e+01 5.0000000000e+00
0.0000000000e+00 5.2800000000e+02 3.4471000000e+04 3.3296850000e+04 1.4600000000e+02 2.1000000000e+01
0.0000000000e+00 5.2900000000e+02 4.9050000000e+03 4.7457800000e+03 7.0000000000e+00 3.0000000000e+00
0.0000000000e+00 5.3000000000e+02 3.2380000000e+03 3.1535200000e+03 7.0000000000e+00 2.0000000000e+00
0.0000000000e+00 5.3100000000e+02 4.9040000000e+03 4.7489700000e+03 1.0000000000e+01 3.0000000000e+00
0.0000000000e+00 5.3200000000e+02 3.2440000000e+03 3.1733800000e+03 5.0000000000e+00 2.0000000000e+00
0.0000000000e+00 5.3300000000e+02 3.2420000000e+03 3.1598200000e+03 6.0000000000e+00 2.0000000000e+00
0.0000000000e+00 5.3400000000e+02 6.4810000000e+03 6.3368600000e+03 1.3000000000e+01 4.0000000000e+00
0.0000000000e+00 5.3500000000e+02 3.2360000000e+03 3.1797600000e+03 7.0000000000e+00 2.0000000000e+00
0.0000000000e+00 5.3600000000e+02 9.7380000000e+03 9.5153800000e+03 2.0000000000e+01 6.0000000000e+00
0.0000000000e+00 5.3700000000e+02 3.2770000000e+03 3.1707600000e+03 5.0000000000e+00 2.0000000000e+00
0.0000000000e+00 5.3800000000e+02 3.2430000000e+03 3.1629400000e+03 6.0000000000e+00 2.0000000000e+00
0.0000000000e+00 5.3900000000e+02 3.2750000000e+03 3.1679200000e+03 6.0000000000e+00 2.0000000000e+00
0.0000000000e+00 5.4000000000e+02 3.2410000000e+03 3.1585000000e+03 4.0000000000e+00 2.0000000000e+00
0.0000000000e+00 5.4100000000e+02 3.2410000000e+03 3.1755400000e+03 5.0000000000e+00 2.0000000000e+00
0.0000000000e+00 5.4200000000e+02 3.2880000000e+03 3.1582400000e+03 8.0000000000e+00 2.0000000000e+00
0.0000000000e+00 5.4300000000e+02 4.8770000000e+03 4.7749200000e+03 1.3000000000e+01 3.0000000000e+00
0.0000000000e+00 5.4400000000e+02 4.8880000000e+03 4.7543600000e+03 1.0000000000e+01 3.0000000000e+00
0.0000000000e+00 5.4500000000e+02 1.4644000000e+04 1.4232670000e+04 3.1000000000e+01 9.0000000000e+00
0.0000000000e+00 5.4600000000e+02 4.8960000000e+03 4.7607700000e+03 1.1000000000e+01 3.0000000000e+00
0.0000000000e+00 5.4700000000e+02 2.9770000000e+04 2.8519060000e+04 1.6100000000e+02 1.8000000000e+01
0.0000000000e+00 5.4800000000e+02 3.2440000000e+03 3.1809600000e+03 4.0000000000e+00 2.0000000000e+00
0.0000000000e+00 5.4900000000e+02 2.1129000000e+04 2.0667690000e+04 3.9000000000e+01 1.3000000000e+01
0.0000000000e+00 5.5000000000e+02 6.5230000000e+03 6.3640500000e+03 9.0000000000e+00 4.0000000000e+00
0.0000000000e+00 5.5100000000e+02 3.2400000000e+03 3.1746100000e+03 2.0000000000e+00 2.0000000000e+00
0.0000000000e+00 5.5200000000e+02 3.2730000000e+03 3.1740700000e+03 3.0000000000e+00 2.0000000000e+00
0.0000000000e+00 5.5300000000e+02 3.2630000000e+03 3.2247400000e+03 3.0000000000e+00 2.0000000000e+00
0.0000000000e+00 5.5400000000e+02 9.8180000000e+03 9.5217000000e+03 2.4000000000e+01 6.0000000000e+00
0.0000000000e+00 5.5500000000e+02 8.2730000000e+03 7.9389100000e+03 1.0000000000e+01 5.0000000000e+00
0.0000000000e+00 5.5600000000e+02 6.5140000000e+03 6.3783500000e+03 9.0000000000e+00 4.0000000000e+00
0.0000000000e+00 5.5700000000e+02 3.2460000000e+03 3.1771300000e+03 6.0000000000e+00 2.0000000000e+00
0.0000000000e+00 5.5800000000e+02 6.4910000000e+03 6.3331200000e+03 1.0000000000e+01 4.0000000000e+00
0.0000000000e+00 5.5900000000e+02 8.1170000000e+03 7.9251800000e+03 1.5000000000e+01 5.0000000000e+00
0.0000000000e+00 5.6000000000e+02 4.8780000000e+03 4.7644100000e+03 9.0000000000e+00 3.0000000000e+00
0.0000000000e+00 5.6100000000e+02 1.4617000000e+04 1.4281860000e+04 3.0000000000e+01 9.0000000000e+00
0.0000000000e+00 5.6200000000e+02 6.4950000000e+03 6.3459800000e+03 1.7000000000e+01 4.0000000000e+00
0.0000000000e+00 5.6300000000e+02 3.2560000000e+03 3.2274400000e+03 6.0000000000e+00 2.0000000000e+00
0.0000000000e+00 5.6400000000e+02 3.2620000000e+03 3.2238700000e+03 7.0000000000e+00 2.0000000000e+00
0.0000000000e+00 5.6500000000e+02 1.1398000000e+04 1.1093130000e+04 2.3000000000e+01 7.0000000000e+00
0.0000000000e+00 5.6600000000e+02 3.2500000000e+03 3.1729300000e+03 7.0000000000e+00 2.0000000000e+00
0.0000000000e+00 5.6700000000e+02 3.2800000000e+03 3.1660000000e+03 5.0000000000e+00 2.0000000000e+00
0.0000000000e+00 5.6800000000e+02 8.1390000000e+03 7.8813300000e+03 1.5000000000e+01 5.0000000000e+00
0.0000000000e+00 5.6900000000e+02 3.2400000000e+03 3.1653700000e+03 6.0000000000e+00 2.0000000000e+00
0.0000000000e+00 5.7000000000e+02 3.2620000000e+03 3.1686200000e+03 5.0000000000e+00 2.0000000000e+00
0.0000000000e+00 5.7100000000e+02 3.2380000000e+03 3.1658500000e+03 5.0000000000e+00 2.0000000000e+00
0.0000000000e+00 5.7200000000e+02 6.5130000000e+03 6.4149100000e+03 1.0000000000e+01 4.0000000000e+00
0.0000000000e+00 5.7300000000e+02 3.2380000000e+03 3.1679800000e+03 6.0000000000e+00 2.0000000000e+00
0.0000000000e+00 5.7400000000e+02 6.5020000000e+03 6.3277600000e+03 1.4000000000e+01 4.0000000000e+00
0.0000000000e+00 5.7500000000e+02 3.2480000000e+03 3.1758800000e+03 7.0000000000e+00 2.0000000000e+00
0.0000000000e+00 5.7600000000e+02 3.2660000000e+03 3.1672700000e+03 8.0000000000e+00 2.0000000000e+00
0.0000000000e+00 5.7700000000e+02 3.2600000000e+03 3.1544600000e+03 6.0000000000e+00 2.0000000000e+00
0.0000000000e+00 5.7800000000e+02 6.5540000000e+03 6.4111200000e+03 8.0000000000e+00 4.0000000000e+00
0.0000000000e+00 5.7900000000e+02 6.4810000000e+03 6.3241900000e+03 1.1000000000e+01 4.0000000000e+00
0.0000000000e+00 5.8000000000e+02 8.1270000000e+03 7.9154400000e+03 1.2000000000e+01 5.0000000000e+00
0.0000000000e+00 5.8100000000e+02 3.2640000000e+03 3.1503600000e+03 4.0000000000e+00 2.0000000000e+00
0.0000000000e+00 5.8200000000e+02 3.2430000000e+03 3.1691700000e+03 6.0000000000e+00 2.0000000000e+00
0.0000000000e+00 5.8300000000e+02 1.3071000000e+04 1.2774340000e+04 2.8000000000e+01 8.0000000000e+00
0.0000000000e+00 5.8400000000e+02 3.2510000000e+03 3.1537900000e+03 8.0000000000e+00 2.0000000000e+00
0.0000000000e+00 5.8500000000e+02 6.4860000000e+03 6.3227200000e+03 9.0000000000e+00 4.0000000000e+00
0.0000000000e+00 5.8600000000e+02 3.2370000000e+03 3.1542700000e+03 6.0000000000e+00 2.0000000000e+00
0.0000000000e+00 5.8700000000e+02 4.8650000000e+03 4.7473300000e+03 1.2000000000e+01 3.0000000000e+00
0.0000000000e+00 5.8800000000e+02 4.8860000000e+03 4.7465800000e+03 1.0000000000e+01 3.0000000000e+00
0.0000000000e+00 5.8900000000e+02 6.4860000000e+03 6.3133100000e+03 1.1000000000e+01 4.0000000000e+00
0.0000000000e+00 5.9000000000e+02 3.2590000000e+03 3.1669700000e+03 8.0000000000e+00 2.0000000000e+00
0.0000000000e+00 5.9100000000e+02 3.2400000000e+03 3.1609200000e+03 6.0000000000e+00 2.0000000000e+00
0.0000000000e+00 5.9200000000e+02 4.8650000000e+03 4.7440700000e+03 5.0000000000e+00 3.0000000000e+00
0.0000000000e+00 5.9300000000e+02 4.8850000000e+03 4.7497500000e+03 1.4000000000e+01 3.0000000000e+00
0.0000000000e+00 5.9400000000e+02 4.8570000000e+03 4.7390000000e+03 1.0000000000e+01 3.0000000000e+00
0.0000000000e+00 5.9500000000e+02 4.8930000000e+03 4.7646200000e+03 8.0000000000e+00 3.0000000000e+00
0.0000000000e+00 5.9600000000e+02 4.8840000000e+03 4.7530200000e+03 9.0000000000e+00 3.0000000000e+00
0.0000000000e+00 5.9700000000e+02 2.1170000000e+04 2.0600170000e+04 3.6000000000e+01 1.3000000000e+01
0.0000000000e+00 5.9800000000e+02 1.6211000000e+04 1.5818510000e+04 3.5000000000e+01 1.0000000000e+01
0.0000000000e+00 5.9900000000e+02 3.2440000000e+03 3.1735300000e+03 3.0000000000e+00 2.0000000000e+00
0.0000000000e+00 6.0000000000e+02 4.8700000000e+03 4.7534700000e+03 1.3000000000e+01 3.0000000000e+00
0.0000000000e+00 6.0100000000e+02 6.4820000000e+03 6.3511800000e+03 1.3000000000e+01 4.0000000000e+00
0.0000000000e+00 6.0200000000e+02 3.2480000000e+03 3.1633000000e+03 5.0000000000e+00 2.0000000000e+00
0.0000000000e+00 6.0300000000e+02 4.8830000000e+03 4.7323500000e+03 1.5000000000e+01 3.0000000000e+00
0.0000000000e+00 6.0400000000e+02 5.0030000000e+03 4.8831000000e+03 1.1000000000e+01 3.0000000000e+00
0.0000000000e+00 6.0500000000e+02 3.2880000000e+03 3.1680400000e+03 8.0000000000e+00 2.0000000000e+00
0.0000000000e+00 6.0600000000e+02 9.7370000000e+03 9.4960400000e+03 1.8000000000e+01 6.0000000000e+00
0.0000000000e+00 6.0700000000e+02 8.1080000000e+03 7.9090200000e+03 1.8000000000e+01 5.0000000000e+00
0.0000000000e+00 6.0800000000e+02 1.4597000000e+04 1.4263920000e+04 2.8000000000e+01 9.0000000000e+00
0.0000000000e+00 6.0900000000e+02 4.9080000000e+03 4.7264300000e+03 8.0000000000e+00 3.0000000000e+00
0.0000000000e+00 6.1000000000e+02 4.8660000000e+03 4.7385000000e+03 1.1000000000e+01 3.0000000000e+00
0.0000000000e+00 6.1100000000e+02 3.2520000000e+03 3.1720200000e+03 9.0000000000e+00 2.0000000000e+00
0.0000000000e+00 6.1200000000e+02 3.2450000000e+03 3.1679100000e+03 6.0000000000e+00 2.0000000000e+00
0.0000000000e+00 6.1300000000e+02 3.2570000000e+03 3.1612300000e+03 6.0000000000e+00 2.0000000000e+00
0.0000000000e+00 6.1400000000e+02 8.1310000000e+03 7.9328600000e+03 1.5000000000e+01 5.0000000000e+00
0.0000000000e+00 6.1500000000e+02 4.8610000000e+03 4.7368900000e+03 8.0000000000e+00 3.0000000000e+00
0.0000000000e+00 6.1600000000e+02 9.7510000000e+03 9.5021000000e+03 2.2000000000e+01 6.0000000000e+00
0.0000000000e+00 6.1700000000e+02 6.5070000000e+03 6.3343100000e+03 1.2000000000e+01 4.0000000000e+00
0.0000000000e+00 6.1800000000e+02 3.2680000000e+03 3.1764300000e+03 6.0000000000e+00 2.0000000000e+00
0.0000000000e+00 6.1900000000e+02 3.2420000000e+03 3.1629000000e+03 7.0000000000e+00 2.0000000000e+00
0.0000000000e+00 6.2000000000e+02 6.5040000000e+03 6.3301900000e+03 1.2000000000e+01 4.0000000000e+00
0.0000000000e+00 6.2100000000e+02 3.2420000000e+03 3.1678600000e+03 8.0000000000e+00 2.0000000000e+00
0.0000000000e+00 6.2200000000e+02 3.2450000000e+03 3.1519100000e+03 7.0000000000e+00 2.0000000000e+00
0.0000000000e+00 6.2300000000e+02 7.0570000000e+03 6.8817600000e+03 1.5000000000e+01 4.0000000000e+00
0.0000000000e+00 6.2400000000e+02 4.8950000000e+03 4.7586100000e+03 7.0000000000e+00 3.0000000000e+00
0.0000000000e+00 6.2500000000e+02 4.8610000000e+03 4.7726800000e+03 9.0000000000e+00 3.0000000000e+00
0.0000000000e+00 6.2600000000e+02 3.2510000000e+03 3.1620100000e+03 8.0000000000e+00 2.0000000000e+00
0.0000000000e+00 6.2700000000e+02 6.5020000000e+03 6.3742300000e+03 1.0000000000e+01 4.0000000000e+00
0.0000000000e+00 6.2800000000e+02 8.1220000000e+03 7.9373200000e+03 1.5000000000e+01 5.0000000000e+00
0.0000000000e+00 6.2900000000e+02 3.2700000000e+03 3.2463800000e+03 3.0000000000e+00 2.0000000000e+00
0.0000000000e+00 6.3000000000e+02 3.2550000000e+03 3.1663000000e+03 9.0000000000e+00 2.0000000000e+00
0.0000000000e+00 6.3100000000e+02 3.2410000000e+03 3.1620600000e+03 7.0000000000e+00 2.0000000000e+00
0.0000000000e+00 6.3200000000e+02 4.8750000000e+03 4.7449000000e+03 1.0000000000e+01 3.0000000000e+00
0.0000000000e+00 6.3300000000e+02 3.2460000000e+03 3.1723000000e+03 4.0000000000e+00 2.0000000000e+00
0.0000000000e+00 6.3400000000e+02 9.7270000000e+03 9.4902000000e+03 1.3000000000e+01 6.0000000000e+00
0.0000000000e+00 6.3500000000e+02 3.2530000000e+03 3.1681800000e+03 9.0000000000e+00 2.0000000000e+00
0.0000000000e+00 6.3600000000e+02 3.2600000000e+03 3.1653600000e+03 4.0000000000e+00 2.0000000000e+00
0.0000000000e+00 6.3700000000e+02 1.3022000000e+04 1.2676050000e+04 2.5000000000e+01 8.0000000000e+00
0.0000000000e+00 6.3800000000e+02 4.8840000000e+03 4.7433100000e+03 6.0000000000e+00 3.0000000000e+00
0.0000000000e+00 6.3900000000e+02 3.2380000000e+03 3.1701500000e+03 5.0000000000e+00 2.0000000000e+00
0.0000000000e+00 6.4000000000e+02 3.2350000000e+03 3.1679500000e+03 5.0000000000e+00 2.0000000000e+00
0.0000000000e+00 6.4100000000e+02 4.8540000000e+03 4.7506400000e+03 6.0000000000e+00 3.0000000000e+00
0.0000000000e+00 6.4200000000e+02 1.6216000000e+04 1.5849140000e+04 2.5000000000e+01 1.0000000000e+01
0.0000000000e+00 6.4300000000e+02 8.1450000000e+03 7.9188300000e+03 1.6000000000e+01 5.0000000000e+00
0.0000000000e+00 6.4400000000e+02 3.2820000000e+03 3.1721500000e+03 4.0000000000e+00 2.0000000000e+00
0.0000000000e+00 6.4500000000e+02 3.2450000000e+03 3.1756400000e+03 6.0000000000e+00 2.0000000000e+00
0.0000000000e+00 6.4600000000e+02 1.3058000000e+04 1.2765850000e+04 2.0000000000e+01 8.0000000000e+00
0.0000000000e+00 6.4700000000e+02 3.2390000000e+03 3.1675500000e+03 5.0000000000e+00 2.0000000000e+00
0.0000000000e+00 6.4800000000e+02 4.9190000000e+03 4.7441800000e+03 1.1000000000e+01 3.0000000000e+00
0.0000000000e+00 6.4900000000e+02 3.2450000000e+03 3.1727600000e+03 1.0000000000e+01 2.0000000000e+00
0.0000000000e+00 6.5000000000e+02 6.4820000000e+03 6.3329000000e+03 1.3000000000e+01 4.0000000000e+00
0.0000000000e+00 6.5100000000e+02 3.3340000000e+03 3.2356500000e+03 5.0000000000e+00 2.0000000000e+00
0.0000000000e+00 6.5200000000e+02 4.8870000000e+03 4.7451200000e+03 1.1000000000e+01 3.0000000000e+00
0.0000000000e+00 6.5300000000e+02 3.2380000000e+03 3.1591800000e+03 6.0000000000e+00 2.0000000000e+00
0.0000000000e+00 6.5400000000e+02 6.5040000000e+03 6.3422900000e+03 1.5000000000e+01 4.0000000000e+00
0.0000000000e+00 6.5500000000e+02 3.2440000000e+03 3.1655700000e+03 6.0000000000e+00 2.0000000000e+00
0.0000000000e+00 6.5600000000e+02 3.2910000000e+03 3.1575400000e+03 9.0000000000e+00 2.0000000000e+00
0.0000000000e+00 6.5700000000e+02 4.9030000000e+03 4.7608900000e+03 1.5000000000e+01 3.0000000000e+00
0.0000000000e+00 6.5800000000e+02 8.1170000000e+03 7.9092600000e+03 1.1000000000e+01 5.0000000000e+00
0.0000000000e+00 6.5900000000e+02 4.8810000000e+03 4.7575500000e+03 1.4000000000e+01 3.0000000000e+00
0.0000000000e+00 6.6000000000e+02 4.8650000000e+03 4.7515600000e+03 7.0000000000e+00 3.0000000000e+00
0.0000000000e+00 6.6100000000e+02 1.9504000000e+04 1.8990800000e+04 4.2000000000e+01 1.2000000000e+01
0.0000000000e+00 6.6200000000e+02 3.2450000000e+03 3.1581700000e+03 5.0000000000e+00 2.0000000000e+00
0.0000000000e+00 6.6300000000e+02 3.2540000000e+03 3.1739200000e+03 8.0000000000e+00 2.0000000000e+00
0.0000000000e+00 6.6400000000e+02 3.2490000000e+03 3.1674000000e+03 5.0000000000e+00 2.0000000000e+00
0.0000000000e+00 6.6500000000e+02 3.2450000000e+03 3.1600000000e+03 7.0000000000e+00 2.0000000000e+00
0.0000000000e+00 6.6600000000e+02 6.5170000000e+03 6.3373800000e+03 1.2000000000e+01 4.0000000000e+00
0.0000000000e+00 6.6700000000e+02 3.2640000000e+03 3.2261800000e+03 4.0000000000e+00 2.0000000000e+00
0.0000000000e+00 6.6800000000e+02 3.2420000000e+03 3.1664100000e+03 8.0000000000e+00 2.0000000000e+00
0.0000000000e+00 6.6900000000e+02 4.8700000000e+03 4.7555400000e+03 1.0000000000e+01 3.0000000000e+00
0.0000000000e+00 6.7000000000e+02 1.1366000000e+04 1.1132040000e+04 2.3000000000e+01 7.0000000000e+00
0.0000000000e+00 6.7100000000e+02 3.2480000000e+03 3.1520300000e+03 9.0000000000e+00 2.0000000000e+00
0.0000000000e+00 6.7200000000e+02 3.2590000000e+03 3.1462100000e+03 4.0000000000e+00 2.0000000000e+00
0.0000000000e+00 6.7300000000e+02 3.2500000000e+03 3.1597000000e+03 8.0000000000e+00 2.0000000000e+00
0.0000000000e+00 6.7400000000e+02 6.4850000000e+03 6.3393200000e+03 1.6000000000e+01 4.0000000000e+00
0.0000000000e+00 6.7500000000e+02 6.6240000000e+03 6.4752300000e+03 9.0000000000e+00 4.0000000000e+00
0.0000000000e+00 6.7600000000e+02 1.1370000000e+04 1.1106370000e+04 1.9000000000e+01 7.0000000000e+00
0.0000000000e+00 6.7700000000e+02 4.8610000000e+03 4.7560800000e+03 1.0000000000e+01 3.0000000000e+00
0.0000000000e+00 6.7800000000e+02 6.4940000000e+03 6.3208600000e+03 1.4000000000e+01 4.0000000000e+00
0.0000000000e+00 6.7900000000e+02 6.5200000000e+03 6.3144400000e+03 1.4000000000e+01 4.0000000000e+00
0.0000000000e+00 6.8000000000e+02 6.4720000000e+03 6.3005900000e+03 1.4000000000e+01 4.0000000000e+00
0.0000000000e+00 6.8100000000e+02 3.2360000000e+03 3.1614400000e+03 7.0000000000e+00 2.0000000000e+00
0.0000000000e+00 6.8200000000e+02 3.2540000000e+03 3.2151800000e+03 3.0000000000e+00 2.0000000000e+00
0.0000000000e+00 6.8300000000e+02 1.4603000000e+04 1.4227900000e+04 2.5000000000e+01 9.0000000000e+00
0.0000000000e+00 6.8400000000e+02 3.2530000000e+03 3.1688000000e+03 5.0000000000e+00 2.0000000000e+00
0.0000000000e+00 6.8500000000e+02 8.1400000000e+03 7.9155600000e+03 1.3000000000e+01 5.0000000000e+00
0.0000000000e+00 6.8600000000e+02 3.2500000000e+03 3.1420100000e+03 3.0000000000e+00 2.0000000000e+00
0.0000000000e+00 6.8700000000e+02 3.2410000000e+03 3.1669500000e+03 7.0000000000e+00 2.0000000000e+00
0.0000000000e+00 6.8800000000e+02 3.2530000000e+03 3.1583000000e+03 1.1000000000e+01 2.0000000000e+00
0.0000000000e+00 6.8900000000e+02 3.2440000000e+03 3.1681800000e+03 6.0000000000e+00 2.0000000000e+00
0.0000000000e+00 6.9000000000e+02 4.8550000000e+03 4.7429100000e+03 1.0000000000e+01 3.0000000000e+00
0.0000000000e+00 6.9100000000e+02 3.2480000000e+03 3.1728800000e+03 4.0000000000e+00 2.0000000000e+00
0.0000000000e+00 6.9200000000e+02 4.8650000000e+03 4.7551300000e+03 9.0000000000e+00 3.0000000000e+00
0.0000000000e+00 6.9300000000e+02 3.2460000000e+03 3.1674600000e+03 3.0000000000e+00 2.0000000000e+00
0.0000000000e+00 6.9400000000e+02 3.2490000000e+03 3.1648100000e+03 7.0000000000e+00 2.0000000000e+00
0.0000000000e+00 6.9500000000e+02 3.2400000000e+03 3.1624100000e+03 9.0000000000e+00 2.0000000000e+00
0.0000000000e+00 6.9600000000e+02 4.8760000000e+03 4.7535100000e+03 5.0000000000e+00 3.0000000000e+00
0.0000000000e+00 6.9700000000e+02 3.2710000000e+03 3.1451700000e+03 8.0000000000e+00 2.0000000000e+00
0.0000000000e+00 6.9800000000e+02 3.2670000000e+03 3.1533400000e+03 5.0000000000e+00 2.0000000000e+00
0.0000000000e+00 6.9900000000e+02 3.2430000000e+03 3.1718100000e+03 6.0000000000e+00 2.0000000000e+00
0.0000000000e+00 7.0000000000e+02 6.4780000000e+03 6.3190900000e+03 1.6000000000e+01 4.0000000000e+00
0.0000000000e+00 7.0100000000e+02 3.2480000000e+03 3.2111700000e+03 8.0000000000e+00 2.0000000000e+00
0.0000000000e+00 7.0200000000e+02 3.2500000000e+03 3.1520400000e+03 6.0000000000e+00 2.0000000000e+00
0.0000000000e+00 7.0300000000e+02 4.8720000000e+03 4.7396700000e+03 7.0000000000e+00 3.0000000000e+00
0.0000000000e+00 7.0400000000e+02 3.2600000000e+03 3.1541700000e+03 7.0000000000e+00 2.0000000000e+00
0.0000000000e+00 7.0500000000e+02 3.2480000000e+03 3.1613300000e+03 4.0000000000e+00 2.0000000000e+00
0.0000000000e+00 7.0600000000e+02 6.4870000000e+03 6.3272400000e+03 1.2000000000e+01 4.0000000000e+00
0.0000000000e+00 7.0700000000e+02 3.2440000000e+03 3.1594500000e+03 9.0000000000e+00 2.0000000000e+00
0.0000000000e+00 7.0800000000e+02 9.7380000000e+03 9.4724900000e+03 1.9000000000e+01 6.0000000000e+00
0.0000000000e+00 7.0900000000e+02 3.2590000000e+03 3.1540000000e+03 5.0000000000e+00 2.0000000000e+00
0.0000000000e+00 7.1000000000e+02 3.2660000000e+03 3.2396100000e+03 4.0000000000e+00 2.0000000000e+00
0.0000000000e+00 7.1100000000e+02 4.8860000000e+03 4.7288400000e+03 8.0000000000e+00 3.0000000000e+00
0.0000000000e+00 7.1200000000e+02 6.4880000000e+03 6.3031600000e+03 1.4000000000e+01 4.0000000000e+00
0.0000000000e+00 7.1300000000e+02 4.8530000000e+03 4.7265000000e+03 4.0000000000e+00 3.0000000000e+00
0.0000000000e+00 7.1400000000e+02 6.4900000000e+03 6.2997500000e+03 1.6000000000e+01 4.0000000000e+00
0.0000000000e+00 7.1500000000e+02 3.3190000000e+03 3.1939700000e+03 9.0000000000e+00 2.0000000000e+00
0.0000000000e+00 7.1600000000e+02 4.8840000000e+03 4.7383800000e+03 8.0000000000e+00 3.0000000000e+00
0.0000000000e+00 7.1700000000e+02 3.2480000000e+03 3.2328100000e+03 2.0000000000e+00 2.0000000000e+00
0.0000000000e+00 7.1800000000e+02 3.2410000000e+03 3.1487800000e+03 4.0000000000e+00 2.0000000000e+00
0.0000000000e+00 7.1900000000e+02 4.8760000000e+03 4.7396400000e+03 1.6000000000e+01 3.0000000000e+00
0.0000000000e+00 7.2000000000e+02 9.7450000000e+03 9.4700800000e+03 2.5000000000e+01 6.0000000000e+00
0.0000000000e+00 7.2100000000e+02 6.5380000000e+03 6.3947400000e+03 1.0000000000e+01 4.0000000000e+00
0.0000000000e+00 7.2200000000e+02 4.8620000000e+03 4.7341400000e+03 1.1000000000e+01 3.0000000000e+00
0.0000000000e+00 7.2300000000e+02 4.8870000000e+03 4.7116200000e+03 1.0000000000e+01 3.0000000000e+00
0.0000000000e+00 7.2400000000e+02 3.2580000000e+03 3.1718800000e+03 1.0000000000e+01 2.0000000000e+00
