0.0000000000e+00 0.0000000000e+00 4.8680000000e+03 4.7156566667e+03 1.0000000000e+01 3.0000000000e+00
0.0000000000e+00 1.0000000000e+00 8.1660000000e+03 7.8256800000e+03 1.5000000000e+01 5.0000000000e+00
0.0000000000e+00 2.0000000000e+00 3.2540000000e+03 3.1496800000e+03 8.0000000000e+00 2.0000000000e+00
0.0000000000e+00 3.0000000000e+00 6.5060000000e+03 6.2918983333e+03 1.6000000000e+01 4.0000000000e+00
0.0000000000e+00 4.0000000000e+00 3.2530000000e+03 3.1426966667e+03 7.0000000000e+00 2.0000000000e+00
0.0000000000e+00 5.0000000000e+00 4.9040000000e+03 4.7392016667e+03 1.2000000000e+01 3.0000000000e+00
0.0000000000e+00 6.0000000000e+00 3.4010000000e+03 3.3641750000e+03 4.0000000000e+00 2.0000000000e+00
0.0000000000e+00 7.0000000000e+00 3.4830000000e+03 3.4607216667e+03 2.0000000000e+00 2.0000000000e+00
0.0000000000e+00 8.0000000000e+00 4.8850000000e+03 4.7538550000e+03 6.0000000000e+00 3.0000000000e+00
0.0000000000e+00 9.0000000000e+00 4.9680000000e+03 4.9423500000e+03 6.0000000000e+00 3.0000000000e+00
0.0000000000e+00 1.0000000000e+01 6.5100000000e+03 6.3043933333e+03 1.2000000000e+01 4.0000000000e+00
0.0000000000e+00 1.1000000000e+01 4.8900000000e+03 4.7809883333e+03 9.0000000000e+00 3.0000000000e+00
0.0000000000e+00 1.2000000000e+01 3.2440000000e+03 3.1824500000e+03 5.0000000000e+00 2.0000000000e+00
0.0000000000e+00 1.3000000000e+01 6.5570000000e+03 6.3976483333e+03 1.0000000000e+01 4.0000000000e+00
0.0000000000e+00 1.4000000000e+01 3.3740000000e+03 3.3250066667e+03 4.0000000000e+00 2.0000000000e+00
0.0000000000e+00 1.5000000000e+01 3.2350000000e+03 3.2063316667e+03 2.0000000000e+00 2.0000000000e+00
0.0000000000e+00 1.6000000000e+01 6.5520000000e+03 6.4286983333e+03 8.0000000000e+00 4.0000000000e+00
0.0000000000e+00 1.7000000000e+01 3.2470000000e+03 3.1515316667e+03 4.0000000000e+00 2.0000000000e+00
0.0000000000e+00 1.8000000000e+01 5.0080000000e+03 4.9673783333e+03 1.0000000000e+00 3.0000000000e+00
0.0000000000e+00 1.9000000000e+01 6.5180000000e+03 6.3766950000e+03 1.1000000000e+01 4.0000000000e+00
0.0000000000e+00 2.0000000000e+01 4.9500000000e+03 4.8495266667e+03 8.0000000000e+00 3.0000000000e+00
0.0000000000e+00 2.1000000000e+01 8.2860000000e+03 8.0513683333e+03 1.3000000000e+01 5.0000000000e+00
0.0000000000e+00 2.2000000000e+01 5.0850000000e+03 5.0281666667e+03 6.0000000000e+00 3.0000000000e+00
0.0000000000e+00 2.3000000000e+01 3.2510000000e+03 3.1501833333e+03 9.0000000000e+00 2.0000000000e+00
0.0000000000e+00 2.4000000000e+01 6.5780000000e+03 6.4386950000e+03 5.0000000000e+00 4.0000000000e+00
0.0000000000e+00 2.5000000000e+01 4.9300000000e+03 4.8500500000e+03 6.0000000000e+00 3.0000000000e+00
0.0000000000e+00 2.6000000000e+01 3.2710000000e+03 3.2023016667e+03 8.0000000000e+00 2.0000000000e+00
0.0000000000e+00 2.7000000000e+01 3.2500000000e+03 3.1516800000e+03 8.0000000000e+00 2.0000000000e+00
0.0000000000e+00 2.8000000000e+01 4.8800000000e+03 4.7922016667e+03 9.0000000000e+00 3.0000000000e+00
0.0000000000e+00 2.9000000000e+01 6.5490000000e+03 6.3184933333e+03 1.2000000000e+01 4.0000000000e+00
0.0000000000e+00 3.0000000000e+01 4.8630000000e+03 4.7336683333e+03 1.1000000000e+01 3.0000000000e+00
0.0000000000e+00 3.1000000000e+01 9.8730000000e+03 9.6347216667e+03 1.1000000000e+01 6.0000000000e+00
0.0000000000e+00 3.2000000000e+01 1.1398000000e+04 1.1159415000e+04 1.5000000000e+01 7.0000000000e+00
0.0000000000e+00 3.3000000000e+01 4.8800000000e+03 4.7177833333e+03 1.2000000000e+01 3.0000000000e+00
0.0000000000e+00 3.4000000000e+01 3.2370000000e+03 3.1614550000e+03 1.0000000000e+00 2.0000000000e+00
0.0000000000e+00 3.5000000000e+01 3.3610000000e+03 3.2302816667e+03 5.0000000000e+00 2.0000000000e+00
0.0000000000e+00 3.6000000000e+01 4.9970000000e+03 4.8894300000e+03 7.0000000000e+00 3.0000000000e+00
0.0000000000e+00 3.7000000000e+01 3.2410000000e+03 3.2353550000e+03 3.0000000000e+00 2.0000000000e+00
0.0000000000e+00 3.8000000000e+01 3.2680000000e+03 3.1526500000e+03 6.0000000000e+00 2.0000000000e+00
0.0000000000e+00 3.9000000000e+01 1.1595000000e+04 1.1317448333e+04 1.4000000000e+01 7.0000000000e+00
0.0000000000e+00 4.0000000000e+01 3.3130000000e+03 3.2220433333e+03 5.0000000000e+00 2.0000000000e+00
0.0000000000e+00 4.1000000000e+01 3.3020000000e+03 3.2887166667e+03 4.0000000000e+00 2.0000000000e+00
0.0000000000e+00 4.2000000000e+01 3.2660000000e+03 3.1626333333e+03 6.0000000000e+00 2.0000000000e+00
0.0000000000e+00 4.3000000000e+01 6.5090000000e+03 6.3195533333e+03 1.3000000000e+01 4.0000000000e+00
0.0000000000e+00 4.4000000000e+01 4.9030000000e+03 4.8112333333e+03 1.1000000000e+01 3.0000000000e+00
0.0000000000e+00 4.5000000000e+01 3.3000000000e+03 3.2548683333e+03 5.0000000000e+00 2.0000000000e+00
0.0000000000e+00 4.6000000000e+01 5.2120000000e+03 5.1797650000e+03 6.0000000000e+00 3.0000000000e+00
0.0000000000e+00 4.7000000000e+01 8.1570000000e+03 7.8951100000e+03 1.7000000000e+01 5.0000000000e+00
0.0000000000e+00 4.8000000000e+01 3.2430000000e+03 3.1621200000e+03 1.0000000000e+01 2.0000000000e+00
0.0000000000e+00 4.9000000000e+01 3.2840000000e+03 3.1484833333e+03 7.0000000000e+00 2.0000000000e+00
0.0000000000e+00 5.0000000000e+01 3.2670000000e+03 3.1896350000e+03 5.0000000000e+00 2.0000000000e+00
0.0000000000e+00 5.1000000000e+01 3.2960000000e+03 3.2402983333e+03 4.0000000000e+00 2.0000000000e+00
0.0000000000e+00 5.2000000000e+01 3.2800000000e+03 3.1508966667e+03 1.2000000000e+01 2.0000000000e+00
0.0000000000e+00 5.3000000000e+01 3.2460000000e+03 3.1655733333e+03 5.0000000000e+00 2.0000000000e+00
0.0000000000e+00 5.4000000000e+01 3.3920000000e+03 3.2834933333e+03 4.0000000000e+00 2.0000000000e+00
0.0000000000e+00 5.5000000000e+01 6.9290000000e+03 6.9151200000e+03 2.0000000000e+00 4.0000000000e+00
0.0000000000e+00 5.6000000000e+01 1.4779000000e+04 1.4445401667e+04 2.4000000000e+01 9.0000000000e+00
0.0000000000e+00 5.7000000000e+01 9.9860000000e+03 9.7984400000e+03 1.4000000000e+01 6.0000000000e+00
0.0000000000e+00 5.8000000000e+01 4.8960000000e+03 4.8088883333e+03 7.0000000000e+00 3.0000000000e+00
0.0000000000e+00 5.9000000000e+01 4.9830000000e+03 5.0149583333e+03 5.0000000000e+00 3.0000000000e+00
0.0000000000e+00 6.0000000000e+01 6.5500000000e+03 6.3765766667e+03 9.0000000000e+00 4.0000000000e+00
0.0000000000e+00 6.1000000000e+01 4.9070000000e+03 4.7329350000e+03 8.0000000000e+00 3.0000000000e+00
0.0000000000e+00 6.2000000000e+01 4.8660000000e+03 4.7290950000e+03 6.0000000000e+00 3.0000000000e+00
0.0000000000e+00 6.3000000000e+01 3.2520000000e+03 3.1588950000e+03 7.0000000000e+00 2.0000000000e+00
0.0000000000e+00 6.4000000000e+01 8.1870000000e+03 8.0396450000e+03 1.5000000000e+01 5.0000000000e+00
0.0000000000e+00 6.5000000000e+01 3.2440000000e+03 3.1539166667e+03 4.0000000000e+00 2.0000000000e+00
0.0000000000e+00 6.6000000000e+01 5.0830000000e+03 5.0369633333e+03 6.0000000000e+00 3.0000000000e+00
0.0000000000e+00 6.7000000000e+01 6.6530000000e+03 6.4621166667e+03 9.0000000000e+00 4.0000000000e+00
0.0000000000e+00 6.8000000000e+01 4.8670000000e+03 4.7395166667e+03 8.0000000000e+00 3.0000000000e+00
0.0000000000e+00 6.9000000000e+01 3.2750000000e+03 3.2243266667e+03 5.0000000000e+00 2.0000000000e+00
0.0000000000e+00 7.0000000000e+01 3.2380000000e+03 3.2051666667e+03 8.0000000000e+00 2.0000000000e+00
0.0000000000e+00 7.1000000000e+01 4.8620000000e+03 4.7332366667e+03 1.2000000000e+01 3.0000000000e+00
0.0000000000e+00 7.2000000000e+01 8.1270000000e+03 7.9029800000e+03 1.0000000000e+01 5.0000000000e+00
0.0000000000e+00 7.3000000000e+01 4.8980000000e+03 4.7410333333e+03 6.0000000000e+00 3.0000000000e+00
0.0000000000e+00 7.4000000000e+01 3.5550000000e+03 3.4840666667e+03 4.0000000000e+00 2.0000000000e+00
0.0000000000e+00 7.5000000000e+01 4.8610000000e+03 4.7406866667e+03 7.0000000000e+00 3.0000000000e+00
0.0000000000e+00 7.6000000000e+01 3.4890000000e+03 3.5111966667e+03 2.0000000000e+00 2.0000000000e+00
0.0000000000e+00 7.7000000000e+01 3.2620000000e+03 3.1464366667e+03 5.0000000000e+00 2.0000000000e+00
0.0000000000e+00 7.8000000000e+01 3.3850000000e+03 3.3018916667e+03 4.0000000000e+00 2.0000000000e+00
0.0000000000e+00 7.9000000000e+01 3.2820000000e+03 3.2701900000e+03 3.0000000000e+00 2.0000000000e+00
0.0000000000e+00 8.0000000000e+01 4.9430000000e+03 4.9225283333e+03 5.0000000000e+00 3.0000000000e+00
0.0000000000e+00 8.1000000000e+01 4.9820000000e+03 4.8853183333e+03 8.0000000000e+00 3.0000000000e+00
0.0000000000e+00 8.2000000000e+01 3.3280000000e+03 3.3937950000e+03 0.0000000000e+00 2.0000000000e+00
0.0000000000e+00 8.3000000000e+01 9.7740000000e+03 9.5442633333e+03 1.7000000000e+01 6.0000000000e+00
0.0000000000e+00 8.4000000000e+01 3.3220000000e+03 3.2152750000e+03 3.0000000000e+00 2.0000000000e+00
0.0000000000e+00 8.5000000000e+01 3.2510000000e+03 3.1992416667e+03 7.0000000000e+00 2.0000000000e+00
0.0000000000e+00 8.6000000000e+01 3.2650000000e+03 3.2273300000e+03 4.0000000000e+00 2.0000000000e+00
0.0000000000e+00 8.7000000000e+01 3.2470000000e+03 3.1547866667e+03 5.0000000000e+00 2.0000000000e+00
0.0000000000e+00 8.8000000000e+01 4.9000000000e+03 4.8358466667e+03 7.0000000000e+00 3.0000000000e+00
0.0000000000e+00 8.9000000000e+01 3.2650000000e+03 3.1429716667e+03 1.1000000000e+01 2.0000000000e+00
0.0000000000e+00 9.0000000000e+01 6.4980000000e+03 6.3161333333e+03 1.2000000000e+01 4.0000000000e+00
0.0000000000e+00 9.1000000000e+01 6.4870000000e+03 6.3521133333e+03 1.3000000000e+01 4.0000000000e+00
0.0000000000e+00 9.2000000000e+01 6.6410000000e+03 6.4673616667e+03 8.0000000000e+00 4.0000000000e+00
0.0000000000e+00 9.3000000000e+01 8.2490000000e+03 8.1106800000e+03 1.2000000000e+01 5.0000000000e+00
0.0000000000e+00 9.4000000000e+01 3.2390000000e+03 3.1580516667e+03 5.0000000000e+00 2.0000000000e+00
0.0000000000e+00 9.5000000000e+01 4.8610000000e+03 4.7473433333e+03 9.0000000000e+00 3.0000000000e+00
0.0000000000e+00 9.6000000000e+01 4.9010000000e+03 4.7805216667e+03 7.0000000000e+00 3.0000000000e+00
0.0000000000e+00 9.7000000000e+01 1.0441000000e+05 9.4808121667e+04 7.0500000000e+02 6.0000000000e+01
0.0000000000e+00 9.8000000000e+01 1.1483000000e+04 1.1260898333e+04 1.6000000000e+01 7.0000000000e+00
0.0000000000e+00 9.9000000000e+01 3.2780000000e+03 3.1546466667e+03 8.0000000000e+00 2.0000000000e+00
0.0000000000e+00 1.0000000000e+02 4.8670000000e+03 4.7760066667e+03 1.1000000000e+01 3.0000000000e+00
0.0000000000e+00 1.0100000000e+02 3.2590000000e+03 3.1862133333e+03 5.0000000000e+00 2.0000000000e+00
0.0000000000e+00 1.0200000000e+02 4.9220000000e+03 4.8007750000e+03 1.2000000000e+01 3.0000000000e+00
0.0000000000e+00 1.0300000000e+02 3.3490000000e+03 3.3190766667e+03 4.0000000000e+00 2.0000000000e+00
0.0000000000e+00 1.0400000000e+02 8.1960000000e+03 8.0988050000e+03 8.0000000000e+00 5.0000000000e+00
0.0000000000e+00 1.0500000000e+02 3.2580000000e+03 3.1500833333e+03 3.0000000000e+00 2.0000000000e+00
0.0000000000e+00 1.0600000000e+02 3.2890000000e+03 3.2804316667e+03 4.0000000000e+00 2.0000000000e+00
0.0000000000e+00 1.0700000000e+02 6.4810000000e+03 6.3417716667e+03 1.8000000000e+01 4.0000000000e+00
0.0000000000e+00 1.0800000000e+02 3.3620000000e+03 3.3383100000e+03 0.0000000000e+00 2.0000000000e+00
0.0000000000e+00 1.0900000000e+02 4.9650000000e+03 4.8323366667e+03 6.0000000000e+00 3.0000000000e+00
0.0000000000e+00 1.1000000000e+02 3.2760000000e+03 3.2187850000e+03 5.0000000000e+00 2.0000000000e+00
0.0000000000e+00 1.1100000000e+02 6.4990000000e+03 6.3187833333e+03 1.6000000000e+01 4.0000000000e+00
0.0000000000e+00 1.1200000000e+02 8.1310000000e+03 7.8981583333e+03 1.5000000000e+01 5.0000000000e+00
0.0000000000e+00 1.1300000000e+02 4.8730000000e+03 4.7326150000e+03 8.0000000000e+00 3.0000000000e+00
0.0000000000e+00 1.1400000000e+02 3.2420000000e+03 3.2674850000e+03 4.0000000000e+00 2.0000000000e+00
0.0000000000e+00 1.1500000000e+02 4.9270000000e+03 4.7703300000e+03 1.1000000000e+01 3.0000000000e+00
0.0000000000e+00 1.1600000000e+02 6.4970000000e+03 6.3092250000e+03 9.0000000000e+00 4.0000000000e+00
0.0000000000e+00 1.1700000000e+02 3.2960000000e+03 3.2851783333e+03 4.0000000000e+00 2.0000000000e+00
0.0000000000e+00 1.1800000000e+02 3.2430000000e+03 3.1667150000e+03 4.0000000000e+00 2.0000000000e+00
0.0000000000e+00 1.1900000000e+02 4.9490000000e+03 4.9176650000e+03 6.0000000000e+00 3.0000000000e+00
0.0000000000e+00 1.2000000000e+02 4.8550000000e+03 4.7518816667e+03 3.0000000000e+00 3.0000000000e+00
0.0000000000e+00 1.2100000000e+02 3.7090000000e+03 3.6774450000e+03 3.0000000000e+00 2.0000000000e+00
0.0000000000e+00 1.2200000000e+02 3.6440000000e+03 3.5769116667e+03 3.0000000000e+00 2.0000000000e+00
0.0000000000e+00 1.2300000000e+02 3.2670000000e+03 3.2167266667e+03 3.0000000000e+00 2.0000000000e+00
0.0000000000e+00 1.2400000000e+02 3.2650000000e+03 3.1584166667e+03 2.0000000000e+00 2.0000000000e+00
0.0000000000e+00 1.2500000000e+02 4.8850000000e+03 4.7427916667e+03 4.0000000000e+00 3.0000000000e+00
0.0000000000e+00 1.2600000000e+02 3.2480000000e+03 3.1638216667e+03 7.0000000000e+00 2.0000000000e+00
0.0000000000e+00 1.2700000000e+02 4.8610000000e+03 4.7333616667e+03 7.0000000000e+00 3.0000000000e+00
0.0000000000e+00 1.2800000000e+02 4.8800000000e+03 4.7315716667e+03 4.0000000000e+00 3.0000000000e+00
0.0000000000e+00 1.2900000000e+02 3.2380000000e+03 3.1511783333e+03 7.0000000000e+00 2.0000000000e+00
0.0000000000e+00 1.3000000000e+02 3.2360000000e+03 3.1513066667e+03 3.0000000000e+00 2.0000000000e+00
0.0000000000e+00 1.3100000000e+02 3.6790000000e+03 3.6150933333e+03 3.0000000000e+00 2.0000000000e+00
0.0000000000e+00 1.3200000000e+02 4.9130000000e+03 4.9123533333e+03 5.0000000000e+00 3.0000000000e+00
0.0000000000e+00 1.3300000000e+02 4.8790000000e+03 4.7642300000e+03 9.0000000000e+00 3.0000000000e+00
0.0000000000e+00 1.3400000000e+02 9.7170000000e+03 9.5271833333e+03 1.7000000000e+01 6.0000000000e+00
0.0000000000e+00 1.3500000000e+02 6.5250000000e+03 6.3816050000e+03 8.0000000000e+00 4.0000000000e+00
0.0000000000e+00 1.3600000000e+02 4.9550000000e+03 4.8748450000e+03 8.0000000000e+00 3.0000000000e+00
0.0000000000e+00 1.3700000000e+02 3.2850000000e+03 3.1657266667e+03 6.0000000000e+00 2.0000000000e+00
0.0000000000e+00 1.3800000000e+02 4.8570000000e+03 4.7705566667e+03 8.0000000000e+00 3.0000000000e+00
0.0000000000e+00 1.3900000000e+02 3.2770000000e+03 3.2491750000e+03 4.0000000000e+00 2.0000000000e+00
0.0000000000e+00 1.4000000000e+02 3.2560000000e+03 3.1629516667e+03 8.0000000000e+00 2.0000000000e+00
0.0000000000e+00 1.4100000000e+02 6.6280000000e+03 6.4481250000e+03 1.0000000000e+01 4.0000000000e+00
0.0000000000e+00 1.4200000000e+02 3.2600000000e+03 3.1902800000e+03 7.0000000000e+00 2.0000000000e+00
0.0000000000e+00 1.4300000000e+02 8.4030000000e+03 8.3067266667e+03 2.0000000000e+00 5.0000000000e+00
0.0000000000e+00 1.4400000000e+02 3.2460000000e+03 3.1536616667e+03 7.0000000000e+00 2.0000000000e+00
0.0000000000e+00 1.4500000000e+02 3.2550000000e+03 3.1895116667e+03 7.0000000000e+00 2.0000000000e+00
0.0000000000e+00 1.4600000000e+02 3.2860000000e+03 3.2397183333e+03 7.0000000000e+00 2.0000000000e+00
0.0000000000e+00 1.4700000000e+02 8.1400000000e+03 7.9247850000e+03 1.8000000000e+01 5.0000000000e+00
0.0000000000e+00 1.4800000000e+02 6.5080000000e+03 6.3894533333e+03 1.2000000000e+01 4.0000000000e+00
0.0000000000e+00 1.4900000000e+02 4.9200000000e+03 4.8106133333e+03 9.0000000000e+00 3.0000000000e+00
0.0000000000e+00 1.5000000000e+02 4.8900000000e+03 4.7941633333e+03 9.0000000000e+00 3.0000000000e+00
0.0000000000e+00 1.5100000000e+02 6.5040000000e+03 6.3076566667e+03 8.0000000000e+00 4.0000000000e+00
0.0000000000e+00 1.5200000000e+02 3.5420000000e+03 3.5058150000e+03 3.0000000000e+00 2.0000000000e+00
0.0000000000e+00 1.5300000000e+02 4.8740000000e+03 4.7362066667e+03 1.3000000000e+01 3.0000000000e+00
0.0000000000e+00 1.5400000000e+02 6.4920000000e+03 6.3347616667e+03 1.0000000000e+01 4.0000000000e+00
0.0000000000e+00 1.5500000000e+02 3.2530000000e+03 3.1570666667e+03 5.0000000000e+00 2.0000000000e+00
0.0000000000e+00 1.5600000000e+02 3.2590000000e+03 3.1530266667e+03 4.0000000000e+00 2.0000000000e+00
0.0000000000e+00 1.5700000000e+02 3.2410000000e+03 3.1975466667e+03 5.0000000000e+00 2.0000000000e+00
0.0000000000e+00 1.5800000000e+02 3.3170000000e+03 3.2672716667e+03 3.0000000000e+00 2.0000000000e+00
0.0000000000e+00 1.5900000000e+02 8.2560000000e+03 8.1598950000e+03 1.3000000000e+01 5.0000000000e+00
0.0000000000e+00 1.6000000000e+02 1.1454000000e+04 1.1189555000e+04 1.6000000000e+01 7.0000000000e+00
0.0000000000e+00 1.6100000000e+02 8.1220000000e+03 7.9959966667e+03 1.5000000000e+01 5.0000000000e+00
0.0000000000e+00 1.6200000000e+02 4.9070000000e+03 4.8401883333e+03 8.0000000000e+00 3.0000000000e+00
0.0000000000e+00 1.6300000000e+02 1.4627000000e+04 1.4282985000e+04 2.5000000000e+01 9.0000000000e+00
0.0000000000e+00 1.6400000000e+02 3.2940000000e+03 3.2682183333e+03 5.0000000000e+00 2.0000000000e+00
0.0000000000e+00 1.6500000000e+02 3.3860000000e+03 3.3299666667e+03 5.0000000000e+00 2.0000000000e+00
0.0000000000e+00 1.6600000000e+02 4.8890000000e+03 4.7448816667e+03 9.0000000000e+00 3.0000000000e+00
0.0000000000e+00 1.6700000000e+02 6.5300000000e+03 6.3171016667e+03 1.7000000000e+01 4.0000000000e+00
0.0000000000e+00 1.6800000000e+02 3.2830000000e+03 3.1980316667e+03 6.0000000000e+00 2.0000000000e+00
0.0000000000e+00 1.6900000000e+02 8.3190000000e+03 8.2463983333e+03 9.0000000000e+00 5.0000000000e+00
0.0000000000e+00 1.7000000000e+02 6.5200000000e+03 6.3243683333e+03 1.5000000000e+01 4.0000000000e+00
0.0000000000e+00 1.7100000000e+02 1.1737000000e+04 1.1671613333e+04 1.1000000000e+01 7.0000000000e+00
0.0000000000e+00 1.7200000000e+02 4.8690000000e+03 4.7270000000e+03 7.0000000000e+00 3.0000000000e+00
0.0000000000e+00 1.7300000000e+02 5.0310000000e+03 4.9199733333e+03 6.0000000000e+00 3.0000000000e+00
0.0000000000e+00 1.7400000000e+02 3.2490000000e+03 3.2204216667e+03 7.0000000000e+00 2.0000000000e+00
0.0000000000e+00 1.7500000000e+02 3.2390000000e+03 3.1609716667e+03 8.0000000000e+00 2.0000000000e+00
0.0000000000e+00 1.7600000000e+02 6.5210000000e+03 6.4477733333e+03 1.4000000000e+01 4.0000000000e+00
0.0000000000e+00 1.7700000000e+02 3.5750000000e+03 3.5138850000e+03 1.0000000000e+00 2.0000000000e+00
0.0000000000e+00 1.7800000000e+02 3.2530000000e+03 3.1631800000e+03 6.0000000000e+00 2.0000000000e+00
0.0000000000e+00 1.7900000000e+02 3.3370000000e+03 3.3147983333e+03 6.0000000000e+00 2.0000000000e+00
0.0000000000e+00 1.8000000000e+02 3.3440000000e+03 3.3134016667e+03 5.0000000000e+00 2.0000000000e+00
0.0000000000e+00 1.8100000000e+02 3.2420000000e+03 3.1496900000e+03 4.0000000000e+00 2.0000000000e+00
0.0000000000e+00 1.8200000000e+02 3.3820000000e+03 3.3997983333e+03 5.0000000000e+00 2.0000000000e+00
0.0000000000e+00 1.8300000000e+02 3.2880000000e+03 3.2628800000e+03 3.0000000000e+00 2.0000000000e+00
0.0000000000e+00 1.8400000000e+02 3.2730000000e+03 3.2401800000e+03 2.0000000000e+00 2.0000000000e+00
0.0000000000e+00 1.8500000000e+02 4.8810000000e+03 4.8522933333e+03 8.0000000000e+00 3.0000000000e+00
0.0000000000e+00 1.8600000000e+02 3.2420000000e+03 3.1606600000e+03 5.0000000000e+00 2.0000000000e+00
0.0000000000e+00 1.8700000000e+02 3.2570000000e+03 3.2246833333e+03 2.0000000000e+00 2.0000000000e+00
0.0000000000e+00 1.8800000000e+02 3.2490000000e+03 3.1928716667e+03 7.0000000000e+00 2.0000000000e+00
0.0000000000e+00 1.8900000000e+02 4.8960000000e+03 4.8321383333e+03 4.0000000000e+00 3.0000000000e+00
0.0000000000e+00 1.9000000000e+02 6.6380000000e+03 6.5045800000e+03 9.0000000000e+00 4.0000000000e+00
0.0000000000e+00 1.9100000000e+02 3.2430000000e+03 3.1599250000e+03 6.0000000000e+00 2.0000000000e+00
0.0000000000e+00 1.9200000000e+02 5.3640000000e+03 5.2874033333e+03 3.0000000000e+00 3.0000000000e+00
0.0000000000e+00 1.9300000000e+02 3.2420000000e+03 3.1544833333e+03 8.0000000000e+00 2.0000000000e+00
0.0000000000e+00 1.9400000000e+02 1.0170000000e+04 1.0090856667e+04 1.2000000000e+01 6.0000000000e+00
0.0000000000e+00 1.9500000000e+02 6.6230000000e+03 6.4916733333e+03 1.0000000000e+01 4.0000000000e+00
0.0000000000e+00 1.9600000000e+02 3.2600000000e+03 3.1563983333e+03 8.0000000000e+00 2.0000000000e+00
0.0000000000e+00 1.9700000000e+02 8.1090000000e+03 7.8752700000e+03 1.4000000000e+01 5.0000000000e+00
0.0000000000e+00 1.9800000000e+02 9.7480000000e+03 9.5175383333e+03 1.8000000000e+01 6.0000000000e+00
0.0000000000e+00 1.9900000000e+02 3.2700000000e+03 3.2202450000e+03 5.0000000000e+00 2.0000000000e+00
0.0000000000e+00 2.0000000000e+02 1.3139000000e+04 1.2804581667e+04 2.2000000000e+01 8.0000000000e+00
0.0000000000e+00 2.0100000000e+02 9.7530000000e+03 9.5209916667e+03 1.7000000000e+01 6.0000000000e+00
0.0000000000e+00 2.0200000000e+02 4.8580000000e+03 4.7602566667e+03 1.5000000000e+01 3.0000000000e+00
0.0000000000e+00 2.0300000000e+02 3.2550000000e+03 3.2801883333e+03 1.0000000000e+00 2.0000000000e+00
0.0000000000e+00 2.0400000000e+02 3.2620000000e+03 3.1452466667e+03 5.0000000000e+00 2.0000000000e+00
0.0000000000e+00 2.0500000000e+02 3.2390000000e+03 3.1607683333e+03 9.0000000000e+00 2.0000000000e+00
0.0000000000e+00 2.0600000000e+02 6.5390000000e+03 6.4694350000e+03 8.0000000000e+00 4.0000000000e+00
0.0000000000e+00 2.0700000000e+02 3.2670000000e+03 3.2061650000e+03 4.0000000000e+00 2.0000000000e+00
0.0000000000e+00 2.0800000000e+02 6.5360000000e+03 6.4192183333e+03 1.1000000000e+01 4.0000000000e+00
0.0000000000e+00 2.0900000000e+02 3.2570000000e+03 3.1689216667e+03 7.0000000000e+00 2.0000000000e+00
0.0000000000e+00 2.1000000000e+02 3.3170000000e+03 3.1784066667e+03 6.0000000000e+00 2.0000000000e+00
0.0000000000e+00 2.1100000000e+02 3.2770000000e+03 3.2408183333e+03 1.0000000000e+01 2.0000000000e+00
0.0000000000e+00 2.1200000000e+02 6.6620000000e+03 6.5421600000e+03 1.2000000000e+01 4.0000000000e+00
0.0000000000e+00 2.1300000000e+02 3.2620000000e+03 3.2033016667e+03 6.0000000000e+00 2.0000000000e+00
0.0000000000e+00 2.1400000000e+02 3.8380000000e+03 3.7421583333e+03 4.0000000000e+00 2.0000000000e+00
0.0000000000e+00 2.1500000000e+02 5.2120000000e+03 5.0864250000e+03 6.0000000000e+00 3.0000000000e+00
0.0000000000e+00 2.1600000000e+02 8.1600000000e+03 8.0012583333e+03 1.7000000000e+01 5.0000000000e+00
0.0000000000e+00 2.1700000000e+02 4.8520000000e+03 4.7485216667e+03 1.1000000000e+01 3.0000000000e+00
0.0000000000e+00 2.1800000000e+02 3.2400000000e+03 3.1583250000e+03 5.0000000000e+00 2.0000000000e+00
0.0000000000e+00 2.1900000000e+02 4.8570000000e+03 4.7748383333e+03 6.0000000000e+00 3.0000000000e+00
0.0000000000e+00 2.2000000000e+02 3.2420000000e+03 3.1542000000e+03 8.0000000000e+00 2.0000000000e+00
0.0000000000e+00 2.2100000000e+02 9.8540000000e+03 9.6798700000e+03 1.5000000000e+01 6.0000000000e+00
0.0000000000e+00 2.2200000000e+02 6.7610000000e+03 6.7291483333e+03 7.0000000000e+00 4.0000000000e+00
0.0000000000e+00 2.2300000000e+02 3.2640000000e+03 3.2207483333e+03 3.0000000000e+00 2.0000000000e+00
0.0000000000e+00 2.2400000000e+02 8.1380000000e+03 7.9463033333e+03 1.4000000000e+01 5.0000000000e+00
0.0000000000e+00 2.2500000000e+02 4.8800000000e+03 4.7554933333e+03 8.0000000000e+00 3.0000000000e+00
0.0000000000e+00 2.2600000000e+02 3.2410000000e+03 3.1662866667e+03 4.0000000000e+00 2.0000000000e+00
0.0000000000e+00 2.2700000000e+02 4.8850000000e+03 4.7918583333e+03 4.0000000000e+00 3.0000000000e+00
0.0000000000e+00 2.2800000000e+02 4.9640000000e+03 4.9228316667e+03 4.0000000000e+00 3.0000000000e+00
0.0000000000e+00 2.2900000000e+02 6.6130000000e+03 6.4581100000e+03 9.0000000000e+00 4.0000000000e+00
0.0000000000e+00 2.3000000000e+02 2.2903000000e+04 2.2405263333e+04 4.2000000000e+01 1.4000000000e+01
0.0000000000e+00 2.3100000000e+02 4.8810000000e+03 4.7441466667e+03 7.0000000000e+00 3.0000000000e+00
0.0000000000e+00 2.3200000000e+02 3.2750000000e+03 3.1843916667e+03 7.0000000000e+00 2.0000000000e+00
0.0000000000e+00 2.3300000000e+02 3.2460000000e+03 3.1519850000e+03 5.0000000000e+00 2.0000000000e+00
0.0000000000e+00 2.3400000000e+02 4.8700000000e+03 4.7370383333e+03 8.0000000000e+00 3.0000000000e+00
0.0000000000e+00 2.3500000000e+02 8.1150000000e+03 7.9277800000e+03 1.7000000000e+01 5.0000000000e+00
0.0000000000e+00 2.3600000000e+02 7.3030000000e+03 7.2414433333e+03 8.0000000000e+00 4.0000000000e+00
0.0000000000e+00 2.3700000000e+02 3.2500000000e+03 3.1929583333e+03 2.0000000000e+00 2.0000000000e+00
0.0000000000e+00 2.3800000000e+02 6.5300000000e+03 6.3555833333e+03 7.0000000000e+00 4.0000000000e+00
0.0000000000e+00 2.3900000000e+02 3.2580000000e+03 3.1489566667e+03 7.0000000000e+00 2.0000000000e+00
0.0000000000e+00 2.4000000000e+02 3.2550000000e+03 3.1603733333e+03 7.0000000000e+00 2.0000000000e+00
0.0000000000e+00 2.4100000000e+02 1.0132000000e+04 1.0040966667e+04 7.0000000000e+00 6.0000000000e+00
0.0000000000e+00 2.4200000000e+02 4.8960000000e+03 4.7241616667e+03 6.0000000000e+00 3.0000000000e+00
0.0000000000e+00 2.4300000000e+02 3.2500000000e+03 3.1634050000e+03 3.0000000000e+00 2.0000000000e+00
0.0000000000e+00 2.4400000000e+02 4.9730000000e+03 4.9067400000e+03 7.0000000000e+00 3.0000000000e+00
0.0000000000e+00 2.4500000000e+02 3.4770000000e+03 3.4717150000e+03 3.0000000000e+00 2.0000000000e+00
0.0000000000e+00 2.4600000000e+02 3.2540000000e+03 3.1588533333e+03 4.0000000000e+00 2.0000000000e+00
0.0000000000e+00 2.4700000000e+02 4.9520000000e+03 4.8816716667e+03 5.0000000000e+00 3.0000000000e+00
0.0000000000e+00 2.4800000000e+02 3.2410000000e+03 3.1412700000e+03 5.0000000000e+00 2.0000000000e+00
0.0000000000e+00 2.4900000000e+02 6.7720000000e+03 6.7097133333e+03 7.0000000000e+00 4.0000000000e+00
0.0000000000e+00 2.5000000000e+02 3.2640000000e+03 3.1498550000e+03 7.0000000000e+00 2.0000000000e+00
0.0000000000e+00 2.5100000000e+02 3.2420000000e+03 3.1654483333e+03 5.0000000000e+00 2.0000000000e+00
0.0000000000e+00 2.5200000000e+02 4.8750000000e+03 4.7315183333e+03 1.0000000000e+01 3.0000000000e+00
0.0000000000e+00 2.5300000000e+02 9.7730000000e+03 9.5095300000e+03 1.6000000000e+01 6.0000000000e+00
0.0000000000e+00 2.5400000000e+02 8.1110000000e+03 7.9302733333e+03 1.6000000000e+01 5.0000000000e+00
0.0000000000e+00 2.5500000000e+02 3.2370000000e+03 3.1580233333e+03 3.0000000000e+00 2.0000000000e+00
0.0000000000e+00 2.5600000000e+02 3.2430000000e+03 3.1568983333e+03 5.0000000000e+00 2.0000000000e+00
0.0000000000e+00 2.5700000000e+02 6.5730000000e+03 6.5129016667e+03 5.0000000000e+00 4.0000000000e+00
0.0000000000e+00 2.5800000000e+02 3.2450000000e+03 3.1883666667e+03 6.0000000000e+00 2.0000000000e+00
0.0000000000e+00 2.5900000000e+02 3.2510000000e+03 3.1424733333e+03 9.0000000000e+00 2.0000000000e+00
0.0000000000e+00 2.6000000000e+02 6.4770000000e+03 6.3148516667e+03 1.3000000000e+01 4.0000000000e+00
0.0000000000e+00 2.6100000000e+02 3.2570000000e+03 3.1475616667e+03 3.0000000000e+00 2.0000000000e+00
0.0000000000e+00 2.6200000000e+02 4.8860000000e+03 4.7495683333e+03 7.0000000000e+00 3.0000000000e+00
0.0000000000e+00 2.6300000000e+02 3.4060000000e+03 3.3443283333e+03 3.0000000000e+00 2.0000000000e+00
0.0000000000e+00 2.6400000000e+02 3.3470000000e+03 3.3233400000e+03 2.0000000000e+00 2.0000000000e+00
0.0000000000e+00 2.6500000000e+02 3.2450000000e+03 3.1540266667e+03 4.0000000000e+00 2.0000000000e+00
0.0000000000e+00 2.6600000000e+02 6.5190000000e+03 6.3607616667e+03 9.0000000000e+00 4.0000000000e+00
0.0000000000e+00 2.6700000000e+02 4.9140000000e+03 4.8187700000e+03 7.0000000000e+00 3.0000000000e+00
0.0000000000e+00 2.6800000000e+02 3.2350000000e+03 3.1584083333e+03 7.0000000000e+00 2.0000000000e+00
0.0000000000e+00 2.6900000000e+02 4.8690000000e+03 4.7295316667e+03 1.1000000000e+01 3.0000000000e+00
0.0000000000e+00 2.7000000000e+02 8.1220000000e+03 7.9377916667e+03 2.1000000000e+01 5.0000000000e+00
0.0000000000e+00 2.7100000000e+02 3.2900000000e+03 3.2483183333e+03 7.0000000000e+00 2.0000000000e+00
0.0000000000e+00 2.7200000000e+02 6.5020000000e+03 6.3104216667e+03 1.3000000000e+01 4.0000000000e+00
0.0000000000e+00 2.7300000000e+02 3.2560000000e+03 3.2194416667e+03 6.0000000000e+00 2.0000000000e+00
0.0000000000e+00 2.7400000000e+02 4.9710000000e+03 4.8886633333e+03 7.0000000000e+00 3.0000000000e+00
0.0000000000e+00 2.7500000000e+02 3.2560000000e+03 3.1676566667e+03 1.1000000000e+01 2.0000000000e+00
0.0000000000e+00 2.7600000000e+02 4.8830000000e+03 4.7857583333e+03 6.0000000000e+00 3.0000000000e+00
0.0000000000e+00 2.7700000000e+02 6.6570000000e+03 6.4774633333e+03 1.1000000000e+01 4.0000000000e+00
0.0000000000e+00 2.7800000000e+02 3.2710000000e+03 3.2437133333e+03 4.0000000000e+00 2.0000000000e+00
0.0000000000e+00 2.7900000000e+02 4.8920000000e+03 4.8079766667e+03 3.0000000000e+00 3.0000000000e+00
0.0000000000e+00 2.8000000000e+02 3.2510000000e+03 3.1409550000e+03 7.0000000000e+00 2.0000000000e+00
0.0000000000e+00 2.8100000000e+02 3.6410000000e+03 3.6516533333e+03 3.0000000000e+00 2.0000000000e+00
0.0000000000e+00 2.8200000000e+02 3.3000000000e+03 3.2576833333e+03 2.0000000000e+00 2.0000000000e+00
0.0000000000e+00 2.8300000000e+02 1.1393000000e+04 1.1125141667e+04 2.2000000000e+01 7.0000000000e+00
0.0000000000e+00 2.8400000000e+02 3.2710000000e+03 3.1558416667e+03 3.0000000000e+00 2.0000000000e+00
0.0000000000e+00 2.8500000000e+02 3.2660000000e+03 3.1582133333e+03 7.0000000000e+00 2.0000000000e+00
0.0000000000e+00 2.8600000000e+02 3.2570000000e+03 3.1507583333e+03 4.0000000000e+00 2.0000000000e+00
0.0000000000e+00 2.8700000000e+02 6.5710000000e+03 6.4386716667e+03 1.2000000000e+01 4.0000000000e+00
0.0000000000e+00 2.8800000000e+02 4.8560000000e+03 4.7718500000e+03 6.0000000000e+00 3.0000000000e+00
0.0000000000e+00 2.8900000000e+02 3.2820000000e+03 3.2076183333e+03 3.0000000000e+00 2.0000000000e+00
0.0000000000e+00 2.9000000000e+02 4.9030000000e+03 4.7474233333e+03 1.2000000000e+01 3.0000000000e+00
0.0000000000e+00 2.9100000000e+02 1.3465000000e+04 1.3238666667e+04 1.6000000000e+01 8.0000000000e+00
0.0000000000e+00 2.9200000000e+02 4.8850000000e+03 4.7705933333e+03 1.0000000000e+01 3.0000000000e+00
0.0000000000e+00 2.9300000000e+02 3.2590000000e+03 3.2157900000e+03 5.0000000000e+00 2.0000000000e+00
0.0000000000e+00 2.9400000000e+02 1.1589000000e+04 1.1399216667e+04 1.5000000000e+01 7.0000000000e+00
0.0000000000e+00 2.9500000000e+02 4.8750000000e+03 4.7886133333e+03 6.0000000000e+00 3.0000000000e+00
0.0000000000e+00 2.9600000000e+02 8.1270000000e+03 7.9752133333e+03 1.0000000000e+01 5.0000000000e+00
0.0000000000e+00 2.9700000000e+02 3.2500000000e+03 3.1548916667e+03 4.0000000000e+00 2.0000000000e+00
0.0000000000e+00 2.9800000000e+02 3.2700000000e+03 3.1573816667e+03 6.0000000000e+00 2.0000000000e+00
0.0000000000e+00 2.9900000000e+02 4.8890000000e+03 4.7967466667e+03 6.0000000000e+00 3.0000000000e+00
0.0000000000e+00 3.0000000000e+02 8.3020000000e+03 8.1582716667e+03 1.4000000000e+01 5.0000000000e+00
0.0000000000e+00 3.0100000000e+02 3.2350000000e+03 3.1596083333e+03 7.0000000000e+00 2.0000000000e+00
0.0000000000e+00 3.0200000000e+02 6.5160000000e+03 6.3065050000e+03 1.2000000000e+01 4.0000000000e+00
0.0000000000e+00 3.0300000000e+02 8.3260000000e+03 8.2345400000e+03 1.0000000000e+01 5.0000000000e+00
0.0000000000e+00 3.0400000000e+02 4.9670000000e+03 4.8585383333e+03 7.0000000000e+00 3.0000000000e+00
0.0000000000e+00 3.0500000000e+02 9.8600000000e+03 9.6366300000e+03 1.6000000000e+01 6.0000000000e+00
0.0000000000e+00 3.0600000000e+02 3.2530000000e+03 3.1753083333e+03 5.0000000000e+00 2.0000000000e+00
0.0000000000e+00 3.0700000000e+02 4.9000000000e+03 4.8405483333e+03 6.0000000000e+00 3.0000000000e+00
0.0000000000e+00 3.0800000000e+02 1.1551000000e+04 1.1381581667e+04 1.7000000000e+01 7.0000000000e+00
0.0000000000e+00 3.0900000000e+02 3.2480000000e+03 3.1969966667e+03 7.0000000000e+00 2.0000000000e+00
0.0000000000e+00 3.1000000000e+02 4.9540000000e+03 4.8522183333e+03 7.0000000000e+00 3.0000000000e+00
0.0000000000e+00 3.1100000000e+02 6.5300000000e+03 6.3204816667e+03 1.2000000000e+01 4.0000000000e+00
0.0000000000e+00 3.1200000000e+02 4.9540000000e+03 4.7398350000e+03 1.0000000000e+00 3.0000000000e+00
0.0000000000e+00 3.1300000000e+02 3.2430000000e+03 3.1879583333e+03 2.0000000000e+00 2.0000000000e+00
0.0000000000e+00 3.1400000000e+02 3.2560000000e+03 3.1584650000e+03 7.0000000000e+00 2.0000000000e+00
0.0000000000e+00 3.1500000000e+02 4.9230000000e+03 4.8534466667e+03 9.0000000000e+00 3.0000000000e+00
0.0000000000e+00 3.1600000000e+02 3.2460000000e+03 3.1562850000e+03 9.0000000000e+00 2.0000000000e+00
0.0000000000e+00 3.1700000000e+02 4.8610000000e+03 4.7374700000e+03 1.1000000000e+01 3.0000000000e+00
0.0000000000e+00 3.1800000000e+02 3.2900000000e+03 3.2281933333e+03 4.0000000000e+00 2.0000000000e+00
0.0000000000e+00 3.1900000000e+02 1.3212000000e+04 1.3029773333e+04 2.3000000000e+01 8.0000000000e+00
0.0000000000e+00 3.2000000000e+02 6.6690000000e+03 6.6303900000e+03 6.0000000000e+00 4.0000000000e+00
0.0000000000e+00 3.2100000000e+02 5.1130000000e+03 5.0425200000e+03 5.0000000000e+00 3.0000000000e+00
0.0000000000e+00 3.2200000000e+02 3.2690000000e+03 3.2085400000e+03 4.0000000000e+00 2.0000000000e+00
0.0000000000e+00 3.2300000000e+02 3.2470000000e+03 3.2343483333e+03 4.0000000000e+00 2.0000000000e+00
0.0000000000e+00 3.2400000000e+02 3.2850000000e+03 3.1699683333e+03 1.0000000000e+01 2.0000000000e+00
0.0000000000e+00 3.2500000000e+02 1.1431000000e+04 1.1176100000e+04 1.3000000000e+01 7.0000000000e+00
0.0000000000e+00 3.2600000000e+02 3.2580000000e+03 3.1849133333e+03 6.0000000000e+00 2.0000000000e+00
0.0000000000e+00 3.2700000000e+02 8.1070000000e+03 8.0212400000e+03 1.4000000000e+01 5.0000000000e+00
0.0000000000e+00 3.2800000000e+02 8.4770000000e+03 8.4759050000e+03 9.0000000000e+00 5.0000000000e+00
0.0000000000e+00 3.2900000000e+02 4.8710000000e+03 4.8041000000e+03 6.0000000000e+00 3.0000000000e+00
0.0000000000e+00 3.3000000000e+02 4.8650000000e+03 4.7473966667e+03 8.0000000000e+00 3.0000000000e+00
0.0000000000e+00 3.3100000000e+02 4.8840000000e+03 4.7420916667e+03 9.0000000000e+00 3.0000000000e+00
0.0000000000e+00 3.3200000000e+02 3.2500000000e+03 3.1615250000e+03 3.0000000000e+00 2.0000000000e+00
0.0000000000e+00 3.3300000000e+02 1.2978000000e+04 1.2634440000e+04 2.9000000000e+01 8.0000000000e+00
0.0000000000e+00 3.3400000000e+02 3.2540000000e+03 3.1983666667e+03 5.0000000000e+00 2.0000000000e+00
0.0000000000e+00 3.3500000000e+02 4.8860000000e+03 4.7972000000e+03 3.0000000000e+00 3.0000000000e+00
0.0000000000e+00 3.3600000000e+02 5.1420000000e+03 5.0737433333e+03 5.0000000000e+00 3.0000000000e+00
0.0000000000e+00 3.3700000000e+02 3.3140000000e+03 3.2679733333e+03 8.0000000000e+00 2.0000000000e+00
0.0000000000e+00 3.3800000000e+02 6.5490000000e+03 6.4988833333e+03 6.0000000000e+00 4.0000000000e+00
0.0000000000e+00 3.3900000000e+02 3.2570000000e+03 3.1524933333e+03 5.0000000000e+00 2.0000000000e+00
0.0000000000e+00 3.4000000000e+02 4.9080000000e+03 4.7714466667e+03 1.0000000000e+01 3.0000000000e+00
0.0000000000e+00 3.4100000000e+02 5.2530000000e+03 5.1502633333e+03 1.1000000000e+01 3.0000000000e+00
0.0000000000e+00 3.4200000000e+02 3.2640000000e+03 3.2302816667e+03 2.0000000000e+00 2.0000000000e+00
0.0000000000e+00 3.4300000000e+02 4.8590000000e+03 4.7302550000e+03 8.0000000000e+00 3.0000000000e+00
0.0000000000e+00 3.4400000000e+02 6.5200000000e+03 6.3105716667e+03 1.2000000000e+01 4.0000000000e+00
0.0000000000e+00 3.4500000000e+02 3.2550000000e+03 3.1647900000e+03 5.0000000000e+00 2.0000000000e+00
0.0000000000e+00 3.4600000000e+02 3.4590000000e+03 3.3960166667e+03 7.0000000000e+00 2.0000000000e+00
0.0000000000e+00 3.4700000000e+02 6.5310000000e+03 6.3760766667e+03 1.1000000000e+01 4.0000000000e+00
0.0000000000e+00 3.4800000000e+02 3.2410000000e+03 3.1636183333e+03 7.0000000000e+00 2.0000000000e+00
0.0000000000e+00 3.4900000000e+02 6.4820000000e+03 6.3276250000e+03 1.0000000000e+01 4.0000000000e+00
0.0000000000e+00 3.5000000000e+02 6.4900000000e+03 6.3275466667e+03 1.4000000000e+01 4.0000000000e+00
0.0000000000e+00 3.5100000000e+02 2.4512000000e+04 2.3984771667e+04 7.1000000000e+01 1.5000000000e+01
0.0000000000e+00 3.5200000000e+02 3.3150000000e+03 3.3213900000e+03 1.0000000000e+00 2.0000000000e+00
0.0000000000e+00 3.5300000000e+02 3.2460000000e+03 3.1651583333e+03 4.0000000000e+00 2.0000000000e+00
0.0000000000e+00 3.5400000000e+02 3.5910000000e+03 3.6062950000e+03 2.0000000000e+00 2.0000000000e+00
0.0000000000e+00 3.5500000000e+02 6.4940000000e+03 6.3568483333e+03 1.6000000000e+01 4.0000000000e+00
0.0000000000e+00 3.5600000000e+02 4.9190000000e+03 4.7163900000e+03 1.0000000000e+01 3.0000000000e+00
0.0000000000e+00 3.5700000000e+02 3.2760000000e+03 3.1423566667e+03 6.0000000000e+00 2.0000000000e+00
0.0000000000e+00 3.5800000000e+02 1.1430000000e+04 1.1316230000e+04 1.1000000000e+01 7.0000000000e+00
0.0000000000e+00 3.5900000000e+02 3.2530000000e+03 3.2161950000e+03 5.0000000000e+00 2.0000000000e+00
0.0000000000e+00 3.6000000000e+02 4.8710000000e+03 4.7260233333e+03 6.0000000000e+00 3.0000000000e+00
0.0000000000e+00 3.6100000000e+02 3.2520000000e+03 3.1666866667e+03 3.0000000000e+00 2.0000000000e+00
0.0000000000e+00 3.6200000000e+02 3.4244000000e+04 3.3384131667e+04 8.3000000000e+01 2.1000000000e+01
0.0000000000e+00 3.6300000000e+02 8.1130000000e+03 7.9659400000e+03 1.3000000000e+01 5.0000000000e+00
0.0000000000e+00 3.6400000000e+02 8.1690000000e+03 8.0057416667e+03 1.3000000000e+01 5.0000000000e+00
0.0000000000e+00 3.6500000000e+02 4.8660000000e+03 4.7439000000e+03 8.0000000000e+00 3.0000000000e+00
0.0000000000e+00 3.6600000000e+02 3.2430000000e+03 3.1523533333e+03 5.0000000000e+00 2.0000000000e+00
0.0000000000e+00 3.6700000000e+02 5.1220000000e+03 5.0934150000e+03 4.0000000000e+00 3.0000000000e+00
0.0000000000e+00 3.6800000000e+02 6.7590000000e+03 6.6934016667e+03 1.1000000000e+01 4.0000000000e+00
0.0000000000e+00 3.6900000000e+02 3.2780000000e+03 3.1622483333e+03 9.0000000000e+00 2.0000000000e+00
0.0000000000e+00 3.7000000000e+02 6.5520000000e+03 6.3443533333e+03 9.0000000000e+00 4.0000000000e+00
0.0000000000e+00 3.7100000000e+02 3.2570000000e+03 3.1596350000e+03 6.0000000000e+00 2.0000000000e+00
0.0000000000e+00 3.7200000000e+02 8.1770000000e+03 7.9836283333e+03 1.5000000000e+01 5.0000000000e+00
0.0000000000e+00 3.7300000000e+02 3.2410000000e+03 3.1631733333e+03 8.0000000000e+00 2.0000000000e+00
0.0000000000e+00 3.7400000000e+02 3.2600000000e+03 3.1919083333e+03 3.0000000000e+00 2.0000000000e+00
0.0000000000e+00 3.7500000000e+02 3.2410000000e+03 3.1532466667e+03 4.0000000000e+00 2.0000000000e+00
0.0000000000e+00 3.7600000000e+02 4.8940000000e+03 4.7326683333e+03 1.0000000000e+01 3.0000000000e+00
0.0000000000e+00 3.7700000000e+02 4.8960000000e+03 4.8510966667e+03 1.1000000000e+01 3.0000000000e+00
0.0000000000e+00 3.7800000000e+02 6.5350000000e+03 6.4031600000e+03 6.0000000000e+00 4.0000000000e+00
0.0000000000e+00 3.7900000000e+02 9.7760000000e+03 9.4991666667e+03 1.8000000000e+01 6.0000000000e+00
0.0000000000e+00 3.8000000000e+02 3.2380000000e+03 3.1520983333e+03 6.0000000000e+00 2.0000000000e+00
0.0000000000e+00 3.8100000000e+02 3.2370000000e+03 3.1849050000e+03 7.0000000000e+00 2.0000000000e+00
0.0000000000e+00 3.8200000000e+02 3.2530000000e+03 3.1546383333e+03 1.3000000000e+01 2.0000000000e+00
0.0000000000e+00 3.8300000000e+02 6.4950000000e+03 6.3128816667e+03 1.1000000000e+01 4.0000000000e+00
0.0000000000e+00 3.8400000000e+02 3.3890000000e+03 3.3229150000e+03 6.0000000000e+00 2.0000000000e+00
0.0000000000e+00 3.8500000000e+02 4.9270000000e+03 4.8017700000e+03 9.0000000000e+00 3.0000000000e+00
0.0000000000e+00 3.8600000000e+02 6.4870000000e+03 6.3217966667e+03 1.1000000000e+01 4.0000000000e+00
0.0000000000e+00 3.8700000000e+02 4.8960000000e+03 4.7925916667e+03 8.0000000000e+00 3.0000000000e+00
0.0000000000e+00 3.8800000000e+02 3.2470000000e+03 3.1423716667e+03 4.0000000000e+00 2.0000000000e+00
0.0000000000e+00 3.8900000000e+02 1.1416000000e+04 1.1198685000e+04 1.6000000000e+01 7.0000000000e+00
0.0000000000e+00 3.9000000000e+02 2.2744000000e+04 2.2124976667e+04 5.6000000000e+01 1.4000000000e+01
0.0000000000e+00 3.9100000000e+02 3.2630000000e+03 3.2269616667e+03 2.0000000000e+00 2.0000000000e+00
0.0000000000e+00 3.9200000000e+02 4.8990000000e+03 4.7651733333e+03 9.0000000000e+00 3.0000000000e+00
0.0000000000e+00 3.9300000000e+02 1.1599000000e+04 1.1514245000e+04 4.4000000000e+01 7.0000000000e+00
0.0000000000e+00 3.9400000000e+02 3.2530000000e+03 3.1693166667e+03 6.0000000000e+00 2.0000000000e+00
0.0000000000e+00 3.9500000000e+02 5.0100000000e+03 4.9170750000e+03 8.0000000000e+00 3.0000000000e+00
0.0000000000e+00 3.9600000000e+02 6.5660000000e+03 6.4133433333e+03 8.0000000000e+00 4.0000000000e+00
0.0000000000e+00 3.9700000000e+02 3.2440000000e+03 3.1482116667e+03 5.0000000000e+00 2.0000000000e+00
0.0000000000e+00 3.9800000000e+02 3.2360000000e+03 3.1631716667e+03 6.0000000000e+00 2.0000000000e+00
0.0000000000e+00 3.9900000000e+02 4.8890000000e+03 4.7795566667e+03 7.0000000000e+00 3.0000000000e+00
0.0000000000e+00 4.0000000000e+02 3.2980000000e+03 3.2336583333e+03 6.0000000000e+00 2.0000000000e+00
0.0000000000e+00 4.0100000000e+02 4.8960000000e+03 4.8560466667e+03 2.0000000000e+00 3.0000000000e+00
0.0000000000e+00 4.0200000000e+02 3.2800000000e+03 3.1849983333e+03 6.0000000000e+00 2.0000000000e+00
0.0000000000e+00 4.0300000000e+02 3.3200000000e+03 3.2785283333e+03 2.0000000000e+00 2.0000000000e+00
0.0000000000e+00 4.0400000000e+02 6.4800000000e+03 6.3570800000e+03 1.7000000000e+01 4.0000000000e+00
0.0000000000e+00 4.0500000000e+02 3.2640000000e+03 3.1921483333e+03 5.0000000000e+00 2.0000000000e+00
0.0000000000e+00 4.0600000000e+02 3.2650000000e+03 3.1435900000e+03 7.0000000000e+00 2.0000000000e+00
0.0000000000e+00 4.0700000000e+02 4.9980000000e+03 4.8717916667e+03 8.0000000000e+00 3.0000000000e+00
0.0000000000e+00 4.0800000000e+02 3.2700000000e+03 3.1846116667e+03 6.0000000000e+00 2.0000000000e+00
0.0000000000e+00 4.0900000000e+02 3.2520000000e+03 3.1582383333e+03 7.0000000000e+00 2.0000000000e+00
0.0000000000e+00 4.1000000000e+02 3.2720000000e+03 3.1499866667e+03 7.0000000000e+00 2.0000000000e+00
0.0000000000e+00 4.1100000000e+02 1.1596000000e+04 1.1420095000e+04 1.7000000000e+01 7.0000000000e+00
0.0000000000e+00 4.1200000000e+02 1.6286000000e+04 1.5908483333e+04 3.8000000000e+01 1.0000000000e+01
0.0000000000e+00 4.1300000000e+02 5.0980000000e+03 5.0529516667e+03 7.0000000000e+00 3.0000000000e+00
0.0000000000e+00 4.1400000000e+02 3.2400000000e+03 3.1540483333e+03 4.0000000000e+00 2.0000000000e+00
0.0000000000e+00 4.1500000000e+02 4.8940000000e+03 4.8532683333e+03 6.0000000000e+00 3.0000000000e+00
0.0000000000e+00 4.1600000000e+02 4.9200000000e+03 4.8356000000e+03 9.0000000000e+00 3.0000000000e+00
0.0000000000e+00 4.1700000000e+02 5.0490000000e+03 5.0340166667e+03 9.0000000000e+00 3.0000000000e+00
0.0000000000e+00 4.1800000000e+02 9.8010000000e+03 9.5517050000e+03 1.5000000000e+01 6.0000000000e+00
0.0000000000e+00 4.1900000000e+02 8.2940000000e+03 8.1349266667e+03 1.0000000000e+01 5.0000000000e+00
0.0000000000e+00 4.2000000000e+02 3.3560000000e+03 3.2902083333e+03 4.0000000000e+00 2.0000000000e+00
0.0000000000e+00 4.2100000000e+02 4.9190000000e+03 4.8343516667e+03 5.0000000000e+00 3.0000000000e+00
0.0000000000e+00 4.2200000000e+02 6.4970000000e+03 6.3899050000e+03 9.0000000000e+00 4.0000000000e+00
0.0000000000e+00 4.2300000000e+02 3.3450000000e+03 3.3109366667e+03 3.0000000000e+00 2.0000000000e+00
0.0000000000e+00 4.2400000000e+02 3.2370000000e+03 3.1479600000e+03 3.0000000000e+00 2.0000000000e+00
0.0000000000e+00 4.2500000000e+02 3.2500000000e+03 3.1532733333e+03 9.0000000000e+00 2.0000000000e+00
0.0000000000e+00 4.2600000000e+02 3.2810000000e+03 3.2083566667e+03 3.0000000000e+00 2.0000000000e+00
0.0000000000e+00 4.2700000000e+02 6.5000000000e+03 6.3168666667e+03 1.3000000000e+01 4.0000000000e+00
0.0000000000e+00 4.2800000000e+02 3.2400000000e+03 3.1585233333e+03 6.0000000000e+00 2.0000000000e+00
0.0000000000e+00 4.2900000000e+02 6.5080000000e+03 6.3112416667e+03 2.3000000000e+01 4.0000000000e+00
0.0000000000e+00 4.3000000000e+02 1.4612000000e+04 1.4284613333e+04 2.5000000000e+01 9.0000000000e+00
0.0000000000e+00 4.3100000000e+02 3.2380000000e+03 3.1694500000e+03 9.0000000000e+00 2.0000000000e+00
0.0000000000e+00 4.3200000000e+02 3.2620000000e+03 3.1685283333e+03 9.0000000000e+00 2.0000000000e+00
0.0000000000e+00 4.3300000000e+02 3.2350000000e+03 3.1780450000e+03 9.0000000000e+00 2.0000000000e+00
0.0000000000e+00 4.3400000000e+02 4.8730000000e+03 4.7908150000e+03 1.1000000000e+01 3.0000000000e+00
0.0000000000e+00 4.3500000000e+02 4.8730000000e+03 4.7894033333e+03 7.0000000000e+00 3.0000000000e+00
0.0000000000e+00 4.3600000000e+02 6.5140000000e+03 6.3130416667e+03 1.4000000000e+01 4.0000000000e+00
0.0000000000e+00 4.3700000000e+02 4.9550000000e+03 4.9319200000e+03 4.0000000000e+00 3.0000000000e+00
0.0000000000e+00 4.3800000000e+02 3.2650000000e+03 3.1545450000e+03 1.1000000000e+01 2.0000000000e+00
0.0000000000e+00 4.3900000000e+02 8.3086000000e+04 7.5716821667e+04 5.3900000000e+02 4.8000000000e+01
0.0000000000e+00 4.4000000000e+02 3.2530000000e+03 3.1730766667e+03 3.0000000000e+00 2.0000000000e+00
0.0000000000e+00 4.4100000000e+02 6.5100000000e+03 6.4079850000e+03 1.1000000000e+01 4.0000000000e+00
0.0000000000e+00 4.4200000000e+02 3.2530000000e+03 3.1621750000e+03 7.0000000000e+00 2.0000000000e+00
0.0000000000e+00 4.4300000000e+02 6.4810000000e+03 6.3088983333e+03 1.4000000000e+01 4.0000000000e+00
0.0000000000e+00 4.4400000000e+02 3.3030000000e+03 3.2947550000e+03 1.0000000000e+00 2.0000000000e+00
0.0000000000e+00 4.4500000000e+02 3.2350000000e+03 3.1612766667e+03 4.0000000000e+00 2.0000000000e+00
0.0000000000e+00 4.4600000000e+02 3.2980000000e+03 3.1966300000e+03 4.0000000000e+00 2.0000000000e+00
0.0000000000e+00 4.4700000000e+02 6.5000000000e+03 6.3864216667e+03 1.2000000000e+01 4.0000000000e+00
0.0000000000e+00 4.4800000000e+02 6.4920000000e+03 6.3799266667e+03 1.0000000000e+01 4.0000000000e+00
0.0000000000e+00 4.4900000000e+02 4.9480000000e+03 4.8636216667e+03 5.0000000000e+00 3.0000000000e+00
0.0000000000e+00 4.5000000000e+02 3.2480000000e+03 3.2031450000e+03 4.0000000000e+00 2.0000000000e+00
0.0000000000e+00 4.5100000000e+02 3.2490000000e+03 3.1432150000e+03 6.0000000000e+00 2.0000000000e+00
0.0000000000e+00 4.5200000000e+02 4.8760000000e+03 4.7381833333e+03 1.0000000000e+01 3.0000000000e+00
0.0000000000e+00 4.5300000000e+02 1.8012000000e+04 1.7577305000e+04 2.4000000000e+01 1.1000000000e+01
0.0000000000e+00 4.5400000000e+02 6.5060000000e+03 6.3812833333e+03 9.0000000000e+00 4.0000000000e+00
0.0000000000e+00 4.5500000000e+02 4.8710000000e+03 4.7725266667e+03 1.0000000000e+01 3.0000000000e+00
0.0000000000e+00 4.5600000000e+02 3.4130000000e+03 3.3911766667e+03 4.0000000000e+00 2.0000000000e+00
0.0000000000e+00 4.5700000000e+02 3.2480000000e+03 3.1819366667e+03 4.0000000000e+00 2.0000000000e+00
0.0000000000e+00 4.5800000000e+02 3.2690000000e+03 3.2201500000e+03 5.0000000000e+00 2.0000000000e+00
0.0000000000e+00 4.5900000000e+02 9.8310000000e+03 9.7015466667e+03 1.2000000000e+01 6.0000000000e+00
0.0000000000e+00 4.6000000000e+02 3.2690000000e+03 3.1630833333e+03 5.0000000000e+00 2.0000000000e+00
0.0000000000e+00 4.6100000000e+02 6.5350000000e+03 6.4133433333e+03 1.2000000000e+01 4.0000000000e+00
0.0000000000e+00 4.6200000000e+02 3.3120000000e+03 3.3291683333e+03 3.0000000000e+00 2.0000000000e+00
0.0000000000e+00 4.6300000000e+02 8.7712000000e+04 7.9224673333e+04 5.8800000000e+02 5.0000000000e+01
0.0000000000e+00 4.6400000000e+02 3.2690000000e+03 3.1596116667e+03 5.0000000000e+00 2.0000000000e+00
0.0000000000e+00 4.6500000000e+02 8.3440000000e+03 8.2150933333e+03 1.6000000000e+01 5.0000000000e+00
0.0000000000e+00 4.6600000000e+02 4.8720000000e+03 4.7878666667e+03 8.0000000000e+00 3.0000000000e+00
0.0000000000e+00 4.6700000000e+02 8.2820000000e+03 8.1144033333e+03 9.0000000000e+00 5.0000000000e+00
0.0000000000e+00 4.6800000000e+02 8.1250000000e+03 7.9027250000e+03 1.6000000000e+01 5.0000000000e+00
0.0000000000e+00 4.6900000000e+02 3.5110000000e+03 3.4767016667e+03 2.0000000000e+00 2.0000000000e+00
0.0000000000e+00 4.7000000000e+02 6.5330000000e+03 6.3320116667e+03 7.0000000000e+00 4.0000000000e+00
0.0000000000e+00 4.7100000000e+02 1.4647000000e+04 1.4417666667e+04 1.9000000000e+01 9.0000000000e+00
0.0000000000e+00 4.7200000000e+02 3.3230000000e+03 3.2592216667e+03 4.0000000000e+00 2.0000000000e+00
0.0000000000e+00 4.7300000000e+02 8.1400000000e+03 7.9106750000e+03 1.5000000000e+01 5.0000000000e+00
0.0000000000e+00 4.7400000000e+02 3.2490000000e+03 3.1716300000e+03 8.0000000000e+00 2.0000000000e+00
0.0000000000e+00 4.7500000000e+02 4.8740000000e+03 4.7296616667e+03 9.0000000000e+00 3.0000000000e+00
0.0000000000e+00 4.7600000000e+02 3.2450000000e+03 3.1619316667e+03 6.0000000000e+00 2.0000000000e+00
0.0000000000e+00 4.7700000000e+02 3.2970000000e+03 3.2484366667e+03 6.0000000000e+00 2.0000000000e+00
0.0000000000e+00 4.7800000000e+02 3.2700000000e+03 3.2096483333e+03 4.0000000000e+00 2.0000000000e+00
0.0000000000e+00 4.7900000000e+02 3.2390000000e+03 3.1526600000e+03 5.0000000000e+00 2.0000000000e+00
0.0000000000e+00 4.8000000000e+02 3.2490000000e+03 3.1636850000e+03 7.0000000000e+00 2.0000000000e+00
0.0000000000e+00 4.8100000000e+02 6.9950000000e+03 6.9171450000e+03 4.0000000000e+00 4.0000000000e+00
0.0000000000e+00 4.8200000000e+02 4.9100000000e+03 4.9184383333e+03 3.0000000000e+00 3.0000000000e+00
0.0000000000e+00 4.8300000000e+02 3.5770000000e+03 3.5382400000e+03 1.0000000000e+00 2.0000000000e+00
0.0000000000e+00 4.8400000000e+02 3.5890000000e+03 3.5682483333e+03 3.0000000000e+00 2.0000000000e+00
0.0000000000e+00 4.8500000000e+02 3.2450000000e+03 3.1646483333e+03 9.0000000000e+00 2.0000000000e+00
0.0000000000e+00 4.8600000000e+02 8.1390000000e+03 7.9441883333e+03 2.7000000000e+01 5.0000000000e+00
0.0000000000e+00 4.8700000000e+02 3.2440000000e+03 3.1544933333e+03 7.0000000000e+00 2.0000000000e+00
0.0000000000e+00 4.8800000000e+02 6.4940000000e+03 6.3147050000e+03 6.0000000000e+00 4.0000000000e+00
0.0000000000e+00 4.8900000000e+02 4.9680000000e+03 4.8777050000e+03 4.0000000000e+00 3.0000000000e+00
0.0000000000e+00 4.9000000000e+02 3.3820000000e+03 3.2671800000e+03 8.0000000000e+00 2.0000000000e+00
0.0000000000e+00 4.9100000000e+02 4.8640000000e+03 4.7928516667e+03 9.0000000000e+00 3.0000000000e+00
0.0000000000e+00 4.9200000000e+02 8.2210000000e+03 8.0947483333e+03 1.3000000000e+01 5.0000000000e+00
0.0000000000e+00 4.9300000000e+02 3.2390000000e+03 3.1607683333e+03 5.0000000000e+00 2.0000000000e+00
0.0000000000e+00 4.9400000000e+02 6.5060000000e+03 6.3353283333e+03 1.9000000000e+01 4.0000000000e+00
0.0000000000e+00 4.9500000000e+02 8.1930000000e+03 7.9565733333e+03 1.3000000000e+01 5.0000000000e+00
0.0000000000e+00 4.9600000000e+02 6.4820000000e+03 6.3597366667e+03 1.2000000000e+01 4.0000000000e+00
0.0000000000e+00 4.9700000000e+02 5.0680000000e+03 4.9851566667e+03 4.0000000000e+00 3.0000000000e+00
0.0000000000e+00 4.9800000000e+02 3.2440000000e+03 3.1525000000e+03 6.0000000000e+00 2.0000000000e+00
0.0000000000e+00 4.9900000000e+02 6.4720000000e+03 6.2964633333e+03 9.0000000000e+00 4.0000000000e+00
0.0000000000e+00 5.0000000000e+02 3.2620000000e+03 3.1580166667e+03 8.0000000000e+00 2.0000000000e+00
0.0000000000e+00 5.0100000000e+02 5.0850000000e+03 5.0095450000e+03 5.0000000000e+00 3.0000000000e+00
0.0000000000e+00 5.0200000000e+02 4.8940000000e+03 4.8168483333e+03 6.0000000000e+00 3.0000000000e+00
0.0000000000e+00 5.0300000000e+02 3.2370000000e+03 3.1543583333e+03 6.0000000000e+00 2.0000000000e+00
0.0000000000e+00 5.0400000000e+02 3.2530000000e+03 3.1607983333e+03 6.0000000000e+00 2.0000000000e+00
0.0000000000e+00 5.0500000000e+02 4.8780000000e+03 4.7356200000e+03 9.0000000000e+00 3.0000000000e+00
0.0000000000e+00 5.0600000000e+02 6.5180000000e+03 6.3924816667e+03 1.0000000000e+01 4.0000000000e+00
0.0000000000e+00 5.0700000000e+02 3.2460000000e+03 3.1633100000e+03 4.0000000000e+00 2.0000000000e+00
0.0000000000e+00 5.0800000000e+02 3.2850000000e+03 3.1663333333e+03 3.0000000000e+00 2.0000000000e+00
0.0000000000e+00 5.0900000000e+02 8.1100000000e+03 7.8866533333e+03 1.5000000000e+01 5.0000000000e+00
0.0000000000e+00 5.1000000000e+02 4.8910000000e+03 4.7456916667e+03 9.0000000000e+00 3.0000000000e+00
0.0000000000e+00 5.1100000000e+02 6.5570000000e+03 6.3901133333e+03 1.1000000000e+01 4.0000000000e+00
0.0000000000e+00 5.1200000000e+02 3.2570000000e+03 3.1619150000e+03 7.0000000000e+00 2.0000000000e+00
0.0000000000e+00 5.1300000000e+02 6.4950000000e+03 6.3922983333e+03 1.3000000000e+01 4.0000000000e+00
0.0000000000e+00 5.1400000000e+02 6.5100000000e+03 6.3655700000e+03 1.1000000000e+01 4.0000000000e+00
0.0000000000e+00 5.1500000000e+02 6.6160000000e+03 6.4662900000e+03 7.0000000000e+00 4.0000000000e+00
0.0000000000e+00 5.1600000000e+02 4.9160000000e+03 4.7949366667e+03 9.0000000000e+00 3.0000000000e+00
0.0000000000e+00 5.1700000000e+02 3.2390000000e+03 3.1654350000e+03 5.0000000000e+00 2.0000000000e+00
0.0000000000e+00 5.1800000000e+02 3.2620000000e+03 3.1843516667e+03 9.0000000000e+00 2.0000000000e+00
0.0000000000e+00 5.1900000000e+02 3.2590000000e+03 3.1633500000e+03 6.0000000000e+00 2.0000000000e+00
0.0000000000e+00 5.2000000000e+02 3.2720000000e+03 3.2195550000e+03 2.0000000000e+00 2.0000000000e+00
0.0000000000e+00 5.2100000000e+02 3.2710000000e+03 3.1566950000e+03 8.0000000000e+00 2.0000000000e+00
0.0000000000e+00 5.2200000000e+02 5.2660000000e+03 5.2202133333e+03 7.0000000000e+00 3.0000000000e+00
0.0000000000e+00 5.2300000000e+02 4.9180000000e+03 4.7934783333e+03 1.0000000000e+01 3.0000000000e+00
0.0000000000e+00 5.2400000000e+02 4.9010000000e+03 4.7554716667e+03 1.2000000000e+01 3.0000000000e+00
0.0000000000e+00 5.2500000000e+02 3.2500000000e+03 3.1624716667e+03 4.0000000000e+00 2.0000000000e+00
0.0000000000e+00 5.2600000000e+02 2.2934000000e+04 2.2476393333e+04 3.1000000000e+01 1.4000000000e+01
0.0000000000e+00 5.2700000000e+02 8.2150000000e+03 8.0773200000e+03 9.0000000000e+00 5.0000000000e+00
0.0000000000e+00 5.2800000000e+02 3.2450000000e+03 3.1607250000e+03 7.0000000000e+00 2.0000000000e+00
0.0000000000e+00 5.2900000000e+02 3.3460000000e+03 3.2926000000e+03 3.0000000000e+00 2.0000000000e+00
0.0000000000e+00 5.3000000000e+02 4.8920000000e+03 4.7989300000e+03 6.0000000000e+00 3.0000000000e+00
0.0000000000e+00 5.3100000000e+02 8.1200000000e+03 7.9092283333e+03 1.4000000000e+01 5.0000000000e+00
0.0000000000e+00 5.3200000000e+02 4.9440000000e+03 4.7741650000e+03 1.0000000000e+01 3.0000000000e+00
0.0000000000e+00 5.3300000000e+02 4.8680000000e+03 4.7362900000e+03 4.0000000000e+00 3.0000000000e+00
0.0000000000e+00 5.3400000000e+02 4.9330000000e+03 4.7585133333e+03 9.0000000000e+00 3.0000000000e+00
0.0000000000e+00 5.3500000000e+02 3.2430000000e+03 3.1577283333e+03 7.0000000000e+00 2.0000000000e+00
0.0000000000e+00 5.3600000000e+02 3.5990000000e+03 3.6300116667e+03 2.0000000000e+00 2.0000000000e+00
0.0000000000e+00 5.3700000000e+02 3.2490000000e+03 3.2081350000e+03 3.0000000000e+00 2.0000000000e+00
0.0000000000e+00 5.3800000000e+02 3.2660000000e+03 3.1682283333e+03 9.0000000000e+00 2.0000000000e+00
0.0000000000e+00 5.3900000000e+02 4.9420000000e+03 4.8415416667e+03 3.0000000000e+00 3.0000000000e+00
0.0000000000e+00 5.4000000000e+02 8.1950000000e+03 8.0095250000e+03 1.5000000000e+01 5.0000000000e+00
0.0000000000e+00 5.4100000000e+02 3.4950000000e+03 3.4519883333e+03 4.0000000000e+00 2.0000000000e+00
0.0000000000e+00 5.4200000000e+02 3.2550000000e+03 3.1558316667e+03 1.0000000000e+01 2.0000000000e+00
0.0000000000e+00 5.4300000000e+02 3.2530000000e+03 3.2141150000e+03 4.0000000000e+00 2.0000000000e+00
0.0000000000e+00 5.4400000000e+02 4.8990000000e+03 4.7596050000e+03 1.0000000000e+01 3.0000000000e+00
0.0000000000e+00 5.4500000000e+02 4.8770000000e+03 4.7407700000e+03 1.0000000000e+01 3.0000000000e+00
0.0000000000e+00 5.4600000000e+02 4.9000000000e+03 4.8352583333e+03 7.0000000000e+00 3.0000000000e+00
0.0000000000e+00 5.4700000000e+02 3.3140000000e+03 3.2888233333e+03 5.0000000000e+00 2.0000000000e+00
0.0000000000e+00 5.4800000000e+02 9.7580000000e+03 9.4517400000e+03 1.7000000000e+01 6.0000000000e+00
0.0000000000e+00 5.4900000000e+02 4.8620000000e+03 4.7408033333e+03 1.3000000000e+01 3.0000000000e+00
0.0000000000e+00 5.5000000000e+02 3.2870000000e+03 3.2249566667e+03 4.0000000000e+00 2.0000000000e+00
0.0000000000e+00 5.5100000000e+02 6.6270000000e+03 6.5051750000e+03 1.2000000000e+01 4.0000000000e+00
0.0000000000e+00 5.5200000000e+02 1.1650000000e+04 1.1306538333e+04 1.6000000000e+01 7.0000000000e+00
0.0000000000e+00 5.5300000000e+02 3.8060000000e+03 3.7930233333e+03 3.0000000000e+00 2.0000000000e+00
0.0000000000e+00 5.5400000000e+02 4.8690000000e+03 4.7628050000e+03 8.0000000000e+00 3.0000000000e+00
0.0000000000e+00 5.5500000000e+02 3.2930000000e+03 3.2211616667e+03 2.0000000000e+00 2.0000000000e+00
0.0000000000e+00 5.5600000000e+02 4.8820000000e+03 4.7274350000e+03 1.1000000000e+01 3.0000000000e+00
0.0000000000e+00 5.5700000000e+02 5.0630000000e+03 5.0279483333e+03 6.0000000000e+00 3.0000000000e+00
0.0000000000e+00 5.5800000000e+02 6.6490000000e+03 6.5236900000e+03 1.5000000000e+01 4.0000000000e+00
0.0000000000e+00 5.5900000000e+02 6.6040000000e+03 6.4849533333e+03 7.0000000000e+00 4.0000000000e+00
0.0000000000e+00 5.6000000000e+02 4.8780000000e+03 4.7228116667e+03 7.0000000000e+00 3.0000000000e+00
0.0000000000e+00 5.6100000000e+02 3.2510000000e+03 3.1486333333e+03 7.0000000000e+00 2.0000000000e+00
0.0000000000e+00 5.6200000000e+02 8.1350000000e+03 7.9291566667e+03 1.5000000000e+01 5.0000000000e+00
0.0000000000e+00 5.6300000000e+02 9.8420000000e+03 9.6171366667e+03 1.7000000000e+01 6.0000000000e+00
0.0000000000e+00 5.6400000000e+02 3.2710000000e+03 3.2089933333e+03 4.0000000000e+00 2.0000000000e+00
0.0000000000e+00 5.6500000000e+02 3.2670000000e+03 3.2168200000e+03 6.0000000000e+00 2.0000000000e+00
0.0000000000e+00 5.6600000000e+02 3.2590000000e+03 3.1630566667e+03 8.0000000000e+00 2.0000000000e+00
0.0000000000e+00 5.6700000000e+02 8.1230000000e+03 7.8782366667e+03 1.8000000000e+01 5.0000000000e+00
0.0000000000e+00 5.6800000000e+02 3.2390000000e+03 3.1461216667e+03 4.0000000000e+00 2.0000000000e+00
0.0000000000e+00 5.6900000000e+02 8.4280000000e+03 8.2735450000e+03 1.2000000000e+01 5.0000000000e+00
0.0000000000e+00 5.7000000000e+02 3.2410000000e+03 3.1531850000e+03 8.0000000000e+00 2.0000000000e+00
0.0000000000e+00 5.7100000000e+02 6.4830000000e+03 6.3059050000e+03 9.0000000000e+00 4.0000000000e+00
0.0000000000e+00 5.7200000000e+02 4.9690000000e+03 4.8586533333e+03 1.3000000000e+01 3.0000000000e+00
0.0000000000e+00 5.7300000000e+02 4.8720000000e+03 4.7544700000e+03 8.0000000000e+00 3.0000000000e+00
0.0000000000e+00 5.7400000000e+02 4.9920000000e+03 4.9844316667e+03 6.0000000000e+00 3.0000000000e+00
0.0000000000e+00 5.7500000000e+02 6.6440000000e+03 6.4944266667e+03 8.0000000000e+00 4.0000000000e+00
0.0000000000e+00 5.7600000000e+02 3.2540000000e+03 3.1900216667e+03 8.0000000000e+00 2.0000000000e+00
0.0000000000e+00 5.7700000000e+02 3.3030000000e+03 3.2608433333e+03 3.0000000000e+00 2.0000000000e+00
0.0000000000e+00 5.7800000000e+02 5.1750000000e+03 5.1200950000e+03 4.0000000000e+00 3.0000000000e+00
0.0000000000e+00 5.7900000000e+02 3.2720000000e+03 3.1950050000e+03 5.0000000000e+00 2.0000000000e+00
0.0000000000e+00 5.8000000000e+02 6.7850000000e+03 6.5978250000e+03 1.2000000000e+01 4.0000000000e+00
0.0000000000e+00 5.8100000000e+02 3.2720000000e+03 3.1646466667e+03 4.0000000000e+00 2.0000000000e+00
0.0000000000e+00 5.8200000000e+02 4.8550000000e+03 4.7864050000e+03 7.0000000000e+00 3.0000000000e+00
0.0000000000e+00 5.8300000000e+02 6.5120000000e+03 6.3976316667e+03 1.3000000000e+01 4.0000000000e+00
0.0000000000e+00 5.8400000000e+02 3.2920000000e+03 3.1458466667e+03 4.0000000000e+00 2.0000000000e+00
0.0000000000e+00 5.8500000000e+02 3.2350000000e+03 3.1711116667e+03 8.0000000000e+00 2.0000000000e+00
0.0000000000e+00 5.8600000000e+02 3.2590000000e+03 3.1869033333e+03 3.0000000000e+00 2.0000000000e+00
0.0000000000e+00 5.8700000000e+02 3.2460000000e+03 3.2005850000e+03 5.0000000000e+00 2.0000000000e+00
0.0000000000e+00 5.8800000000e+02 3.2680000000e+03 3.2131783333e+03 5.0000000000e+00 2.0000000000e+00
0.0000000000e+00 5.8900000000e+02 3.2730000000e+03 3.1721016667e+03 8.0000000000e+00 2.0000000000e+00
