0.0000000000e+00 -1.0000000000e+00 1.1400000000e+02 1.1232281250e+04 9.8528782895e+01 3.0000000000e+00 1.7000000000e+02 2.5400000000e+02 2.1500000000e+02 1.9241454787e+00 2.0730808418e+00
0.0000000000e+00 0.0000000000e+00 1.7000000000e+01 1.6729375000e+03 9.8408088235e+01 4.3000000000e+01 9.5000000000e+01 5.1000000000e+01 9.1000000000e+01 1.2741327504e+00 2.5251902373e+00
0.0000000000e+00 1.0000000000e+00 2.0000000000e+00 1.9706250000e+02 9.8531250000e+01 4.5000000000e+01 1.9400000000e+02 4.6000000000e+01 1.9000000000e+02 0.0000000000e+00 2.8284271247e+00
0.0000000000e+00 2.0000000000e+00 2.0000000000e+00 1.9715625000e+02 9.8578125000e+01 5.5000000000e+01 1.1000000000e+02 6.1000000000e+01 1.0900000000e+02 0.0000000000e+00 2.8284271247e+00
0.0000000000e+00 3.0000000000e+00 2.0000000000e+00 1.9692187500e+02 9.8460937500e+01 7.3000000000e+01 1.7900000000e+02 7.4000000000e+01 1.7300000000e+02 0.0000000000e+00 2.8284271247e+00
0.0000000000e+00 4.0000000000e+00 4.0000000000e+00 3.9520312500e+02 9.8800781250e+01 8.5000000000e+01 9.0000000000e+01 9.0000000000e+01 8.9000000000e+01 1.3859406557e+00 2.4655969863e+00
0.0000000000e+00 5.0000000000e+00 2.0000000000e+00 1.9732812500e+02 9.8664062500e+01 8.8000000000e+01 1.3000000000e+02 9.2000000000e+01 1.2800000000e+02 0.0000000000e+00 2.8284271247e+00
0.0000000000e+00 6.0000000000e+00 2.0000000000e+00 1.9729687500e+02 9.8648437500e+01 1.0400000000e+02 7.0000000000e+01 1.0500000000e+02 7.1000000000e+01 2.8284271247e+00 0.0000000000e+00
0.0000000000e+00 7.0000000000e+00 3.0000000000e+00 2.9482812500e+02 9.8276041667e+01 1.0800000000e+02 1.5300000000e+02 1.1400000000e+02 1.5300000000e+02 1.4142135624e+00 2.4494897428e+00
0.0000000000e+00 8.0000000000e+00 2.0000000000e+00 1.9640625000e+02 9.8203125000e+01 1.6100000000e+02 8.0000000000e+00 1.6700000000e+02 5.0000000000e+00 0.0000000000e+00 2.8284271247e+00
0.0000000000e+00 9.0000000000e+00 2.0000000000e+00 1.9679687500e+02 9.8398437500e+01 1.6300000000e+02 1.1100000000e+02 1.6300000000e+02 1.1200000000e+02 -1.0000000000e+00 -1.0000000000e+00
0.0000000000e+00 1.0000000000e+01 2.0000000000e+00 1.9643750000e+02 9.8218750000e+01 1.6300000000e+02 1.7400000000e+02 1.6600000000e+02 1.7200000000e+02 0.0000000000e+00 2.8284271247e+00
0.0000000000e+00 1.1000000000e+01 1.1000000000e+01 1.0838593750e+03 9.8532670455e+01 1.9200000000e+02 1.4300000000e+02 1.9500000000e+02 1.4400000000e+02 1.9619012727e+00 2.0373864131e+00
0.0000000000e+00 1.2000000000e+01 1.3000000000e+01 1.2826562500e+03 9.8665865385e+01 2.0100000000e+02 1.1200000000e+02 2.0500000000e+02 1.1900000000e+02 2.4041922793e+00 1.4899192878e+00
0.0000000000e+00 1.3000000000e+01 3.0000000000e+00 3.0126562500e+02 1.0042187500e+02 2.0100000000e+02 2.0700000000e+02 2.0400000000e+02 2.0400000000e+02 1.5052508299e+00 2.3946231309e+00
0.0000000000e+00 1.4000000000e+01 2.0000000000e+00 1.9731250000e+02 9.8656250000e+01 2.0600000000e+02 1.6700000000e+02 2.0900000000e+02 1.7000000000e+02 2.8284271247e+00 0.0000000000e+00
0.0000000000e+00 1.5000000000e+01 2.0000000000e+00 1.9692187500e+02 9.8460937500e+01 2.1300000000e+02 9.5000000000e+01 2.1400000000e+02 8.9000000000e+01 0.0000000000e+00 2.8284271247e+00
1.0000000000e+00 -1.0000000000e+00 1.1800000000e+02 1.1611734375e+04 9.8404528602e+01 3.0000000000e+00 1.7000000000e+02 2.5400000000e+02 2.1500000000e+02 1.9157695989e+00 2.0808235975e+00
1.0000000000e+00 0.0000000000e+00 2.0000000000e+00 1.9709375000e+02 9.8546875000e+01 4.5000000000e+01 1.9400000000e+02 4.6000000000e+01 1.9000000000e+02 0.0000000000e+00 2.8284271247e+00
1.0000000000e+00 1.0000000000e+00 2.0000000000e+00 1.9684375000e+02 9.8421875000e+01 4.5000000000e+01 2.0100000000e+02 4.9000000000e+01 2.0300000000e+02 2.8284271247e+00 0.0000000000e+00
1.0000000000e+00 2.0000000000e+00 1.3000000000e+01 1.2991718750e+03 9.9936298077e+01 5.6000000000e+01 5.4000000000e+01 5.9000000000e+01 5.6000000000e+01 2.2278096633e+00 1.7426600656e+00
1.0000000000e+00 3.0000000000e+00 2.7000000000e+01 2.6664531250e+03 9.8757523148e+01 6.5000000000e+01 3.9000000000e+01 8.8000000000e+01 3.0000000000e+01 4.7088836684e-01 2.7889539519e+00
1.0000000000e+00 4.0000000000e+00 1.5000000000e+01 1.4794843750e+03 9.8632291667e+01 7.2000000000e+01 7.9000000000e+01 7.8000000000e+01 7.7000000000e+01 1.7624142539e+00 2.2122151789e+00
1.0000000000e+00 5.0000000000e+00 4.0000000000e+00 3.9475000000e+02 9.8687500000e+01 8.5000000000e+01 9.0000000000e+01 9.0000000000e+01 8.9000000000e+01 1.3859406557e+00 2.4655969863e+00
1.0000000000e+00 6.0000000000e+00 1.3000000000e+01 1.2811562500e+03 9.8550480769e+01 1.0200000000e+02 1.6800000000e+02 1.0500000000e+02 1.6900000000e+02 1.8343134635e+00 2.1529733202e+00
1.0000000000e+00 7.0000000000e+00 2.0000000000e+00 1.9748437500e+02 9.8742187500e+01 1.0400000000e+02 7.0000000000e+01 1.0500000000e+02 7.1000000000e+01 2.8284271247e+00 0.0000000000e+00
1.0000000000e+00 8.0000000000e+00 3.0000000000e+00 2.9671875000e+02 9.8906250000e+01 1.0800000000e+02 1.5300000000e+02 1.1400000000e+02 1.5300000000e+02 1.4142135624e+00 2.4494897428e+00
1.0000000000e+00 9.0000000000e+00 1.2000000000e+01 1.1822812500e+03 9.8523437500e+01 1.3900000000e+02 1.2200000000e+02 1.4200000000e+02 1.2300000000e+02 2.0000000000e+00 2.0000000000e+00
1.0000000000e+00 1.0000000000e+01 8.3000000000e+01 8.1699375000e+03 9.8432981928e+01 1.5500000000e+02 9.9000000000e+01 1.8800000000e+02 1.1500000000e+02 2.6704676371e+00 9.3198851885e-01
1.0000000000e+00 1.1000000000e+01 1.6000000000e+01 1.5779218750e+03 9.8620117188e+01 1.6000000000e+02 1.4400000000e+02 1.6400000000e+02 1.4500000000e+02 1.9320207658e+00 2.0657433918e+00
1.0000000000e+00 1.2000000000e+01 3.0000000000e+00 2.9931250000e+02 9.9770833333e+01 1.6300000000e+02 1.7400000000e+02 1.6700000000e+02 1.6700000000e+02 7.3205080757e-01 2.7320508076e+00
1.0000000000e+00 1.3000000000e+01 1.5000000000e+01 1.4756718750e+03 9.8378125000e+01 1.9700000000e+02 7.4000000000e+01 2.0100000000e+02 7.9000000000e+01 2.3292100123e+00 1.6046123266e+00
1.0000000000e+00 1.4000000000e+01 1.3000000000e+01 1.2814218750e+03 9.8570913462e+01 2.0800000000e+02 7.1000000000e+01 2.1100000000e+02 7.2000000000e+01 2.1106727673e+00 1.8828330965e+00
1.0000000000e+00 1.5000000000e+01 1.3000000000e+01 1.2811875000e+03 9.8552884615e+01 2.0800000000e+02 1.4800000000e+02 2.1100000000e+02 1.4900000000e+02 1.8343134635e+00 2.1529733202e+00
1.0000000000e+00 1.6000000000e+01 1.3000000000e+01 1.2816250000e+03 9.8586538462e+01 2.0900000000e+02 1.7000000000e+02 2.1200000000e+02 1.7100000000e+02 1.8343134635e+00 2.1529733202e+00
2.0000000000e+00 -1.0000000000e+00 7.0000000000e+00 7.0279687500e+02 1.0039955357e+02 1.0000000000e+01 2.4600000000e+02 2.5400000000e+02 2.1500000000e+02 1.5377662940e+00 2.3738733801e+00
2.0000000000e+00 0.0000000000e+00 5.5237000000e+04 6.4871550938e+06 1.1744220529e+02 0.0000000000e+00 1.3000000000e+01 2.5500000000e+02 1.8800000000e+02 2.0219707079e+00 1.9777852402e+00
2.0000000000e+00 1.0000000000e+00 2.0000000000e+00 2.0151562500e+02 1.0075781250e+02 1.9800000000e+02 2.4100000000e+02 2.0000000000e+02 2.4000000000e+02 0.0000000000e+00 2.8284271247e+00
