4.0000000000e+00 -1.0000000000e+00 1.7000000000e+01 1.2183750000e+02 7.1669117647e+00 0.0000000000e+00 3.5100000000e+02 5.0900000000e+02 1.3400000000e+02 1.3679490802e+00 2.4756242271e+00 -5.3217882850e-01
1.0000000000e+01 -1.0000000000e+00 2.2000000000e+01 1.7039281250e+02 7.7451278409e+00 0.0000000000e+00 3.5700000000e+02 5.0200000000e+02 4.0300000000e+02 1.8949076545e+00 2.0998392751e+00 -1.0233124526e-01
1.1000000000e+01 -1.0000000000e+00 1.5000000000e+01 1.2407187500e+02 8.2714583333e+00 0.0000000000e+00 3.3800000000e+02 5.0900000000e+02 3.7800000000e+02 1.8034652774e+00 2.1788788386e+00 -1.8687824830e-01
1.4000000000e+01 -1.0000000000e+00 1.6000000000e+01 1.2139750000e+02 7.5873437500e+00 0.0000000000e+00 1.7300000000e+02 5.0600000000e+02 3.6300000000e+02 2.2496493066e+00 1.7143739374e+00 2.6523050066e-01
2.0000000000e+01 -1.0000000000e+00 1.5000000000e+01 1.1700375000e+02 7.8002500000e+00 0.0000000000e+00 3.1400000000e+02 5.1100000000e+02 4.5000000000e+02 1.9885240481e+00 2.0114104778e+00 -1.1443027527e-02
2.4000000000e+01 -1.0000000000e+00 1.0000000000e+01 7.6740000000e+01 7.6740000000e+00 0.0000000000e+00 4.5000000000e+02 4.9200000000e+02 3.6900000000e+02 1.9720367815e+00 2.0275776021e+00 -2.7767733095e-02
2.7000000000e+01 -1.0000000000e+00 1.6000000000e+01 1.2243843750e+02 7.6524023437e+00 6.0000000000e+00 3.9100000000e+02 5.1100000000e+02 4.6000000000e+02 2.1207335927e+00 1.8714937961e+00 1.2437774275e-01
2.9000000000e+01 -1.0000000000e+00 1.9000000000e+01 1.4495250000e+02 7.6290789474e+00 1.4000000000e+01 4.9400000000e+02 5.1000000000e+02 1.1600000000e+02 1.9220777930e+00 2.0749980621e+00 -7.6404239451e-02
5.1000000000e+01 -1.0000000000e+00 1.5000000000e+01 1.0758406250e+02 7.1722708333e+00 4.0000000000e+00 4.8700000000e+02 5.1100000000e+02 4.3700000000e+02 1.3549764701e+00 2.4827482284e+00 -5.4100969140e-01
7.2000000000e+01 -1.0000000000e+00 1.9000000000e+01 1.4534062500e+02 7.6495065789e+00 0.0000000000e+00 3.8100000000e+02 5.0100000000e+02 1.4500000000e+02 1.7218230827e+00 2.2439530458e+00 -2.5883131794e-01
1.0000000000e+02 -1.0000000000e+00 1.0000000000e+01 7.2095937500e+01 7.2095937500e+00 9.0000000000e+00 5.0500000000e+02 4.9500000000e+02 3.1200000000e+02 1.8632279670e+00 2.1279994227e+00 -1.3209538579e-01
1.2700000000e+02 -1.0000000000e+00 7.0000000000e+00 5.4651250000e+01 7.8073214286e+00 1.0000000000e+00 1.6800000000e+02 4.7800000000e+02 4.1600000000e+02 2.3130212226e+00 1.6278614265e+00 3.3751679403e-01
1.4400000000e+02 -1.0000000000e+00 9.0000000000e+00 6.5757812500e+01 7.3064236111e+00 0.0000000000e+00 4.3600000000e+02 3.9400000000e+02 2.0600000000e+02 1.5330686073e+00 2.3769098942e+00 -4.1242516132e-01
1.5100000000e+02 -1.0000000000e+00 1.2000000000e+01 8.6856875000e+01 7.2380729167e+00 0.0000000000e+00 2.1000000000e+01 5.0600000000e+02 2.0500000000e+02 2.1864079980e+00 1.7943299770e+00 1.9509498345e-01
1.5400000000e+02 -1.0000000000e+00 1.2000000000e+01 8.3057500000e+01 6.9214583333e+00 5.0000000000e+01 3.5800000000e+02 5.0800000000e+02 3.8800000000e+02 1.9760404948e+00 2.0236758542e+00 -2.3815990695e-02
1.5600000000e+02 -1.0000000000e+00 1.4000000000e+01 1.0033437500e+02 7.1667410714e+00 3.5000000000e+01 9.9000000000e+01 4.2000000000e+02 5.1100000000e+02 2.2483081147e+00 1.7161324604e+00 2.6372234461e-01
1.5800000000e+02 -1.0000000000e+00 1.4000000000e+01 1.1080312500e+02 7.9145089286e+00 1.4000000000e+01 1.5800000000e+02 5.1100000000e+02 4.6300000000e+02 2.1328102782e+00 1.8577191168e+00 1.3721992073e-01
1.7600000000e+02 -1.0000000000e+00 1.4000000000e+01 1.0355218750e+02 7.3965848214e+00 3.0000000000e+00 4.6400000000e+02 5.0900000000e+02 4.6700000000e+02 2.1057579567e+00 1.8883282097e+00 1.0855414309e-01
